id,type,urgency,status,assigned_machine,arrival_time,execution_time,energy_usage,start_time,completion_time,missed_time,deadline,extended_deadline
0,T5,BESTEFFORT,COMPLETED,m8-1,0.181,"{'m1-1': 160.5, 'm2-1': 26.89, 'm3-1': 24.95, 'm4-1': 27.07, 'm5-1': 23.75, 'm6-1': 96.88, 'm7-1': 11.06, 'm8-1': 1.02}",1.53,0.181,1.201,inf,110.181,110.181
1,T9,BESTEFFORT,COMPLETED,m8-1,1.412,"{'m1-1': 163.01, 'm2-1': 29.5, 'm3-1': 27.92, 'm4-1': 26.77, 'm5-1': 25.73, 'm6-1': 103.45, 'm7-1': 10.85, 'm8-1': 0.95}",1.4249999999999998,1.412,2.362,inf,111.412,111.412
2,T8,BESTEFFORT,COMPLETED,m8-1,1.791,"{'m1-1': 158.07, 'm2-1': 27.08, 'm3-1': 27.73, 'm4-1': 27.0, 'm5-1': 26.5, 'm6-1': 114.55, 'm7-1': 10.34, 'm8-1': 1.15}",1.7249999999999999,2.362,3.512,inf,111.791,111.791
3,T5,BESTEFFORT,COMPLETED,m8-1,2.181,"{'m1-1': 149.99, 'm2-1': 24.79, 'm3-1': 28.78, 'm4-1': 25.86, 'm5-1': 27.26, 'm6-1': 113.2, 'm7-1': 9.66, 'm8-1': 1.11}",1.665,3.512,4.622,inf,112.181,112.181
4,T1,BESTEFFORT,COMPLETED,m8-1,2.286,"{'m1-1': 144.22, 'm2-1': 26.1, 'm3-1': 27.2, 'm4-1': 26.24, 'm5-1': 24.33, 'm6-1': 98.51, 'm7-1': 10.16, 'm8-1': 1.03}",1.545,4.622,5.652,inf,112.286,112.286
5,T1,BESTEFFORT,COMPLETED,m8-1,2.381,"{'m1-1': 164.68, 'm2-1': 26.81, 'm3-1': 25.32, 'm4-1': 23.3, 'm5-1': 24.55, 'm6-1': 96.87, 'm7-1': 10.59, 'm8-1': 1.03}",1.545,5.652,6.682,inf,112.381,112.381
6,T2,BESTEFFORT,COMPLETED,m7-1,2.937,"{'m1-1': 162.16, 'm2-1': 26.31, 'm3-1': 27.63, 'm4-1': 23.43, 'm5-1': 24.92, 'm6-1': 107.83, 'm7-1': 11.24, 'm8-1': 1.12}",16.86,2.937,14.177,inf,112.937,112.937
7,T1,BESTEFFORT,COMPLETED,m7-1,3.234,"{'m1-1': 165.37, 'm2-1': 27.65, 'm3-1': 27.3, 'm4-1': 25.24, 'm5-1': 26.26, 'm6-1': 106.78, 'm7-1': 10.35, 'm8-1': 1.06}",15.524999999999999,14.177,24.527,inf,113.234,113.234
8,T3,BESTEFFORT,COMPLETED,m8-1,4.396,"{'m1-1': 165.3, 'm2-1': 25.3, 'm3-1': 29.0, 'm4-1': 28.29, 'm5-1': 27.63, 'm6-1': 111.01, 'm7-1': 10.56, 'm8-1': 1.11}",1.665,6.682,7.792000000000001,inf,114.396,114.396
9,T7,BESTEFFORT,COMPLETED,m8-1,5.143,"{'m1-1': 163.99, 'm2-1': 28.11, 'm3-1': 26.27, 'm4-1': 24.39, 'm5-1': 24.98, 'm6-1': 101.03, 'm7-1': 10.38, 'm8-1': 1.06}",1.59,7.792000000000001,8.852,inf,115.143,115.143
10,T9,BESTEFFORT,COMPLETED,m8-1,6.455,"{'m1-1': 170.42, 'm2-1': 28.96, 'm3-1': 26.73, 'm4-1': 23.76, 'm5-1': 27.86, 'm6-1': 106.63, 'm7-1': 10.2, 'm8-1': 1.03}",1.545,8.852,9.882,inf,116.455,116.455
11,T6,BESTEFFORT,COMPLETED,m8-1,9.484,"{'m1-1': 168.78, 'm2-1': 28.93, 'm3-1': 23.52, 'm4-1': 29.07, 'm5-1': 24.7, 'm6-1': 113.97, 'm7-1': 9.97, 'm8-1': 1.15}",1.7249999999999999,9.882,11.032,inf,119.484,119.484
12,T8,BESTEFFORT,COMPLETED,m8-1,10.025,"{'m1-1': 166.68, 'm2-1': 23.3, 'm3-1': 27.93, 'm4-1': 23.74, 'm5-1': 29.24, 'm6-1': 109.1, 'm7-1': 10.97, 'm8-1': 1.06}",1.59,11.032,12.092,inf,120.025,120.025
13,T9,BESTEFFORT,COMPLETED,m8-1,13.012,"{'m1-1': 165.62, 'm2-1': 26.97, 'm3-1': 25.53, 'm4-1': 24.44, 'm5-1': 27.01, 'm6-1': 105.08, 'm7-1': 11.45, 'm8-1': 1.11}",1.665,13.012,14.122,inf,123.012,123.012
14,T8,BESTEFFORT,COMPLETED,m8-1,13.61,"{'m1-1': 155.4, 'm2-1': 25.56, 'm3-1': 25.65, 'm4-1': 27.02, 'm5-1': 29.47, 'm6-1': 103.76, 'm7-1': 10.31, 'm8-1': 1.0}",1.5,14.122,15.122,inf,123.61,123.61
15,T3,BESTEFFORT,COMPLETED,m8-1,13.847,"{'m1-1': 154.06, 'm2-1': 28.0, 'm3-1': 26.95, 'm4-1': 24.57, 'm5-1': 27.71, 'm6-1': 107.39, 'm7-1': 10.27, 'm8-1': 1.08}",1.62,15.122,16.201999999999998,inf,123.847,123.847
16,T7,BESTEFFORT,COMPLETED,m8-1,14.288,"{'m1-1': 163.18, 'm2-1': 28.06, 'm3-1': 27.32, 'm4-1': 26.02, 'm5-1': 25.16, 'm6-1': 105.12, 'm7-1': 10.41, 'm8-1': 1.0}",1.5,16.201999999999998,17.201999999999998,inf,124.288,124.288
17,T1,BESTEFFORT,COMPLETED,m8-1,16.31,"{'m1-1': 145.38, 'm2-1': 24.56, 'm3-1': 25.69, 'm4-1': 23.41, 'm5-1': 26.25, 'm6-1': 106.84, 'm7-1': 11.03, 'm8-1': 1.16}",1.7399999999999998,17.201999999999998,18.362,inf,126.31,126.31
18,T5,BESTEFFORT,COMPLETED,m8-1,16.392,"{'m1-1': 147.87, 'm2-1': 25.66, 'm3-1': 27.54, 'm4-1': 27.77, 'm5-1': 27.34, 'm6-1': 101.56, 'm7-1': 11.01, 'm8-1': 1.08}",1.62,18.362,19.442,inf,126.392,126.392
19,T7,BESTEFFORT,COMPLETED,m8-1,18.089,"{'m1-1': 165.34, 'm2-1': 25.83, 'm3-1': 25.1, 'm4-1': 26.52, 'm5-1': 26.16, 'm6-1': 111.08, 'm7-1': 10.18, 'm8-1': 1.03}",1.545,19.442,20.472,inf,128.089,128.089
20,T8,BESTEFFORT,COMPLETED,m8-1,19.325,"{'m1-1': 157.55, 'm2-1': 23.67, 'm3-1': 25.48, 'm4-1': 26.27, 'm5-1': 26.47, 'm6-1': 104.81, 'm7-1': 10.75, 'm8-1': 1.14}",1.71,20.472,21.612000000000002,inf,129.325,129.325
21,T4,BESTEFFORT,COMPLETED,m8-1,20.151,"{'m1-1': 152.44, 'm2-1': 26.65, 'm3-1': 25.52, 'm4-1': 24.25, 'm5-1': 27.16, 'm6-1': 102.22, 'm7-1': 11.03, 'm8-1': 1.08}",1.62,21.612000000000002,22.692,inf,130.151,130.151
22,T9,BESTEFFORT,COMPLETED,m8-1,20.289,"{'m1-1': 162.83, 'm2-1': 28.72, 'm3-1': 26.28, 'm4-1': 26.7, 'm5-1': 25.76, 'm6-1': 112.44, 'm7-1': 9.88, 'm8-1': 1.1}",1.6500000000000001,22.692,23.792,inf,130.289,130.289
23,T3,BESTEFFORT,COMPLETED,m8-1,20.573,"{'m1-1': 163.97, 'm2-1': 28.97, 'm3-1': 28.68, 'm4-1': 26.76, 'm5-1': 26.02, 'm6-1': 105.14, 'm7-1': 10.68, 'm8-1': 1.05}",1.5750000000000002,23.792,24.842000000000002,inf,130.573,130.573
24,T10,BESTEFFORT,COMPLETED,m7-1,21.075,"{'m1-1': 155.88, 'm2-1': 26.94, 'm3-1': 26.11, 'm4-1': 24.0, 'm5-1': 25.85, 'm6-1': 101.16, 'm7-1': 11.47, 'm8-1': 1.02}",17.205000000000002,24.527,35.997,inf,131.075,131.075
25,T7,BESTEFFORT,COMPLETED,m7-1,21.486,"{'m1-1': 153.56, 'm2-1': 27.6, 'm3-1': 24.65, 'm4-1': 26.34, 'm5-1': 26.32, 'm6-1': 110.88, 'm7-1': 9.68, 'm8-1': 0.98}",14.52,35.997,45.677,inf,131.486,131.486
26,T10,BESTEFFORT,COMPLETED,m8-1,24.039,"{'m1-1': 156.18, 'm2-1': 24.11, 'm3-1': 27.54, 'm4-1': 25.37, 'm5-1': 26.23, 'm6-1': 100.78, 'm7-1': 9.98, 'm8-1': 1.04}",1.56,24.842000000000002,25.882,inf,134.039,134.039
27,T1,BESTEFFORT,COMPLETED,m8-1,24.602,"{'m1-1': 153.66, 'm2-1': 25.49, 'm3-1': 28.6, 'm4-1': 23.12, 'm5-1': 26.74, 'm6-1': 96.36, 'm7-1': 10.66, 'm8-1': 1.14}",1.71,25.882,27.022000000000002,inf,134.602,134.602
28,T3,BESTEFFORT,COMPLETED,m8-1,25.194,"{'m1-1': 166.07, 'm2-1': 29.05, 'm3-1': 25.66, 'm4-1': 25.8, 'm5-1': 27.26, 'm6-1': 110.28, 'm7-1': 9.89, 'm8-1': 1.1}",1.6500000000000001,27.022000000000002,28.122000000000003,inf,135.194,135.194
29,T10,BESTEFFORT,COMPLETED,m8-1,25.642,"{'m1-1': 150.78, 'm2-1': 23.96, 'm3-1': 25.01, 'm4-1': 25.04, 'm5-1': 23.49, 'm6-1': 95.1, 'm7-1': 10.0, 'm8-1': 1.07}",1.605,28.122000000000003,29.192000000000004,inf,135.642,135.642
30,T1,BESTEFFORT,COMPLETED,m8-1,27.725,"{'m1-1': 166.58, 'm2-1': 28.49, 'm3-1': 25.24, 'm4-1': 23.36, 'm5-1': 27.18, 'm6-1': 108.28, 'm7-1': 9.93, 'm8-1': 1.07}",1.605,29.192000000000004,30.262000000000004,inf,137.725,137.725
31,T9,BESTEFFORT,COMPLETED,m8-1,29.052,"{'m1-1': 150.3, 'm2-1': 25.02, 'm3-1': 24.89, 'm4-1': 24.01, 'm5-1': 25.29, 'm6-1': 107.75, 'm7-1': 10.44, 'm8-1': 1.09}",1.6350000000000002,30.262000000000004,31.352000000000004,inf,139.052,139.052
32,T3,BESTEFFORT,COMPLETED,m8-1,30.631,"{'m1-1': 166.89, 'm2-1': 26.72, 'm3-1': 28.9, 'm4-1': 24.03, 'm5-1': 27.82, 'm6-1': 96.12, 'm7-1': 9.54, 'm8-1': 1.11}",1.665,31.352000000000004,32.462,inf,140.631,140.631
33,T7,BESTEFFORT,COMPLETED,m8-1,31.086,"{'m1-1': 175.28, 'm2-1': 26.98, 'm3-1': 26.17, 'm4-1': 25.44, 'm5-1': 27.33, 'm6-1': 102.0, 'm7-1': 11.29, 'm8-1': 1.03}",1.545,32.462,33.492000000000004,inf,141.086,141.086
34,T8,BESTEFFORT,COMPLETED,m8-1,31.256,"{'m1-1': 154.24, 'm2-1': 26.74, 'm3-1': 28.34, 'm4-1': 24.69, 'm5-1': 26.54, 'm6-1': 109.6, 'm7-1': 10.5, 'm8-1': 1.1}",1.6500000000000001,33.492000000000004,34.592000000000006,inf,141.256,141.256
35,T3,BESTEFFORT,COMPLETED,m8-1,32.864,"{'m1-1': 157.0, 'm2-1': 28.74, 'm3-1': 25.44, 'm4-1': 26.96, 'm5-1': 24.32, 'm6-1': 100.76, 'm7-1': 9.88, 'm8-1': 1.0}",1.5,34.592000000000006,35.592000000000006,inf,142.864,142.864
36,T5,BESTEFFORT,COMPLETED,m8-1,33.594,"{'m1-1': 140.64, 'm2-1': 24.38, 'm3-1': 27.04, 'm4-1': 24.2, 'm5-1': 25.54, 'm6-1': 106.27, 'm7-1': 10.9, 'm8-1': 0.97}",1.455,35.592000000000006,36.562000000000005,inf,143.594,143.594
37,T4,BESTEFFORT,COMPLETED,m8-1,33.898,"{'m1-1': 173.81, 'm2-1': 26.02, 'm3-1': 25.43, 'm4-1': 27.63, 'm5-1': 27.82, 'm6-1': 109.6, 'm7-1': 11.17, 'm8-1': 0.93}",1.395,36.562000000000005,37.492000000000004,inf,143.898,143.898
38,T10,BESTEFFORT,COMPLETED,m8-1,34.7,"{'m1-1': 169.76, 'm2-1': 25.32, 'm3-1': 27.36, 'm4-1': 24.37, 'm5-1': 27.26, 'm6-1': 96.08, 'm7-1': 10.22, 'm8-1': 1.13}",1.6949999999999998,37.492000000000004,38.62200000000001,inf,144.7,144.7
39,T3,BESTEFFORT,COMPLETED,m8-1,36.557,"{'m1-1': 161.21, 'm2-1': 27.29, 'm3-1': 26.4, 'm4-1': 24.24, 'm5-1': 25.51, 'm6-1': 98.02, 'm7-1': 9.49, 'm8-1': 0.98}",1.47,38.62200000000001,39.602000000000004,inf,146.55700000000002,146.55700000000002
40,T3,BESTEFFORT,COMPLETED,m8-1,36.702,"{'m1-1': 157.51, 'm2-1': 27.33, 'm3-1': 28.02, 'm4-1': 25.51, 'm5-1': 28.3, 'm6-1': 102.24, 'm7-1': 10.23, 'm8-1': 1.09}",1.6350000000000002,39.602000000000004,40.69200000000001,inf,146.702,146.702
41,T9,BESTEFFORT,COMPLETED,m7-1,37.013,"{'m1-1': 169.26, 'm2-1': 28.64, 'm3-1': 26.69, 'm4-1': 24.0, 'm5-1': 28.15, 'm6-1': 111.06, 'm7-1': 11.02, 'm8-1': 1.04}",16.53,45.677,56.697,inf,147.013,147.013
42,T7,BESTEFFORT,COMPLETED,m8-1,38.242,"{'m1-1': 159.4, 'm2-1': 28.28, 'm3-1': 26.21, 'm4-1': 24.83, 'm5-1': 26.38, 'm6-1': 101.23, 'm7-1': 11.1, 'm8-1': 0.97}",1.455,40.69200000000001,41.662000000000006,inf,148.242,148.242
43,T8,BESTEFFORT,COMPLETED,m2-1,38.434,"{'m1-1': 156.06, 'm2-1': 24.94, 'm3-1': 27.08, 'm4-1': 24.74, 'm5-1': 29.75, 'm6-1': 109.13, 'm7-1': 10.6, 'm8-1': 1.12}",37.410000000000004,38.434,63.373999999999995,inf,148.434,148.434
44,T1,BESTEFFORT,COMPLETED,m8-1,41.498,"{'m1-1': 154.13, 'm2-1': 26.2, 'm3-1': 25.53, 'm4-1': 25.41, 'm5-1': 26.71, 'm6-1': 105.59, 'm7-1': 9.64, 'm8-1': 1.11}",1.665,41.662000000000006,42.772000000000006,inf,151.498,151.498
45,T8,BESTEFFORT,COMPLETED,m8-1,41.785,"{'m1-1': 164.11, 'm2-1': 27.35, 'm3-1': 27.88, 'm4-1': 27.94, 'm5-1': 29.2, 'm6-1': 108.78, 'm7-1': 9.94, 'm8-1': 1.02}",1.53,42.772000000000006,43.79200000000001,inf,151.785,151.785
46,T2,BESTEFFORT,COMPLETED,m8-1,42.481,"{'m1-1': 156.34, 'm2-1': 27.72, 'm3-1': 28.02, 'm4-1': 26.07, 'm5-1': 27.78, 'm6-1': 112.21, 'm7-1': 11.18, 'm8-1': 1.01}",1.5150000000000001,43.79200000000001,44.80200000000001,inf,152.481,152.481
47,T9,BESTEFFORT,COMPLETED,m8-1,42.942,"{'m1-1': 157.14, 'm2-1': 29.69, 'm3-1': 26.88, 'm4-1': 23.2, 'm5-1': 26.67, 'm6-1': 104.2, 'm7-1': 11.14, 'm8-1': 0.99}",1.4849999999999999,44.80200000000001,45.79200000000001,inf,152.942,152.942
48,T6,BESTEFFORT,COMPLETED,m8-1,44.061,"{'m1-1': 156.23, 'm2-1': 27.57, 'm3-1': 24.85, 'm4-1': 25.25, 'm5-1': 26.21, 'm6-1': 109.8, 'm7-1': 10.05, 'm8-1': 1.1}",1.6500000000000001,45.79200000000001,46.89200000000001,inf,154.061,154.061
49,T4,BESTEFFORT,COMPLETED,m8-1,45.555,"{'m1-1': 156.34, 'm2-1': 26.36, 'm3-1': 28.56, 'm4-1': 27.65, 'm5-1': 25.22, 'm6-1': 96.97, 'm7-1': 9.73, 'm8-1': 0.96}",1.44,46.89200000000001,47.85200000000001,inf,155.555,155.555
50,T4,BESTEFFORT,COMPLETED,m8-1,45.958,"{'m1-1': 160.81, 'm2-1': 24.28, 'm3-1': 27.06, 'm4-1': 28.39, 'm5-1': 25.27, 'm6-1': 96.7, 'm7-1': 10.86, 'm8-1': 0.98}",1.47,47.85200000000001,48.83200000000001,inf,155.958,155.958
51,T6,BESTEFFORT,COMPLETED,m8-1,47.192,"{'m1-1': 170.63, 'm2-1': 29.12, 'm3-1': 24.64, 'm4-1': 27.24, 'm5-1': 28.11, 'm6-1': 109.65, 'm7-1': 11.12, 'm8-1': 1.14}",1.71,48.83200000000001,49.97200000000001,inf,157.192,157.192
52,T3,BESTEFFORT,COMPLETED,m8-1,50.51,"{'m1-1': 161.14, 'm2-1': 25.99, 'm3-1': 27.16, 'm4-1': 24.12, 'm5-1': 25.21, 'm6-1': 110.05, 'm7-1': 9.78, 'm8-1': 1.0}",1.5,50.51,51.51,inf,160.51,160.51
53,T9,BESTEFFORT,COMPLETED,m8-1,51.263,"{'m1-1': 165.02, 'm2-1': 29.29, 'm3-1': 25.5, 'm4-1': 23.64, 'm5-1': 26.54, 'm6-1': 102.8, 'm7-1': 9.86, 'm8-1': 1.09}",1.6350000000000002,51.51,52.6,inf,161.263,161.263
54,T7,BESTEFFORT,COMPLETED,m8-1,51.809,"{'m1-1': 174.55, 'm2-1': 25.11, 'm3-1': 24.75, 'm4-1': 27.6, 'm5-1': 24.7, 'm6-1': 115.21, 'm7-1': 10.51, 'm8-1': 1.08}",1.62,52.6,53.68,inf,161.809,161.809
55,T1,BESTEFFORT,COMPLETED,m8-1,52.82,"{'m1-1': 163.09, 'm2-1': 25.68, 'm3-1': 25.3, 'm4-1': 24.15, 'm5-1': 24.34, 'm6-1': 98.9, 'm7-1': 10.56, 'm8-1': 1.13}",1.6949999999999998,53.68,54.81,inf,162.82,162.82
56,T3,BESTEFFORT,COMPLETED,m8-1,53.624,"{'m1-1': 151.39, 'm2-1': 26.82, 'm3-1': 27.15, 'm4-1': 27.7, 'm5-1': 26.44, 'm6-1': 106.95, 'm7-1': 9.76, 'm8-1': 0.98}",1.47,54.81,55.79,inf,163.624,163.624
57,T9,BESTEFFORT,COMPLETED,m8-1,54.967,"{'m1-1': 146.11, 'm2-1': 27.76, 'm3-1': 28.38, 'm4-1': 25.32, 'm5-1': 27.42, 'm6-1': 98.94, 'm7-1': 10.78, 'm8-1': 0.95}",1.4249999999999998,55.79,56.74,inf,164.96699999999998,164.96699999999998
58,T8,BESTEFFORT,COMPLETED,m8-1,55.466,"{'m1-1': 149.55, 'm2-1': 24.3, 'm3-1': 25.26, 'm4-1': 27.6, 'm5-1': 25.63, 'm6-1': 115.83, 'm7-1': 9.96, 'm8-1': 1.03}",1.545,56.74,57.77,inf,165.466,165.466
59,T8,BESTEFFORT,COMPLETED,m8-1,55.919,"{'m1-1': 146.72, 'm2-1': 26.21, 'm3-1': 28.14, 'm4-1': 24.42, 'm5-1': 26.79, 'm6-1': 105.13, 'm7-1': 11.11, 'm8-1': 1.1}",1.6500000000000001,57.77,58.870000000000005,inf,165.91899999999998,165.91899999999998
60,T3,BESTEFFORT,COMPLETED,m8-1,55.988,"{'m1-1': 160.38, 'm2-1': 28.97, 'm3-1': 28.02, 'm4-1': 24.06, 'm5-1': 27.13, 'm6-1': 109.98, 'm7-1': 10.55, 'm8-1': 1.1}",1.6500000000000001,58.870000000000005,59.970000000000006,inf,165.988,165.988
61,T1,BESTEFFORT,COMPLETED,m8-1,56.764,"{'m1-1': 166.38, 'm2-1': 27.46, 'm3-1': 28.7, 'm4-1': 26.52, 'm5-1': 25.33, 'm6-1': 94.12, 'm7-1': 10.29, 'm8-1': 1.11}",1.665,59.970000000000006,61.080000000000005,inf,166.764,166.764
62,T10,BESTEFFORT,COMPLETED,m8-1,59.579,"{'m1-1': 163.65, 'm2-1': 25.68, 'm3-1': 24.18, 'm4-1': 27.39, 'm5-1': 23.68, 'm6-1': 95.36, 'm7-1': 10.41, 'm8-1': 1.08}",1.62,61.080000000000005,62.160000000000004,inf,169.579,169.579
63,T2,BESTEFFORT,COMPLETED,m8-1,59.709,"{'m1-1': 143.9, 'm2-1': 25.83, 'm3-1': 24.36, 'm4-1': 24.6, 'm5-1': 27.02, 'm6-1': 115.58, 'm7-1': 10.05, 'm8-1': 1.03}",1.545,62.160000000000004,63.190000000000005,inf,169.709,169.709
64,T8,BESTEFFORT,COMPLETED,m8-1,60.595,"{'m1-1': 148.34, 'm2-1': 26.72, 'm3-1': 28.31, 'm4-1': 25.17, 'm5-1': 26.54, 'm6-1': 99.88, 'm7-1': 9.82, 'm8-1': 0.98}",1.47,63.190000000000005,64.17,inf,170.595,170.595
65,T4,BESTEFFORT,COMPLETED,m8-1,62.554,"{'m1-1': 165.37, 'm2-1': 26.79, 'm3-1': 25.5, 'm4-1': 25.28, 'm5-1': 29.08, 'm6-1': 100.14, 'm7-1': 9.94, 'm8-1': 0.96}",1.44,64.17,65.13,inf,172.554,172.554
66,T10,BESTEFFORT,COMPLETED,m8-1,62.909,"{'m1-1': 162.57, 'm2-1': 23.53, 'm3-1': 24.85, 'm4-1': 26.97, 'm5-1': 27.59, 'm6-1': 98.62, 'm7-1': 10.52, 'm8-1': 1.1}",1.6500000000000001,65.13,66.22999999999999,inf,172.909,172.909
67,T4,BESTEFFORT,COMPLETED,m8-1,63.663,"{'m1-1': 176.68, 'm2-1': 24.19, 'm3-1': 28.95, 'm4-1': 25.69, 'm5-1': 26.76, 'm6-1': 94.73, 'm7-1': 10.72, 'm8-1': 1.07}",1.605,66.22999999999999,67.29999999999998,inf,173.663,173.663
68,T4,BESTEFFORT,COMPLETED,m8-1,66.137,"{'m1-1': 166.79, 'm2-1': 24.76, 'm3-1': 27.72, 'm4-1': 24.33, 'm5-1': 28.48, 'm6-1': 96.13, 'm7-1': 9.65, 'm8-1': 1.04}",1.56,67.29999999999998,68.33999999999999,inf,176.137,176.137
69,T3,BESTEFFORT,COMPLETED,m8-1,66.646,"{'m1-1': 168.93, 'm2-1': 25.94, 'm3-1': 28.69, 'm4-1': 25.42, 'm5-1': 26.96, 'm6-1': 108.15, 'm7-1': 10.97, 'm8-1': 0.98}",1.47,68.33999999999999,69.32,inf,176.64600000000002,176.64600000000002
70,T6,BESTEFFORT,COMPLETED,m8-1,69.216,"{'m1-1': 171.12, 'm2-1': 28.77, 'm3-1': 23.82, 'm4-1': 27.87, 'm5-1': 26.33, 'm6-1': 110.91, 'm7-1': 10.28, 'm8-1': 1.03}",1.545,69.32,70.35,inf,179.216,179.216
71,T4,BESTEFFORT,COMPLETED,m8-1,69.508,"{'m1-1': 166.43, 'm2-1': 27.84, 'm3-1': 27.6, 'm4-1': 24.85, 'm5-1': 28.95, 'm6-1': 107.27, 'm7-1': 9.6, 'm8-1': 0.93}",1.395,70.35,71.28,inf,179.50799999999998,179.50799999999998
72,T5,BESTEFFORT,COMPLETED,m8-1,72.459,"{'m1-1': 139.48, 'm2-1': 24.69, 'm3-1': 25.42, 'm4-1': 26.23, 'm5-1': 26.41, 'm6-1': 105.36, 'm7-1': 10.21, 'm8-1': 0.98}",1.47,72.459,73.43900000000001,inf,182.459,182.459
73,T9,BESTEFFORT,COMPLETED,m8-1,72.462,"{'m1-1': 146.72, 'm2-1': 28.41, 'm3-1': 27.28, 'm4-1': 25.38, 'm5-1': 27.31, 'm6-1': 104.93, 'm7-1': 9.67, 'm8-1': 0.98}",1.47,73.43900000000001,74.41900000000001,inf,182.462,182.462
74,T10,BESTEFFORT,COMPLETED,m8-1,77.31,"{'m1-1': 146.62, 'm2-1': 26.78, 'm3-1': 27.77, 'm4-1': 26.94, 'm5-1': 25.12, 'm6-1': 97.7, 'm7-1': 10.09, 'm8-1': 1.04}",1.56,77.31,78.35000000000001,inf,187.31,187.31
75,T1,BESTEFFORT,COMPLETED,m8-1,77.429,"{'m1-1': 164.4, 'm2-1': 25.72, 'm3-1': 25.81, 'm4-1': 23.25, 'm5-1': 23.93, 'm6-1': 96.49, 'm7-1': 10.75, 'm8-1': 1.0}",1.5,78.35000000000001,79.35000000000001,inf,187.429,187.429
76,T1,BESTEFFORT,COMPLETED,m8-1,77.567,"{'m1-1': 146.22, 'm2-1': 28.2, 'm3-1': 25.18, 'm4-1': 24.44, 'm5-1': 24.1, 'm6-1': 104.98, 'm7-1': 10.24, 'm8-1': 1.07}",1.605,79.35000000000001,80.42,inf,187.567,187.567
77,T7,BESTEFFORT,COMPLETED,m8-1,79.138,"{'m1-1': 158.76, 'm2-1': 25.64, 'm3-1': 25.03, 'm4-1': 24.32, 'm5-1': 26.06, 'm6-1': 99.54, 'm7-1': 9.9, 'm8-1': 1.1}",1.6500000000000001,80.42,81.52,inf,189.138,189.138
78,T10,BESTEFFORT,COMPLETED,m8-1,79.223,"{'m1-1': 158.01, 'm2-1': 23.72, 'm3-1': 24.4, 'm4-1': 24.78, 'm5-1': 24.05, 'm6-1': 103.94, 'm7-1': 10.64, 'm8-1': 1.0}",1.5,81.52,82.52,inf,189.223,189.223
79,T4,BESTEFFORT,COMPLETED,m8-1,80.034,"{'m1-1': 165.52, 'm2-1': 24.36, 'm3-1': 29.6, 'm4-1': 26.51, 'm5-1': 28.0, 'm6-1': 111.44, 'm7-1': 9.69, 'm8-1': 1.08}",1.62,82.52,83.6,inf,190.034,190.034
80,T7,BESTEFFORT,COMPLETED,m8-1,80.806,"{'m1-1': 149.4, 'm2-1': 28.08, 'm3-1': 24.84, 'm4-1': 26.86, 'm5-1': 25.08, 'm6-1': 110.52, 'm7-1': 10.55, 'm8-1': 0.98}",1.47,83.6,84.58,inf,190.80599999999998,190.80599999999998
81,T4,BESTEFFORT,COMPLETED,m7-1,81.372,"{'m1-1': 167.53, 'm2-1': 27.28, 'm3-1': 25.19, 'm4-1': 27.48, 'm5-1': 26.94, 'm6-1': 112.03, 'm7-1': 11.17, 'm8-1': 0.97}",16.755,81.372,92.542,inf,191.372,191.372
82,T8,BESTEFFORT,COMPLETED,m8-1,82.979,"{'m1-1': 146.48, 'm2-1': 23.36, 'm3-1': 26.8, 'm4-1': 26.21, 'm5-1': 27.88, 'm6-1': 102.86, 'm7-1': 10.46, 'm8-1': 0.99}",1.4849999999999999,84.58,85.57,inf,192.97899999999998,192.97899999999998
83,T2,BESTEFFORT,COMPLETED,m8-1,83.326,"{'m1-1': 167.62, 'm2-1': 27.38, 'm3-1': 26.1, 'm4-1': 25.79, 'm5-1': 28.09, 'm6-1': 111.93, 'm7-1': 9.9, 'm8-1': 0.97}",1.455,85.57,86.53999999999999,inf,193.326,193.326
84,T9,BESTEFFORT,COMPLETED,m8-1,85.319,"{'m1-1': 172.47, 'm2-1': 25.54, 'm3-1': 25.85, 'm4-1': 25.26, 'm5-1': 26.8, 'm6-1': 96.85, 'm7-1': 11.48, 'm8-1': 0.96}",1.44,86.53999999999999,87.49999999999999,inf,195.31900000000002,195.31900000000002
85,T6,BESTEFFORT,COMPLETED,m8-1,86.093,"{'m1-1': 145.61, 'm2-1': 26.84, 'm3-1': 26.9, 'm4-1': 25.31, 'm5-1': 25.7, 'm6-1': 104.81, 'm7-1': 11.31, 'm8-1': 1.09}",1.6350000000000002,87.49999999999999,88.58999999999999,inf,196.09300000000002,196.09300000000002
86,T9,BESTEFFORT,COMPLETED,m8-1,86.273,"{'m1-1': 153.44, 'm2-1': 26.65, 'm3-1': 27.9, 'm4-1': 25.06, 'm5-1': 27.16, 'm6-1': 107.1, 'm7-1': 10.34, 'm8-1': 0.98}",1.47,88.58999999999999,89.57,inf,196.273,196.273
87,T3,BESTEFFORT,COMPLETED,m8-1,86.558,"{'m1-1': 149.62, 'm2-1': 28.96, 'm3-1': 26.03, 'm4-1': 25.32, 'm5-1': 24.77, 'm6-1': 104.9, 'm7-1': 9.75, 'm8-1': 1.11}",1.665,89.57,90.67999999999999,inf,196.558,196.558
88,T7,BESTEFFORT,COMPLETED,m8-1,88.626,"{'m1-1': 149.24, 'm2-1': 25.37, 'm3-1': 26.67, 'm4-1': 28.03, 'm5-1': 24.58, 'm6-1': 113.57, 'm7-1': 10.11, 'm8-1': 1.01}",1.5150000000000001,90.67999999999999,91.69,inf,198.626,198.626
89,T7,BESTEFFORT,COMPLETED,m8-1,89.413,"{'m1-1': 156.56, 'm2-1': 26.33, 'm3-1': 25.52, 'm4-1': 25.58, 'm5-1': 25.09, 'm6-1': 99.28, 'm7-1': 11.14, 'm8-1': 1.01}",1.5150000000000001,91.69,92.7,inf,199.413,199.413
90,T1,BESTEFFORT,COMPLETED,m8-1,89.997,"{'m1-1': 145.82, 'm2-1': 27.11, 'm3-1': 27.78, 'm4-1': 24.91, 'm5-1': 27.37, 'm6-1': 97.43, 'm7-1': 10.59, 'm8-1': 1.04}",1.56,92.7,93.74000000000001,inf,199.997,199.997
91,T9,BESTEFFORT,COMPLETED,m7-1,90.29,"{'m1-1': 152.64, 'm2-1': 25.78, 'm3-1': 25.72, 'm4-1': 27.18, 'm5-1': 27.16, 'm6-1': 97.33, 'm7-1': 9.93, 'm8-1': 1.06}",14.895,92.542,102.47200000000001,inf,200.29000000000002,200.29000000000002
92,T8,BESTEFFORT,COMPLETED,m8-1,92.416,"{'m1-1': 166.59, 'm2-1': 24.3, 'm3-1': 28.24, 'm4-1': 25.03, 'm5-1': 27.7, 'm6-1': 98.06, 'm7-1': 10.46, 'm8-1': 1.12}",1.6800000000000002,93.74000000000001,94.86000000000001,inf,202.416,202.416
93,T2,BESTEFFORT,COMPLETED,m8-1,92.985,"{'m1-1': 153.54, 'm2-1': 27.91, 'm3-1': 27.5, 'm4-1': 27.32, 'm5-1': 27.26, 'm6-1': 105.66, 'm7-1': 11.28, 'm8-1': 0.99}",1.4849999999999999,94.86000000000001,95.85000000000001,inf,202.985,202.985
94,T9,BESTEFFORT,COMPLETED,m8-1,94.111,"{'m1-1': 170.42, 'm2-1': 29.1, 'm3-1': 24.94, 'm4-1': 23.99, 'm5-1': 27.88, 'm6-1': 97.31, 'm7-1': 11.04, 'm8-1': 1.03}",1.545,95.85000000000001,96.88000000000001,inf,204.111,204.111
95,T9,BESTEFFORT,COMPLETED,m8-1,94.439,"{'m1-1': 161.26, 'm2-1': 26.34, 'm3-1': 26.09, 'm4-1': 26.76, 'm5-1': 26.52, 'm6-1': 95.7, 'm7-1': 10.15, 'm8-1': 1.1}",1.6500000000000001,96.88000000000001,97.98,inf,204.439,204.439
96,T8,BESTEFFORT,COMPLETED,m8-1,95.989,"{'m1-1': 155.3, 'm2-1': 24.3, 'm3-1': 27.49, 'm4-1': 24.05, 'm5-1': 26.57, 'm6-1': 101.33, 'm7-1': 10.87, 'm8-1': 1.04}",1.56,97.98,99.02000000000001,inf,205.989,205.989
97,T8,BESTEFFORT,COMPLETED,m8-1,99.958,"{'m1-1': 156.68, 'm2-1': 24.43, 'm3-1': 28.3, 'm4-1': 27.75, 'm5-1': 29.18, 'm6-1': 112.93, 'm7-1': 11.06, 'm8-1': 0.98}",1.47,99.958,100.938,inf,209.958,209.958
98,T5,BESTEFFORT,COMPLETED,m8-1,100.031,"{'m1-1': 146.82, 'm2-1': 26.77, 'm3-1': 24.91, 'm4-1': 27.54, 'm5-1': 24.04, 'm6-1': 99.31, 'm7-1': 10.92, 'm8-1': 0.95}",1.4249999999999998,100.938,101.888,inf,210.031,210.031
99,T10,BESTEFFORT,COMPLETED,m8-1,100.316,"{'m1-1': 161.22, 'm2-1': 27.09, 'm3-1': 25.03, 'm4-1': 25.53, 'm5-1': 25.78, 'm6-1': 103.7, 'm7-1': 11.19, 'm8-1': 1.04}",1.56,101.888,102.92800000000001,inf,210.316,210.316
100,T2,BESTEFFORT,COMPLETED,m8-1,101.219,"{'m1-1': 160.93, 'm2-1': 27.39, 'm3-1': 26.95, 'm4-1': 23.19, 'm5-1': 28.19, 'm6-1': 105.8, 'm7-1': 10.08, 'm8-1': 0.97}",1.455,102.92800000000001,103.89800000000001,inf,211.219,211.219
101,T4,BESTEFFORT,COMPLETED,m8-1,102.11,"{'m1-1': 168.31, 'm2-1': 26.59, 'm3-1': 25.15, 'm4-1': 24.39, 'm5-1': 28.61, 'm6-1': 111.06, 'm7-1': 10.99, 'm8-1': 0.93}",1.395,103.89800000000001,104.82800000000002,inf,212.11,212.11
102,T6,BESTEFFORT,COMPLETED,m8-1,104.514,"{'m1-1': 170.67, 'm2-1': 24.95, 'm3-1': 24.08, 'm4-1': 27.84, 'm5-1': 25.2, 'm6-1': 107.52, 'm7-1': 10.48, 'm8-1': 1.06}",1.59,104.82800000000002,105.88800000000002,inf,214.514,214.514
103,T2,BESTEFFORT,COMPLETED,m8-1,104.595,"{'m1-1': 156.27, 'm2-1': 24.85, 'm3-1': 26.72, 'm4-1': 23.65, 'm5-1': 26.74, 'm6-1': 114.89, 'm7-1': 11.34, 'm8-1': 0.99}",1.4849999999999999,105.88800000000002,106.87800000000001,inf,214.595,214.595
104,T1,BESTEFFORT,COMPLETED,m8-1,105.76,"{'m1-1': 145.59, 'm2-1': 28.38, 'm3-1': 25.56, 'm4-1': 26.84, 'm5-1': 23.78, 'm6-1': 94.96, 'm7-1': 10.82, 'm8-1': 1.06}",1.59,106.87800000000001,107.93800000000002,inf,215.76,215.76
105,T5,BESTEFFORT,COMPLETED,m8-1,106.191,"{'m1-1': 161.24, 'm2-1': 26.72, 'm3-1': 25.84, 'm4-1': 27.29, 'm5-1': 26.51, 'm6-1': 112.83, 'm7-1': 9.79, 'm8-1': 1.07}",1.605,107.93800000000002,109.00800000000001,inf,216.191,216.191
106,T5,BESTEFFORT,COMPLETED,m8-1,107.768,"{'m1-1': 157.02, 'm2-1': 27.12, 'm3-1': 28.4, 'm4-1': 28.26, 'm5-1': 26.62, 'm6-1': 99.4, 'm7-1': 9.51, 'm8-1': 1.03}",1.545,109.00800000000001,110.03800000000001,inf,217.768,217.768
107,T10,BESTEFFORT,COMPLETED,m8-1,107.905,"{'m1-1': 166.62, 'm2-1': 26.96, 'm3-1': 25.63, 'm4-1': 26.97, 'm5-1': 25.9, 'm6-1': 96.78, 'm7-1': 10.31, 'm8-1': 1.16}",1.7399999999999998,110.03800000000001,111.19800000000001,inf,217.905,217.905
108,T1,BESTEFFORT,COMPLETED,m8-1,108.536,"{'m1-1': 164.32, 'm2-1': 28.61, 'm3-1': 28.98, 'm4-1': 26.47, 'm5-1': 25.68, 'm6-1': 93.72, 'm7-1': 10.05, 'm8-1': 1.03}",1.545,111.19800000000001,112.22800000000001,inf,218.536,218.536
109,T8,BESTEFFORT,COMPLETED,m8-1,110.059,"{'m1-1': 157.89, 'm2-1': 25.94, 'm3-1': 25.25, 'm4-1': 27.0, 'm5-1': 26.85, 'm6-1': 99.31, 'm7-1': 9.52, 'm8-1': 1.06}",1.59,112.22800000000001,113.28800000000001,inf,220.059,220.059
110,T10,BESTEFFORT,COMPLETED,m8-1,111.013,"{'m1-1': 145.32, 'm2-1': 25.45, 'm3-1': 24.43, 'm4-1': 26.54, 'm5-1': 26.27, 'm6-1': 102.18, 'm7-1': 10.93, 'm8-1': 1.06}",1.59,113.28800000000001,114.34800000000001,inf,221.013,221.013
111,T4,BESTEFFORT,COMPLETED,m8-1,112.368,"{'m1-1': 171.76, 'm2-1': 26.5, 'm3-1': 29.42, 'm4-1': 27.83, 'm5-1': 28.1, 'm6-1': 108.38, 'm7-1': 10.13, 'm8-1': 0.95}",1.4249999999999998,114.34800000000001,115.29800000000002,inf,222.368,222.368
112,T6,BESTEFFORT,COMPLETED,m8-1,114.13,"{'m1-1': 165.22, 'm2-1': 27.42, 'm3-1': 23.16, 'm4-1': 25.6, 'm5-1': 26.69, 'm6-1': 115.1, 'm7-1': 10.88, 'm8-1': 1.06}",1.59,115.29800000000002,116.35800000000002,inf,224.13,224.13
113,T4,BESTEFFORT,COMPLETED,m8-1,114.272,"{'m1-1': 156.38, 'm2-1': 27.4, 'm3-1': 29.65, 'm4-1': 25.56, 'm5-1': 29.45, 'm6-1': 97.86, 'm7-1': 10.25, 'm8-1': 0.97}",1.455,116.35800000000002,117.32800000000002,inf,224.272,224.272
114,T4,BESTEFFORT,COMPLETED,m8-1,115.086,"{'m1-1': 162.19, 'm2-1': 25.85, 'm3-1': 29.24, 'm4-1': 24.25, 'm5-1': 26.36, 'm6-1': 107.53, 'm7-1': 10.37, 'm8-1': 0.95}",1.4249999999999998,117.32800000000002,118.27800000000002,inf,225.086,225.086
115,T9,BESTEFFORT,COMPLETED,m7-1,115.148,"{'m1-1': 155.04, 'm2-1': 29.35, 'm3-1': 25.22, 'm4-1': 26.05, 'm5-1': 26.82, 'm6-1': 99.44, 'm7-1': 10.45, 'm8-1': 1.02}",15.674999999999999,115.148,125.598,inf,225.148,225.148
116,T1,BESTEFFORT,COMPLETED,m8-1,115.941,"{'m1-1': 167.72, 'm2-1': 25.36, 'm3-1': 29.04, 'm4-1': 24.35, 'm5-1': 26.63, 'm6-1': 99.75, 'm7-1': 9.65, 'm8-1': 0.99}",1.4849999999999999,118.27800000000002,119.26800000000001,inf,225.941,225.941
117,T8,BESTEFFORT,COMPLETED,m8-1,120.495,"{'m1-1': 142.16, 'm2-1': 24.71, 'm3-1': 27.75, 'm4-1': 25.9, 'm5-1': 26.89, 'm6-1': 103.84, 'm7-1': 10.81, 'm8-1': 0.98}",1.47,120.495,121.47500000000001,inf,230.495,230.495
118,T7,BESTEFFORT,COMPLETED,m8-1,121.093,"{'m1-1': 174.14, 'm2-1': 25.68, 'm3-1': 23.24, 'm4-1': 25.47, 'm5-1': 27.97, 'm6-1': 114.7, 'm7-1': 10.3, 'm8-1': 0.98}",1.47,121.47500000000001,122.45500000000001,inf,231.09300000000002,231.09300000000002
119,T2,BESTEFFORT,COMPLETED,m8-1,124.066,"{'m1-1': 143.37, 'm2-1': 25.81, 'm3-1': 27.37, 'm4-1': 24.23, 'm5-1': 24.45, 'm6-1': 115.57, 'm7-1': 10.99, 'm8-1': 1.13}",1.6949999999999998,124.066,125.196,inf,234.066,234.066
120,T10,BESTEFFORT,COMPLETED,m8-1,124.475,"{'m1-1': 158.7, 'm2-1': 25.03, 'm3-1': 24.89, 'm4-1': 24.38, 'm5-1': 25.96, 'm6-1': 97.4, 'm7-1': 11.38, 'm8-1': 1.05}",1.5750000000000002,125.196,126.246,inf,234.475,234.475
121,T6,BESTEFFORT,COMPLETED,m8-1,124.87,"{'m1-1': 145.97, 'm2-1': 24.65, 'm3-1': 23.86, 'm4-1': 25.47, 'm5-1': 27.72, 'm6-1': 112.46, 'm7-1': 10.66, 'm8-1': 1.09}",1.6350000000000002,126.246,127.336,inf,234.87,234.87
122,T6,BESTEFFORT,COMPLETED,m8-1,125.081,"{'m1-1': 146.74, 'm2-1': 24.69, 'm3-1': 24.82, 'm4-1': 25.88, 'm5-1': 25.73, 'm6-1': 111.5, 'm7-1': 10.66, 'm8-1': 1.01}",1.5150000000000001,127.336,128.346,inf,235.08100000000002,235.08100000000002
123,T1,BESTEFFORT,COMPLETED,m8-1,126.788,"{'m1-1': 159.22, 'm2-1': 25.32, 'm3-1': 25.17, 'm4-1': 24.63, 'm5-1': 24.79, 'm6-1': 104.33, 'm7-1': 9.56, 'm8-1': 1.08}",1.62,128.346,129.42600000000002,inf,236.788,236.788
124,T2,BESTEFFORT,COMPLETED,m8-1,127.891,"{'m1-1': 154.68, 'm2-1': 26.44, 'm3-1': 25.72, 'm4-1': 26.98, 'm5-1': 28.58, 'm6-1': 101.8, 'm7-1': 10.39, 'm8-1': 1.1}",1.6500000000000001,129.42600000000002,130.526,inf,237.89100000000002,237.89100000000002
125,T9,BESTEFFORT,COMPLETED,m8-1,131.165,"{'m1-1': 145.21, 'm2-1': 28.44, 'm3-1': 27.73, 'm4-1': 24.0, 'm5-1': 26.36, 'm6-1': 106.26, 'm7-1': 10.72, 'm8-1': 0.96}",1.44,131.165,132.125,inf,241.165,241.165
126,T4,BESTEFFORT,COMPLETED,m8-1,133.449,"{'m1-1': 161.59, 'm2-1': 27.26, 'm3-1': 28.26, 'm4-1': 24.19, 'm5-1': 25.17, 'm6-1': 97.8, 'm7-1': 9.85, 'm8-1': 1.01}",1.5150000000000001,133.449,134.459,inf,243.449,243.449
127,T5,BESTEFFORT,COMPLETED,m8-1,133.509,"{'m1-1': 163.73, 'm2-1': 26.71, 'm3-1': 26.21, 'm4-1': 28.31, 'm5-1': 28.05, 'm6-1': 98.25, 'm7-1': 10.99, 'm8-1': 1.0}",1.5,134.459,135.459,inf,243.509,243.509
128,T4,BESTEFFORT,COMPLETED,m8-1,136.477,"{'m1-1': 154.26, 'm2-1': 28.04, 'm3-1': 27.04, 'm4-1': 27.62, 'm5-1': 25.81, 'm6-1': 110.49, 'm7-1': 10.58, 'm8-1': 1.0}",1.5,136.477,137.477,inf,246.477,246.477
129,T1,BESTEFFORT,COMPLETED,m8-1,137.063,"{'m1-1': 143.6, 'm2-1': 28.01, 'm3-1': 29.66, 'm4-1': 24.12, 'm5-1': 25.84, 'm6-1': 94.62, 'm7-1': 10.52, 'm8-1': 1.11}",1.665,137.477,138.58700000000002,inf,247.063,247.063
130,T5,BESTEFFORT,COMPLETED,m8-1,137.536,"{'m1-1': 143.6, 'm2-1': 26.13, 'm3-1': 28.88, 'm4-1': 25.5, 'm5-1': 25.86, 'm6-1': 112.99, 'm7-1': 10.65, 'm8-1': 1.04}",1.56,138.58700000000002,139.627,inf,247.536,247.536
131,T8,BESTEFFORT,COMPLETED,m8-1,141.332,"{'m1-1': 151.54, 'm2-1': 24.61, 'm3-1': 28.91, 'm4-1': 27.86, 'm5-1': 29.59, 'm6-1': 107.09, 'm7-1': 10.78, 'm8-1': 1.13}",1.6949999999999998,141.332,142.462,inf,251.332,251.332
132,T8,BESTEFFORT,COMPLETED,m8-1,142.652,"{'m1-1': 158.65, 'm2-1': 24.99, 'm3-1': 26.49, 'm4-1': 26.49, 'm5-1': 28.72, 'm6-1': 110.4, 'm7-1': 10.17, 'm8-1': 0.98}",1.47,142.652,143.63199999999998,inf,252.652,252.652
133,T4,BESTEFFORT,COMPLETED,m8-1,142.88,"{'m1-1': 157.16, 'm2-1': 25.62, 'm3-1': 27.17, 'm4-1': 26.56, 'm5-1': 26.15, 'm6-1': 103.98, 'm7-1': 9.7, 'm8-1': 0.93}",1.395,143.63199999999998,144.56199999999998,inf,252.88,252.88
134,T6,BESTEFFORT,COMPLETED,m8-1,144.485,"{'m1-1': 164.56, 'm2-1': 27.44, 'm3-1': 25.98, 'm4-1': 28.88, 'm5-1': 24.18, 'm6-1': 102.02, 'm7-1': 10.2, 'm8-1': 1.0}",1.5,144.56199999999998,145.56199999999998,inf,254.485,254.485
135,T10,BESTEFFORT,COMPLETED,m8-1,146.656,"{'m1-1': 147.19, 'm2-1': 23.84, 'm3-1': 26.4, 'm4-1': 24.11, 'm5-1': 23.78, 'm6-1': 96.58, 'm7-1': 9.83, 'm8-1': 1.01}",1.5150000000000001,146.656,147.666,inf,256.656,256.656
136,T8,BESTEFFORT,COMPLETED,m8-1,147.326,"{'m1-1': 162.78, 'm2-1': 25.43, 'm3-1': 25.59, 'm4-1': 26.64, 'm5-1': 29.79, 'm6-1': 102.82, 'm7-1': 10.25, 'm8-1': 1.06}",1.59,147.666,148.726,inf,257.326,257.326
137,T10,BESTEFFORT,COMPLETED,m8-1,150.34,"{'m1-1': 156.53, 'm2-1': 25.3, 'm3-1': 28.36, 'm4-1': 25.56, 'm5-1': 26.04, 'm6-1': 95.42, 'm7-1': 10.24, 'm8-1': 1.14}",1.71,150.34,151.48,inf,260.34000000000003,260.34000000000003
138,T3,BESTEFFORT,COMPLETED,m8-1,152.948,"{'m1-1': 165.42, 'm2-1': 26.11, 'm3-1': 29.14, 'm4-1': 27.26, 'm5-1': 25.38, 'm6-1': 97.42, 'm7-1': 10.86, 'm8-1': 0.98}",1.47,152.948,153.928,inf,262.948,262.948
139,T1,BESTEFFORT,COMPLETED,m8-1,153.739,"{'m1-1': 166.94, 'm2-1': 27.52, 'm3-1': 25.57, 'm4-1': 25.97, 'm5-1': 27.98, 'm6-1': 107.79, 'm7-1': 10.48, 'm8-1': 0.99}",1.4849999999999999,153.928,154.918,inf,263.73900000000003,263.73900000000003
140,T4,BESTEFFORT,COMPLETED,m8-1,153.821,"{'m1-1': 178.48, 'm2-1': 25.47, 'm3-1': 26.66, 'm4-1': 27.14, 'm5-1': 27.02, 'm6-1': 111.01, 'm7-1': 11.06, 'm8-1': 1.0}",1.5,154.918,155.918,inf,263.821,263.821
141,T4,BESTEFFORT,COMPLETED,m8-1,155.123,"{'m1-1': 153.49, 'm2-1': 26.02, 'm3-1': 27.1, 'm4-1': 25.24, 'm5-1': 25.07, 'm6-1': 108.04, 'm7-1': 10.24, 'm8-1': 1.0}",1.5,155.918,156.918,inf,265.123,265.123
142,T4,BESTEFFORT,COMPLETED,m8-1,155.247,"{'m1-1': 169.56, 'm2-1': 24.34, 'm3-1': 25.09, 'm4-1': 28.27, 'm5-1': 27.17, 'm6-1': 106.43, 'm7-1': 9.78, 'm8-1': 1.02}",1.53,156.918,157.93800000000002,inf,265.247,265.247
143,T2,BESTEFFORT,COMPLETED,m8-1,155.495,"{'m1-1': 156.57, 'm2-1': 26.29, 'm3-1': 26.08, 'm4-1': 25.28, 'm5-1': 25.92, 'm6-1': 117.82, 'm7-1': 10.63, 'm8-1': 1.05}",1.5750000000000002,157.93800000000002,158.98800000000003,inf,265.495,265.495
144,T3,BESTEFFORT,COMPLETED,m7-1,155.668,"{'m1-1': 158.92, 'm2-1': 25.71, 'm3-1': 29.54, 'm4-1': 24.1, 'm5-1': 26.16, 'm6-1': 110.82, 'm7-1': 11.03, 'm8-1': 1.06}",16.544999999999998,155.668,166.698,inf,265.668,265.668
145,T3,BESTEFFORT,COMPLETED,m8-1,156.875,"{'m1-1': 158.76, 'm2-1': 27.38, 'm3-1': 25.39, 'm4-1': 24.39, 'm5-1': 27.68, 'm6-1': 105.92, 'm7-1': 10.99, 'm8-1': 1.04}",1.56,158.98800000000003,160.02800000000002,inf,266.875,266.875
146,T5,BESTEFFORT,COMPLETED,m8-1,157.491,"{'m1-1': 138.83, 'm2-1': 28.48, 'm3-1': 28.99, 'm4-1': 26.02, 'm5-1': 26.13, 'm6-1': 110.65, 'm7-1': 9.84, 'm8-1': 1.04}",1.56,160.02800000000002,161.068,inf,267.491,267.491
147,T9,BESTEFFORT,COMPLETED,m7-1,157.549,"{'m1-1': 162.84, 'm2-1': 29.13, 'm3-1': 25.3, 'm4-1': 27.01, 'm5-1': 29.16, 'm6-1': 99.12, 'm7-1': 11.11, 'm8-1': 1.01}",16.665,166.698,177.808,inf,267.549,267.549
148,T6,BESTEFFORT,COMPLETED,m8-1,158.919,"{'m1-1': 156.23, 'm2-1': 25.61, 'm3-1': 26.89, 'm4-1': 25.51, 'm5-1': 26.12, 'm6-1': 107.26, 'm7-1': 10.82, 'm8-1': 1.12}",1.6800000000000002,161.068,162.18800000000002,inf,268.919,268.919
149,T8,BESTEFFORT,COMPLETED,m8-1,159.426,"{'m1-1': 151.06, 'm2-1': 25.86, 'm3-1': 28.1, 'm4-1': 23.58, 'm5-1': 26.24, 'm6-1': 105.77, 'm7-1': 9.91, 'm8-1': 1.14}",1.71,162.18800000000002,163.328,inf,269.426,269.426
150,T4,BESTEFFORT,COMPLETED,m2-1,159.878,"{'m1-1': 174.18, 'm2-1': 24.83, 'm3-1': 27.08, 'm4-1': 24.25, 'm5-1': 26.48, 'm6-1': 98.59, 'm7-1': 9.58, 'm8-1': 0.93}",37.245,159.878,184.70799999999997,inf,269.878,269.878
151,T6,BESTEFFORT,COMPLETED,m8-1,160.203,"{'m1-1': 162.9, 'm2-1': 29.0, 'm3-1': 24.88, 'm4-1': 25.36, 'm5-1': 27.94, 'm6-1': 99.46, 'm7-1': 10.45, 'm8-1': 1.08}",1.62,163.328,164.40800000000002,inf,270.203,270.203
152,T6,BESTEFFORT,COMPLETED,m3-1,160.628,"{'m1-1': 154.4, 'm2-1': 25.99, 'm3-1': 24.58, 'm4-1': 25.32, 'm5-1': 25.96, 'm6-1': 107.4, 'm7-1': 11.12, 'm8-1': 1.02}",36.87,160.628,185.20799999999997,inf,270.628,270.628
153,T10,BESTEFFORT,COMPLETED,m8-1,161.715,"{'m1-1': 146.98, 'm2-1': 26.82, 'm3-1': 24.61, 'm4-1': 27.26, 'm5-1': 24.47, 'm6-1': 102.71, 'm7-1': 11.47, 'm8-1': 1.1}",1.6500000000000001,164.40800000000002,165.508,inf,271.71500000000003,271.71500000000003
154,T8,BESTEFFORT,COMPLETED,m8-1,162.685,"{'m1-1': 145.67, 'm2-1': 26.8, 'm3-1': 24.55, 'm4-1': 26.1, 'm5-1': 27.88, 'm6-1': 113.73, 'm7-1': 10.56, 'm8-1': 1.03}",1.545,165.508,166.538,inf,272.685,272.685
155,T2,BESTEFFORT,COMPLETED,m8-1,164.34,"{'m1-1': 165.23, 'm2-1': 27.75, 'm3-1': 24.4, 'm4-1': 23.93, 'm5-1': 28.55, 'm6-1': 108.64, 'm7-1': 9.9, 'm8-1': 1.09}",1.6350000000000002,166.538,167.62800000000001,inf,274.34000000000003,274.34000000000003
156,T10,BESTEFFORT,COMPLETED,m8-1,164.647,"{'m1-1': 171.8, 'm2-1': 23.94, 'm3-1': 26.67, 'm4-1': 26.32, 'm5-1': 24.75, 'm6-1': 103.65, 'm7-1': 10.52, 'm8-1': 1.12}",1.6800000000000002,167.62800000000001,168.74800000000002,inf,274.647,274.647
157,T2,BESTEFFORT,COMPLETED,m7-1,164.912,"{'m1-1': 160.43, 'm2-1': 27.08, 'm3-1': 24.4, 'm4-1': 25.51, 'm5-1': 24.68, 'm6-1': 117.76, 'm7-1': 11.04, 'm8-1': 1.04}",16.56,177.808,188.84799999999998,inf,274.91200000000003,274.91200000000003
158,T8,BESTEFFORT,COMPLETED,m4-1,165.265,"{'m1-1': 164.45, 'm2-1': 24.03, 'm3-1': 24.97, 'm4-1': 26.52, 'm5-1': 28.81, 'm6-1': 114.58, 'm7-1': 9.97, 'm8-1': 1.13}",39.78,165.265,191.785,inf,275.265,275.265
159,T3,BESTEFFORT,COMPLETED,m8-1,166.29,"{'m1-1': 152.07, 'm2-1': 24.8, 'm3-1': 26.0, 'm4-1': 26.12, 'm5-1': 24.14, 'm6-1': 100.66, 'm7-1': 9.4, 'm8-1': 1.12}",1.6800000000000002,168.74800000000002,169.86800000000002,inf,276.28999999999996,276.28999999999996
160,T10,BESTEFFORT,COMPLETED,m8-1,167.447,"{'m1-1': 157.05, 'm2-1': 26.81, 'm3-1': 25.37, 'm4-1': 26.3, 'm5-1': 24.16, 'm6-1': 99.96, 'm7-1': 10.12, 'm8-1': 1.08}",1.62,169.86800000000002,170.94800000000004,inf,277.447,277.447
161,T7,BESTEFFORT,COMPLETED,m8-1,169.19,"{'m1-1': 157.03, 'm2-1': 25.23, 'm3-1': 25.91, 'm4-1': 24.19, 'm5-1': 24.37, 'm6-1': 109.37, 'm7-1': 11.16, 'm8-1': 0.99}",1.4849999999999999,170.94800000000004,171.93800000000005,inf,279.19,279.19
162,T5,BESTEFFORT,COMPLETED,m8-1,170.102,"{'m1-1': 158.71, 'm2-1': 24.95, 'm3-1': 26.81, 'm4-1': 28.28, 'm5-1': 24.77, 'm6-1': 104.54, 'm7-1': 9.69, 'm8-1': 0.94}",1.41,171.93800000000005,172.87800000000004,inf,280.102,280.102
163,T3,BESTEFFORT,COMPLETED,m8-1,172.788,"{'m1-1': 148.35, 'm2-1': 29.48, 'm3-1': 28.5, 'm4-1': 25.17, 'm5-1': 25.85, 'm6-1': 112.88, 'm7-1': 9.62, 'm8-1': 1.01}",1.5150000000000001,172.87800000000004,173.88800000000003,inf,282.788,282.788
164,T10,BESTEFFORT,COMPLETED,m8-1,173.104,"{'m1-1': 154.12, 'm2-1': 25.09, 'm3-1': 25.24, 'm4-1': 27.11, 'm5-1': 27.47, 'm6-1': 111.25, 'm7-1': 9.88, 'm8-1': 1.02}",1.53,173.88800000000003,174.90800000000004,inf,283.10400000000004,283.10400000000004
165,T8,BESTEFFORT,COMPLETED,m8-1,174.26,"{'m1-1': 166.2, 'm2-1': 26.9, 'm3-1': 26.18, 'm4-1': 26.43, 'm5-1': 28.49, 'm6-1': 109.34, 'm7-1': 9.56, 'm8-1': 1.12}",1.6800000000000002,174.90800000000004,176.02800000000005,inf,284.26,284.26
166,T7,BESTEFFORT,COMPLETED,m8-1,174.691,"{'m1-1': 172.35, 'm2-1': 26.74, 'm3-1': 27.19, 'm4-1': 27.92, 'm5-1': 28.27, 'm6-1': 109.02, 'm7-1': 9.79, 'm8-1': 1.03}",1.545,176.02800000000005,177.05800000000005,inf,284.69100000000003,284.69100000000003
167,T3,BESTEFFORT,COMPLETED,m8-1,175.724,"{'m1-1': 158.15, 'm2-1': 27.48, 'm3-1': 29.04, 'm4-1': 27.9, 'm5-1': 24.5, 'm6-1': 101.16, 'm7-1': 9.94, 'm8-1': 1.13}",1.6949999999999998,177.05800000000005,178.18800000000005,inf,285.724,285.724
168,T7,BESTEFFORT,COMPLETED,m8-1,177.003,"{'m1-1': 175.44, 'm2-1': 27.23, 'm3-1': 26.01, 'm4-1': 23.79, 'm5-1': 24.26, 'm6-1': 100.75, 'm7-1': 9.86, 'm8-1': 1.01}",1.5150000000000001,178.18800000000005,179.19800000000004,inf,287.003,287.003
169,T10,BESTEFFORT,COMPLETED,m8-1,177.039,"{'m1-1': 145.84, 'm2-1': 26.89, 'm3-1': 27.54, 'm4-1': 26.76, 'm5-1': 23.88, 'm6-1': 109.3, 'm7-1': 9.93, 'm8-1': 0.99}",1.4849999999999999,179.19800000000004,180.18800000000005,inf,287.039,287.039
170,T8,BESTEFFORT,COMPLETED,m8-1,179.026,"{'m1-1': 151.33, 'm2-1': 26.74, 'm3-1': 25.14, 'm4-1': 23.99, 'm5-1': 29.66, 'm6-1': 114.37, 'm7-1': 10.02, 'm8-1': 1.09}",1.6350000000000002,180.18800000000005,181.27800000000005,inf,289.026,289.026
171,T4,BESTEFFORT,COMPLETED,m8-1,179.527,"{'m1-1': 153.81, 'm2-1': 27.69, 'm3-1': 26.95, 'm4-1': 26.34, 'm5-1': 29.35, 'm6-1': 95.32, 'm7-1': 10.44, 'm8-1': 1.1}",1.6500000000000001,181.27800000000005,182.37800000000004,inf,289.527,289.527
172,T2,BESTEFFORT,COMPLETED,m8-1,180.148,"{'m1-1': 161.13, 'm2-1': 28.34, 'm3-1': 27.84, 'm4-1': 25.5, 'm5-1': 26.94, 'm6-1': 114.5, 'm7-1': 11.0, 'm8-1': 1.13}",1.6949999999999998,182.37800000000004,183.50800000000004,inf,290.148,290.148
173,T10,BESTEFFORT,COMPLETED,m8-1,181.081,"{'m1-1': 153.5, 'm2-1': 25.8, 'm3-1': 26.4, 'm4-1': 25.23, 'm5-1': 26.72, 'm6-1': 106.51, 'm7-1': 10.8, 'm8-1': 1.09}",1.6350000000000002,183.50800000000004,184.59800000000004,inf,291.081,291.081
174,T7,BESTEFFORT,COMPLETED,m8-1,181.989,"{'m1-1': 165.55, 'm2-1': 25.71, 'm3-1': 24.4, 'm4-1': 24.45, 'm5-1': 27.26, 'm6-1': 113.19, 'm7-1': 10.06, 'm8-1': 1.07}",1.605,184.59800000000004,185.66800000000003,inf,291.98900000000003,291.98900000000003
175,T6,BESTEFFORT,COMPLETED,m7-1,182.192,"{'m1-1': 161.38, 'm2-1': 27.15, 'm3-1': 25.2, 'm4-1': 29.11, 'm5-1': 26.58, 'm6-1': 101.42, 'm7-1': 9.94, 'm8-1': 1.02}",14.91,188.84799999999998,198.78799999999998,inf,292.192,292.192
176,T8,BESTEFFORT,COMPLETED,m8-1,182.468,"{'m1-1': 156.44, 'm2-1': 24.03, 'm3-1': 27.2, 'm4-1': 27.96, 'm5-1': 27.73, 'm6-1': 98.79, 'm7-1': 9.52, 'm8-1': 1.05}",1.5750000000000002,185.66800000000003,186.71800000000005,inf,292.46799999999996,292.46799999999996
177,T5,BESTEFFORT,COMPLETED,m5-1,182.705,"{'m1-1': 155.56, 'm2-1': 24.94, 'm3-1': 25.45, 'm4-1': 25.47, 'm5-1': 24.45, 'm6-1': 104.71, 'm7-1': 10.39, 'm8-1': 0.96}",36.675,182.705,207.155,inf,292.70500000000004,292.70500000000004
178,T6,BESTEFFORT,COMPLETED,m8-1,185.566,"{'m1-1': 149.66, 'm2-1': 25.04, 'm3-1': 24.57, 'm4-1': 27.74, 'm5-1': 26.1, 'm6-1': 100.22, 'm7-1': 9.69, 'm8-1': 1.14}",1.71,186.71800000000005,187.85800000000003,inf,295.56600000000003,295.56600000000003
179,T8,BESTEFFORT,COMPLETED,m8-1,187.036,"{'m1-1': 142.54, 'm2-1': 25.9, 'm3-1': 25.3, 'm4-1': 24.06, 'm5-1': 29.48, 'm6-1': 100.74, 'm7-1': 10.86, 'm8-1': 1.05}",1.5750000000000002,187.85800000000003,188.90800000000004,inf,297.036,297.036
180,T5,BESTEFFORT,COMPLETED,m8-1,192.076,"{'m1-1': 153.02, 'm2-1': 25.55, 'm3-1': 28.48, 'm4-1': 26.72, 'm5-1': 24.73, 'm6-1': 107.24, 'm7-1': 9.84, 'm8-1': 1.03}",1.545,192.076,193.106,inf,302.076,302.076
181,T7,BESTEFFORT,COMPLETED,m8-1,192.881,"{'m1-1': 150.62, 'm2-1': 28.28, 'm3-1': 23.23, 'm4-1': 27.66, 'm5-1': 28.7, 'm6-1': 116.28, 'm7-1': 9.68, 'm8-1': 0.96}",1.44,193.106,194.066,inf,302.881,302.881
182,T8,BESTEFFORT,COMPLETED,m8-1,193.381,"{'m1-1': 159.24, 'm2-1': 24.92, 'm3-1': 28.14, 'm4-1': 27.48, 'm5-1': 26.61, 'm6-1': 106.42, 'm7-1': 10.59, 'm8-1': 1.1}",1.6500000000000001,194.066,195.166,inf,303.381,303.381
183,T10,BESTEFFORT,COMPLETED,m8-1,193.56,"{'m1-1': 169.17, 'm2-1': 23.63, 'm3-1': 27.53, 'm4-1': 25.3, 'm5-1': 27.4, 'm6-1': 107.09, 'm7-1': 11.16, 'm8-1': 1.03}",1.545,195.166,196.196,inf,303.56,303.56
184,T3,BESTEFFORT,COMPLETED,m8-1,193.926,"{'m1-1': 146.35, 'm2-1': 25.48, 'm3-1': 27.29, 'm4-1': 27.78, 'm5-1': 27.59, 'm6-1': 103.45, 'm7-1': 10.87, 'm8-1': 0.97}",1.455,196.196,197.166,inf,303.926,303.926
185,T6,BESTEFFORT,COMPLETED,m8-1,196.592,"{'m1-1': 155.44, 'm2-1': 26.4, 'm3-1': 25.83, 'm4-1': 28.79, 'm5-1': 24.35, 'm6-1': 109.89, 'm7-1': 10.32, 'm8-1': 1.1}",1.6500000000000001,197.166,198.266,inf,306.592,306.592
186,T6,BESTEFFORT,COMPLETED,m8-1,198.201,"{'m1-1': 149.62, 'm2-1': 24.7, 'm3-1': 26.04, 'm4-1': 27.72, 'm5-1': 27.36, 'm6-1': 108.64, 'm7-1': 11.32, 'm8-1': 1.0}",1.5,198.266,199.266,inf,308.201,308.201
187,T10,BESTEFFORT,COMPLETED,m8-1,200.135,"{'m1-1': 145.75, 'm2-1': 24.23, 'm3-1': 25.09, 'm4-1': 24.56, 'm5-1': 24.25, 'm6-1': 108.39, 'm7-1': 11.39, 'm8-1': 1.16}",1.7399999999999998,200.135,201.295,inf,310.135,310.135
188,T8,BESTEFFORT,COMPLETED,m8-1,200.773,"{'m1-1': 155.04, 'm2-1': 25.47, 'm3-1': 28.91, 'm4-1': 23.74, 'm5-1': 25.26, 'm6-1': 113.73, 'm7-1': 9.47, 'm8-1': 0.97}",1.455,201.295,202.265,inf,310.773,310.773
189,T8,BESTEFFORT,COMPLETED,m8-1,201.377,"{'m1-1': 163.53, 'm2-1': 27.6, 'm3-1': 28.02, 'm4-1': 26.4, 'm5-1': 26.5, 'm6-1': 106.76, 'm7-1': 9.67, 'm8-1': 0.99}",1.4849999999999999,202.265,203.255,inf,311.377,311.377
190,T8,BESTEFFORT,COMPLETED,m8-1,202.044,"{'m1-1': 166.3, 'm2-1': 26.45, 'm3-1': 28.42, 'm4-1': 27.94, 'm5-1': 25.98, 'm6-1': 108.46, 'm7-1': 10.41, 'm8-1': 1.08}",1.62,203.255,204.335,inf,312.044,312.044
191,T2,BESTEFFORT,COMPLETED,m8-1,203.081,"{'m1-1': 155.44, 'm2-1': 24.34, 'm3-1': 26.42, 'm4-1': 26.21, 'm5-1': 25.65, 'm6-1': 101.86, 'm7-1': 11.09, 'm8-1': 1.07}",1.605,204.335,205.405,inf,313.081,313.081
192,T7,BESTEFFORT,COMPLETED,m8-1,203.167,"{'m1-1': 174.14, 'm2-1': 27.4, 'm3-1': 25.84, 'm4-1': 27.7, 'm5-1': 27.1, 'm6-1': 110.87, 'm7-1': 10.85, 'm8-1': 0.98}",1.47,205.405,206.385,inf,313.16700000000003,313.16700000000003
193,T3,BESTEFFORT,COMPLETED,m8-1,203.595,"{'m1-1': 155.1, 'm2-1': 29.19, 'm3-1': 28.35, 'm4-1': 27.82, 'm5-1': 26.29, 'm6-1': 112.87, 'm7-1': 9.42, 'm8-1': 1.08}",1.62,206.385,207.465,inf,313.595,313.595
194,T7,BESTEFFORT,COMPLETED,m8-1,207.103,"{'m1-1': 159.59, 'm2-1': 29.29, 'm3-1': 23.85, 'm4-1': 27.52, 'm5-1': 25.79, 'm6-1': 99.5, 'm7-1': 11.13, 'm8-1': 0.97}",1.455,207.465,208.435,inf,317.103,317.103
195,T4,BESTEFFORT,COMPLETED,m8-1,207.463,"{'m1-1': 157.93, 'm2-1': 26.87, 'm3-1': 29.4, 'm4-1': 27.09, 'm5-1': 24.9, 'm6-1': 110.26, 'm7-1': 10.68, 'm8-1': 1.06}",1.59,208.435,209.495,inf,317.46299999999997,317.46299999999997
196,T2,BESTEFFORT,COMPLETED,m8-1,208.705,"{'m1-1': 152.68, 'm2-1': 27.15, 'm3-1': 27.61, 'm4-1': 25.57, 'm5-1': 27.6, 'm6-1': 104.01, 'm7-1': 10.59, 'm8-1': 0.99}",1.4849999999999999,209.495,210.485,inf,318.70500000000004,318.70500000000004
197,T1,BESTEFFORT,COMPLETED,m8-1,209.158,"{'m1-1': 160.73, 'm2-1': 28.43, 'm3-1': 27.44, 'm4-1': 23.97, 'm5-1': 24.39, 'm6-1': 109.57, 'm7-1': 9.96, 'm8-1': 1.1}",1.6500000000000001,210.485,211.585,inf,319.158,319.158
198,T3,BESTEFFORT,COMPLETED,m8-1,209.424,"{'m1-1': 149.94, 'm2-1': 29.07, 'm3-1': 28.97, 'm4-1': 27.9, 'm5-1': 25.09, 'm6-1': 109.96, 'm7-1': 10.42, 'm8-1': 1.13}",1.6949999999999998,211.585,212.715,inf,319.424,319.424
199,T4,BESTEFFORT,COMPLETED,m8-1,211.132,"{'m1-1': 161.73, 'm2-1': 27.2, 'm3-1': 29.44, 'm4-1': 26.54, 'm5-1': 29.32, 'm6-1': 101.32, 'm7-1': 10.83, 'm8-1': 1.02}",1.53,212.715,213.735,inf,321.132,321.132
200,T9,BESTEFFORT,COMPLETED,m8-1,211.327,"{'m1-1': 169.74, 'm2-1': 26.2, 'm3-1': 28.19, 'm4-1': 26.48, 'm5-1': 27.18, 'm6-1': 96.41, 'm7-1': 11.47, 'm8-1': 1.03}",1.545,213.735,214.76500000000001,inf,321.327,321.327
201,T9,BESTEFFORT,COMPLETED,m8-1,212.393,"{'m1-1': 161.65, 'm2-1': 26.64, 'm3-1': 25.53, 'm4-1': 23.58, 'm5-1': 26.52, 'm6-1': 100.03, 'm7-1': 10.58, 'm8-1': 1.02}",1.53,214.76500000000001,215.78500000000003,inf,322.39300000000003,322.39300000000003
202,T9,BESTEFFORT,COMPLETED,m7-1,212.394,"{'m1-1': 163.1, 'm2-1': 29.41, 'm3-1': 25.85, 'm4-1': 24.96, 'm5-1': 28.36, 'm6-1': 106.7, 'm7-1': 10.73, 'm8-1': 1.1}",16.095,212.394,223.124,inf,322.394,322.394
203,T3,BESTEFFORT,COMPLETED,m8-1,214.198,"{'m1-1': 150.36, 'm2-1': 26.44, 'm3-1': 29.25, 'm4-1': 26.19, 'm5-1': 25.14, 'm6-1': 110.13, 'm7-1': 9.71, 'm8-1': 1.03}",1.545,215.78500000000003,216.81500000000003,inf,324.198,324.198
204,T4,BESTEFFORT,COMPLETED,m8-1,214.943,"{'m1-1': 161.37, 'm2-1': 27.12, 'm3-1': 26.72, 'm4-1': 25.43, 'm5-1': 26.03, 'm6-1': 99.8, 'm7-1': 10.45, 'm8-1': 0.92}",1.3800000000000001,216.81500000000003,217.735,inf,324.943,324.943
205,T2,BESTEFFORT,COMPLETED,m8-1,215.116,"{'m1-1': 167.29, 'm2-1': 24.49, 'm3-1': 24.75, 'm4-1': 23.68, 'm5-1': 24.6, 'm6-1': 118.69, 'm7-1': 11.3, 'm8-1': 1.01}",1.5150000000000001,217.735,218.745,inf,325.116,325.116
206,T1,BESTEFFORT,COMPLETED,m8-1,217.526,"{'m1-1': 153.94, 'm2-1': 28.68, 'm3-1': 27.98, 'm4-1': 23.9, 'm5-1': 23.82, 'm6-1': 96.87, 'm7-1': 10.47, 'm8-1': 1.02}",1.53,218.745,219.76500000000001,inf,327.526,327.526
207,T6,BESTEFFORT,COMPLETED,m8-1,217.612,"{'m1-1': 167.02, 'm2-1': 28.84, 'm3-1': 24.16, 'm4-1': 29.29, 'm5-1': 27.24, 'm6-1': 112.69, 'm7-1': 9.83, 'm8-1': 1.04}",1.56,219.76500000000001,220.805,inf,327.61199999999997,327.61199999999997
208,T3,BESTEFFORT,COMPLETED,m8-1,217.803,"{'m1-1': 168.38, 'm2-1': 29.21, 'm3-1': 25.21, 'm4-1': 27.9, 'm5-1': 25.29, 'm6-1': 104.24, 'm7-1': 10.32, 'm8-1': 1.07}",1.605,220.805,221.875,inf,327.803,327.803
209,T6,BESTEFFORT,COMPLETED,m8-1,220.491,"{'m1-1': 156.56, 'm2-1': 28.19, 'm3-1': 26.32, 'm4-1': 27.42, 'm5-1': 27.2, 'm6-1': 101.8, 'm7-1': 11.37, 'm8-1': 1.09}",1.6350000000000002,221.875,222.965,inf,330.491,330.491
210,T1,BESTEFFORT,COMPLETED,m8-1,220.564,"{'m1-1': 145.23, 'm2-1': 24.64, 'm3-1': 26.44, 'm4-1': 27.06, 'm5-1': 25.7, 'm6-1': 101.94, 'm7-1': 9.95, 'm8-1': 1.02}",1.53,222.965,223.985,inf,330.56399999999996,330.56399999999996
211,T3,BESTEFFORT,COMPLETED,m8-1,221.511,"{'m1-1': 163.85, 'm2-1': 26.83, 'm3-1': 27.17, 'm4-1': 24.54, 'm5-1': 25.74, 'm6-1': 111.57, 'm7-1': 10.05, 'm8-1': 1.07}",1.605,223.985,225.055,inf,331.51099999999997,331.51099999999997
212,T6,BESTEFFORT,COMPLETED,m8-1,221.996,"{'m1-1': 146.71, 'm2-1': 27.06, 'm3-1': 27.26, 'm4-1': 28.98, 'm5-1': 25.91, 'm6-1': 115.82, 'm7-1': 11.38, 'm8-1': 1.06}",1.59,225.055,226.115,inf,331.996,331.996
213,T7,BESTEFFORT,COMPLETED,m7-1,221.997,"{'m1-1': 170.55, 'm2-1': 27.49, 'm3-1': 24.67, 'm4-1': 26.21, 'm5-1': 28.35, 'm6-1': 113.72, 'm7-1': 11.29, 'm8-1': 1.09}",16.935,223.124,234.414,inf,331.997,331.997
214,T5,BESTEFFORT,COMPLETED,m7-1,222.33,"{'m1-1': 150.7, 'm2-1': 24.65, 'm3-1': 26.84, 'm4-1': 24.09, 'm5-1': 25.59, 'm6-1': 106.14, 'm7-1': 9.89, 'm8-1': 0.96}",14.835,234.414,244.30399999999997,inf,332.33000000000004,332.33000000000004
215,T5,BESTEFFORT,COMPLETED,m8-1,224.966,"{'m1-1': 146.5, 'm2-1': 24.73, 'm3-1': 28.62, 'm4-1': 27.72, 'm5-1': 25.02, 'm6-1': 97.51, 'm7-1': 9.78, 'm8-1': 1.02}",1.53,226.115,227.13500000000002,inf,334.966,334.966
216,T8,BESTEFFORT,COMPLETED,m8-1,230.25,"{'m1-1': 155.96, 'm2-1': 25.79, 'm3-1': 24.62, 'm4-1': 26.49, 'm5-1': 27.48, 'm6-1': 105.42, 'm7-1': 10.73, 'm8-1': 1.02}",1.53,230.25,231.27,inf,340.25,340.25
217,T6,BESTEFFORT,COMPLETED,m8-1,230.636,"{'m1-1': 155.49, 'm2-1': 27.42, 'm3-1': 26.88, 'm4-1': 27.0, 'm5-1': 24.81, 'm6-1': 113.5, 'm7-1': 10.32, 'm8-1': 1.0}",1.5,231.27,232.27,inf,340.63599999999997,340.63599999999997
218,T9,BESTEFFORT,COMPLETED,m8-1,231.216,"{'m1-1': 156.43, 'm2-1': 29.31, 'm3-1': 28.78, 'm4-1': 23.5, 'm5-1': 27.66, 'm6-1': 113.11, 'm7-1': 9.76, 'm8-1': 0.95}",1.4249999999999998,232.27,233.22,inf,341.216,341.216
219,T2,BESTEFFORT,COMPLETED,m8-1,232.57,"{'m1-1': 164.43, 'm2-1': 25.14, 'm3-1': 24.42, 'm4-1': 23.38, 'm5-1': 24.58, 'm6-1': 113.56, 'm7-1': 11.12, 'm8-1': 0.97}",1.455,233.22,234.19,inf,342.57,342.57
220,T2,BESTEFFORT,COMPLETED,m8-1,232.584,"{'m1-1': 166.73, 'm2-1': 25.04, 'm3-1': 25.55, 'm4-1': 25.33, 'm5-1': 25.77, 'm6-1': 108.15, 'm7-1': 10.82, 'm8-1': 1.04}",1.56,234.19,235.23,inf,342.584,342.584
221,T10,BESTEFFORT,COMPLETED,m8-1,232.83,"{'m1-1': 157.61, 'm2-1': 26.61, 'm3-1': 24.84, 'm4-1': 26.74, 'm5-1': 27.48, 'm6-1': 96.25, 'm7-1': 10.36, 'm8-1': 1.1}",1.6500000000000001,235.23,236.32999999999998,inf,342.83000000000004,342.83000000000004
222,T3,BESTEFFORT,COMPLETED,m8-1,233.826,"{'m1-1': 167.13, 'm2-1': 28.67, 'm3-1': 27.19, 'm4-1': 26.54, 'm5-1': 28.36, 'm6-1': 105.94, 'm7-1': 9.59, 'm8-1': 1.1}",1.6500000000000001,236.32999999999998,237.42999999999998,inf,343.826,343.826
223,T8,BESTEFFORT,COMPLETED,m8-1,236.643,"{'m1-1': 151.72, 'm2-1': 23.81, 'm3-1': 27.52, 'm4-1': 24.0, 'm5-1': 27.95, 'm6-1': 113.99, 'm7-1': 10.9, 'm8-1': 1.12}",1.6800000000000002,237.42999999999998,238.54999999999998,inf,346.64300000000003,346.64300000000003
224,T4,BESTEFFORT,COMPLETED,m8-1,238.253,"{'m1-1': 168.35, 'm2-1': 24.91, 'm3-1': 29.11, 'm4-1': 24.8, 'm5-1': 27.98, 'm6-1': 106.85, 'm7-1': 11.25, 'm8-1': 1.07}",1.605,238.54999999999998,239.61999999999998,inf,348.253,348.253
225,T4,BESTEFFORT,COMPLETED,m8-1,239.664,"{'m1-1': 173.12, 'm2-1': 25.82, 'm3-1': 26.32, 'm4-1': 27.42, 'm5-1': 25.51, 'm6-1': 96.57, 'm7-1': 10.93, 'm8-1': 0.98}",1.47,239.664,240.64399999999998,inf,349.664,349.664
226,T1,BESTEFFORT,COMPLETED,m8-1,240.549,"{'m1-1': 153.43, 'm2-1': 24.35, 'm3-1': 27.22, 'm4-1': 24.57, 'm5-1': 24.39, 'm6-1': 110.44, 'm7-1': 10.71, 'm8-1': 1.16}",1.7399999999999998,240.64399999999998,241.80399999999997,inf,350.549,350.549
227,T4,BESTEFFORT,COMPLETED,m8-1,241.188,"{'m1-1': 163.11, 'm2-1': 26.08, 'm3-1': 25.4, 'm4-1': 25.46, 'm5-1': 25.29, 'm6-1': 100.11, 'm7-1': 10.75, 'm8-1': 1.0}",1.5,241.80399999999997,242.80399999999997,inf,351.188,351.188
228,T1,BESTEFFORT,COMPLETED,m8-1,242.296,"{'m1-1': 155.62, 'm2-1': 24.56, 'm3-1': 27.16, 'm4-1': 24.22, 'm5-1': 24.86, 'm6-1': 96.52, 'm7-1': 9.75, 'm8-1': 1.0}",1.5,242.80399999999997,243.80399999999997,inf,352.296,352.296
229,T6,BESTEFFORT,COMPLETED,m8-1,243.919,"{'m1-1': 167.16, 'm2-1': 25.9, 'm3-1': 23.38, 'm4-1': 28.79, 'm5-1': 28.52, 'm6-1': 114.71, 'm7-1': 11.4, 'm8-1': 1.14}",1.71,243.919,245.059,inf,353.919,353.919
230,T7,BESTEFFORT,COMPLETED,m8-1,243.982,"{'m1-1': 156.07, 'm2-1': 26.15, 'm3-1': 24.09, 'm4-1': 25.97, 'm5-1': 26.72, 'm6-1': 100.97, 'm7-1': 11.41, 'm8-1': 1.08}",1.62,245.059,246.139,inf,353.98199999999997,353.98199999999997
231,T2,BESTEFFORT,COMPLETED,m8-1,244.233,"{'m1-1': 155.08, 'm2-1': 25.92, 'm3-1': 26.08, 'm4-1': 27.38, 'm5-1': 26.86, 'm6-1': 106.75, 'm7-1': 11.0, 'm8-1': 0.97}",1.455,246.139,247.109,inf,354.233,354.233
232,T6,BESTEFFORT,COMPLETED,m8-1,244.673,"{'m1-1': 169.58, 'm2-1': 27.21, 'm3-1': 25.3, 'm4-1': 24.93, 'm5-1': 25.48, 'm6-1': 113.98, 'm7-1': 11.12, 'm8-1': 1.13}",1.6949999999999998,247.109,248.239,inf,354.673,354.673
233,T8,BESTEFFORT,COMPLETED,m8-1,245.148,"{'m1-1': 140.57, 'm2-1': 25.4, 'm3-1': 26.2, 'm4-1': 27.12, 'm5-1': 28.68, 'm6-1': 98.89, 'm7-1': 9.69, 'm8-1': 1.15}",1.7249999999999999,248.239,249.389,inf,355.148,355.148
234,T5,BESTEFFORT,COMPLETED,m7-1,245.181,"{'m1-1': 147.29, 'm2-1': 24.76, 'm3-1': 25.46, 'm4-1': 28.32, 'm5-1': 23.94, 'm6-1': 96.82, 'm7-1': 9.64, 'm8-1': 0.96}",14.46,245.181,254.82100000000003,inf,355.18100000000004,355.18100000000004
235,T9,BESTEFFORT,COMPLETED,m7-1,245.546,"{'m1-1': 161.75, 'm2-1': 29.32, 'm3-1': 25.81, 'm4-1': 25.06, 'm5-1': 25.62, 'm6-1': 99.22, 'm7-1': 10.96, 'm8-1': 1.09}",16.44,254.82100000000003,265.781,inf,355.546,355.546
236,T4,BESTEFFORT,COMPLETED,m2-1,245.835,"{'m1-1': 152.98, 'm2-1': 23.92, 'm3-1': 29.19, 'm4-1': 26.6, 'm5-1': 27.73, 'm6-1': 106.84, 'm7-1': 11.33, 'm8-1': 1.09}",35.88,245.835,269.755,inf,355.83500000000004,355.83500000000004
237,T2,BESTEFFORT,COMPLETED,m8-1,247.105,"{'m1-1': 162.16, 'm2-1': 23.95, 'm3-1': 24.19, 'm4-1': 26.8, 'm5-1': 27.12, 'm6-1': 112.22, 'm7-1': 10.02, 'm8-1': 1.08}",1.62,249.389,250.46900000000002,inf,357.105,357.105
238,T5,BESTEFFORT,COMPLETED,m8-1,248.436,"{'m1-1': 161.24, 'm2-1': 28.49, 'm3-1': 27.63, 'm4-1': 24.92, 'm5-1': 25.8, 'm6-1': 109.52, 'm7-1': 10.42, 'm8-1': 1.04}",1.56,250.46900000000002,251.50900000000001,inf,358.43600000000004,358.43600000000004
239,T2,BESTEFFORT,COMPLETED,m8-1,250.042,"{'m1-1': 146.55, 'm2-1': 27.46, 'm3-1': 26.98, 'm4-1': 24.73, 'm5-1': 25.56, 'm6-1': 109.48, 'm7-1': 10.46, 'm8-1': 0.98}",1.47,251.50900000000001,252.489,inf,360.04200000000003,360.04200000000003
240,T3,BESTEFFORT,COMPLETED,m8-1,250.36,"{'m1-1': 146.45, 'm2-1': 26.09, 'm3-1': 25.64, 'm4-1': 25.91, 'm5-1': 27.84, 'm6-1': 99.8, 'm7-1': 9.45, 'm8-1': 1.06}",1.59,252.489,253.549,inf,360.36,360.36
241,T5,BESTEFFORT,COMPLETED,m4-1,250.388,"{'m1-1': 156.57, 'm2-1': 27.1, 'm3-1': 26.94, 'm4-1': 25.29, 'm5-1': 24.73, 'm6-1': 100.77, 'm7-1': 10.54, 'm8-1': 1.11}",37.935,250.388,275.678,inf,360.38800000000003,360.38800000000003
242,T7,BESTEFFORT,COMPLETED,m8-1,250.914,"{'m1-1': 156.93, 'm2-1': 28.93, 'm3-1': 23.34, 'm4-1': 27.07, 'm5-1': 27.54, 'm6-1': 116.64, 'm7-1': 10.85, 'm8-1': 1.12}",1.6800000000000002,253.549,254.669,inf,360.914,360.914
243,T9,BESTEFFORT,COMPLETED,m7-1,251.388,"{'m1-1': 158.29, 'm2-1': 28.05, 'm3-1': 24.95, 'm4-1': 23.78, 'm5-1': 25.32, 'm6-1': 98.57, 'm7-1': 10.15, 'm8-1': 0.96}",15.225000000000001,265.781,275.931,inf,361.38800000000003,361.38800000000003
244,T9,BESTEFFORT,COMPLETED,m8-1,254.155,"{'m1-1': 167.27, 'm2-1': 25.42, 'm3-1': 24.67, 'm4-1': 24.41, 'm5-1': 28.66, 'm6-1': 109.11, 'm7-1': 11.16, 'm8-1': 0.99}",1.4849999999999999,254.669,255.65900000000002,inf,364.155,364.155
245,T2,BESTEFFORT,COMPLETED,m8-1,254.307,"{'m1-1': 148.85, 'm2-1': 26.49, 'm3-1': 26.02, 'm4-1': 27.39, 'm5-1': 24.68, 'm6-1': 116.42, 'm7-1': 11.35, 'm8-1': 1.06}",1.59,255.65900000000002,256.719,inf,364.307,364.307
246,T1,BESTEFFORT,COMPLETED,m8-1,256.209,"{'m1-1': 163.94, 'm2-1': 26.7, 'm3-1': 24.98, 'm4-1': 25.89, 'm5-1': 26.35, 'm6-1': 95.53, 'm7-1': 9.65, 'm8-1': 1.02}",1.53,256.719,257.739,inf,366.209,366.209
247,T8,BESTEFFORT,COMPLETED,m8-1,257.596,"{'m1-1': 157.87, 'm2-1': 26.14, 'm3-1': 26.24, 'm4-1': 27.6, 'm5-1': 26.16, 'm6-1': 97.95, 'm7-1': 10.45, 'm8-1': 1.02}",1.53,257.739,258.75899999999996,inf,367.596,367.596
248,T10,BESTEFFORT,COMPLETED,m8-1,258.645,"{'m1-1': 170.52, 'm2-1': 23.69, 'm3-1': 24.18, 'm4-1': 24.47, 'm5-1': 26.43, 'm6-1': 99.84, 'm7-1': 10.84, 'm8-1': 1.12}",1.6800000000000002,258.75899999999996,259.87899999999996,inf,368.645,368.645
249,T5,BESTEFFORT,COMPLETED,m8-1,260.941,"{'m1-1': 163.62, 'm2-1': 26.63, 'm3-1': 25.45, 'm4-1': 25.35, 'm5-1': 26.49, 'm6-1': 107.97, 'm7-1': 9.84, 'm8-1': 0.99}",1.4849999999999999,260.941,261.931,inf,370.941,370.941
250,T10,BESTEFFORT,COMPLETED,m8-1,260.957,"{'m1-1': 158.66, 'm2-1': 24.98, 'm3-1': 27.18, 'm4-1': 23.52, 'm5-1': 26.12, 'm6-1': 100.44, 'm7-1': 10.54, 'm8-1': 1.17}",1.755,261.931,263.101,inf,370.957,370.957
251,T8,BESTEFFORT,COMPLETED,m8-1,262.148,"{'m1-1': 149.72, 'm2-1': 26.38, 'm3-1': 28.3, 'm4-1': 25.69, 'm5-1': 25.92, 'm6-1': 105.55, 'm7-1': 10.82, 'm8-1': 1.05}",1.5750000000000002,263.101,264.151,inf,372.148,372.148
252,T4,BESTEFFORT,COMPLETED,m8-1,262.582,"{'m1-1': 164.46, 'm2-1': 24.25, 'm3-1': 28.74, 'm4-1': 25.27, 'm5-1': 25.27, 'm6-1': 108.47, 'm7-1': 10.42, 'm8-1': 1.08}",1.62,264.151,265.231,inf,372.582,372.582
253,T10,BESTEFFORT,COMPLETED,m8-1,262.961,"{'m1-1': 165.94, 'm2-1': 26.04, 'm3-1': 26.8, 'm4-1': 24.43, 'm5-1': 26.12, 'm6-1': 102.41, 'm7-1': 10.4, 'm8-1': 1.12}",1.6800000000000002,265.231,266.351,inf,372.961,372.961
254,T6,BESTEFFORT,COMPLETED,m8-1,263.194,"{'m1-1': 171.66, 'm2-1': 25.23, 'm3-1': 25.01, 'm4-1': 25.71, 'm5-1': 26.12, 'm6-1': 97.91, 'm7-1': 10.21, 'm8-1': 1.05}",1.5750000000000002,266.351,267.401,inf,373.194,373.194
255,T7,BESTEFFORT,COMPLETED,m7-1,264.103,"{'m1-1': 155.15, 'm2-1': 25.83, 'm3-1': 25.54, 'm4-1': 27.75, 'm5-1': 26.9, 'm6-1': 113.16, 'm7-1': 11.36, 'm8-1': 1.07}",17.04,275.931,287.291,inf,374.103,374.103
256,T4,BESTEFFORT,COMPLETED,m8-1,264.822,"{'m1-1': 167.53, 'm2-1': 26.27, 'm3-1': 27.68, 'm4-1': 27.44, 'm5-1': 26.24, 'm6-1': 111.75, 'm7-1': 10.43, 'm8-1': 0.96}",1.44,267.401,268.361,inf,374.822,374.822
257,T6,BESTEFFORT,COMPLETED,m8-1,265.344,"{'m1-1': 145.39, 'm2-1': 26.12, 'm3-1': 23.17, 'm4-1': 26.27, 'm5-1': 27.15, 'm6-1': 99.24, 'm7-1': 10.73, 'm8-1': 1.02}",1.53,268.361,269.381,inf,375.344,375.344
258,T3,BESTEFFORT,COMPLETED,m5-1,265.488,"{'m1-1': 163.77, 'm2-1': 25.47, 'm3-1': 27.94, 'm4-1': 27.14, 'm5-1': 25.34, 'm6-1': 99.88, 'm7-1': 10.02, 'm8-1': 1.0}",38.01,265.488,290.828,inf,375.488,375.488
259,T9,BESTEFFORT,COMPLETED,m8-1,267.321,"{'m1-1': 171.86, 'm2-1': 27.47, 'm3-1': 28.02, 'm4-1': 23.22, 'm5-1': 28.9, 'm6-1': 95.61, 'm7-1': 10.74, 'm8-1': 1.02}",1.53,269.381,270.40099999999995,inf,377.321,377.321
260,T5,BESTEFFORT,COMPLETED,m8-1,267.465,"{'m1-1': 158.59, 'm2-1': 25.92, 'm3-1': 27.43, 'm4-1': 25.18, 'm5-1': 25.71, 'm6-1': 97.87, 'm7-1': 11.04, 'm8-1': 1.01}",1.5150000000000001,270.40099999999995,271.41099999999994,inf,377.465,377.465
261,T8,BESTEFFORT,COMPLETED,m3-1,267.567,"{'m1-1': 141.73, 'm2-1': 24.25, 'm3-1': 26.44, 'm4-1': 26.72, 'm5-1': 28.52, 'm6-1': 106.69, 'm7-1': 9.65, 'm8-1': 1.0}",39.660000000000004,267.567,294.007,inf,377.567,377.567
262,T2,BESTEFFORT,COMPLETED,m8-1,269.214,"{'m1-1': 162.19, 'm2-1': 25.65, 'm3-1': 25.28, 'm4-1': 23.6, 'm5-1': 26.6, 'm6-1': 102.78, 'm7-1': 9.88, 'm8-1': 1.08}",1.62,271.41099999999994,272.49099999999993,inf,379.214,379.214
263,T9,BESTEFFORT,COMPLETED,m8-1,269.924,"{'m1-1': 150.29, 'm2-1': 26.12, 'm3-1': 27.34, 'm4-1': 24.54, 'm5-1': 28.07, 'm6-1': 101.78, 'm7-1': 11.48, 'm8-1': 1.09}",1.6350000000000002,272.49099999999993,273.5809999999999,inf,379.924,379.924
264,T6,BESTEFFORT,COMPLETED,m8-1,271.223,"{'m1-1': 162.92, 'm2-1': 26.63, 'm3-1': 23.16, 'm4-1': 26.32, 'm5-1': 26.54, 'm6-1': 115.43, 'm7-1': 10.38, 'm8-1': 1.15}",1.7249999999999999,273.5809999999999,274.7309999999999,inf,381.223,381.223
265,T1,BESTEFFORT,COMPLETED,m8-1,272.517,"{'m1-1': 161.98, 'm2-1': 25.11, 'm3-1': 28.32, 'm4-1': 26.2, 'm5-1': 26.03, 'm6-1': 106.04, 'm7-1': 11.06, 'm8-1': 1.01}",1.5150000000000001,274.7309999999999,275.7409999999999,inf,382.517,382.517
266,T4,BESTEFFORT,COMPLETED,m8-1,272.666,"{'m1-1': 150.69, 'm2-1': 25.49, 'm3-1': 26.99, 'm4-1': 25.55, 'm5-1': 25.03, 'm6-1': 94.28, 'm7-1': 9.75, 'm8-1': 1.08}",1.62,275.7409999999999,276.82099999999986,inf,382.666,382.666
267,T8,BESTEFFORT,COMPLETED,m7-1,272.722,"{'m1-1': 151.57, 'm2-1': 26.27, 'm3-1': 25.52, 'm4-1': 25.14, 'm5-1': 26.44, 'm6-1': 100.44, 'm7-1': 9.42, 'm8-1': 1.01}",14.129999999999999,287.291,296.711,inf,382.722,382.722
268,T6,BESTEFFORT,COMPLETED,m8-1,274.484,"{'m1-1': 157.45, 'm2-1': 27.74, 'm3-1': 26.76, 'm4-1': 28.29, 'm5-1': 26.99, 'm6-1': 104.54, 'm7-1': 10.76, 'm8-1': 1.0}",1.5,276.82099999999986,277.82099999999986,inf,384.484,384.484
269,T2,BESTEFFORT,COMPLETED,m8-1,276.425,"{'m1-1': 143.56, 'm2-1': 28.31, 'm3-1': 25.72, 'm4-1': 23.85, 'm5-1': 27.75, 'm6-1': 101.94, 'm7-1': 10.28, 'm8-1': 1.13}",1.6949999999999998,277.82099999999986,278.95099999999985,inf,386.425,386.425
270,T3,BESTEFFORT,COMPLETED,m8-1,276.742,"{'m1-1': 168.5, 'm2-1': 26.79, 'm3-1': 25.39, 'm4-1': 28.22, 'm5-1': 25.52, 'm6-1': 101.34, 'm7-1': 10.92, 'm8-1': 1.1}",1.6500000000000001,278.95099999999985,280.0509999999999,inf,386.742,386.742
271,T6,BESTEFFORT,COMPLETED,m8-1,278.484,"{'m1-1': 162.7, 'm2-1': 24.65, 'm3-1': 24.5, 'm4-1': 25.51, 'm5-1': 24.93, 'm6-1': 102.32, 'm7-1': 11.47, 'm8-1': 1.1}",1.6500000000000001,280.0509999999999,281.1509999999999,inf,388.484,388.484
272,T10,BESTEFFORT,COMPLETED,m8-1,278.885,"{'m1-1': 156.29, 'm2-1': 25.11, 'm3-1': 25.32, 'm4-1': 24.22, 'm5-1': 23.82, 'm6-1': 96.78, 'm7-1': 9.8, 'm8-1': 1.12}",1.6800000000000002,281.1509999999999,282.2709999999999,inf,388.885,388.885
273,T8,BESTEFFORT,COMPLETED,m8-1,281.273,"{'m1-1': 164.35, 'm2-1': 23.36, 'm3-1': 28.19, 'm4-1': 25.91, 'm5-1': 28.41, 'm6-1': 99.69, 'm7-1': 9.95, 'm8-1': 1.14}",1.71,282.2709999999999,283.4109999999999,inf,391.273,391.273
274,T4,BESTEFFORT,COMPLETED,m8-1,281.313,"{'m1-1': 157.41, 'm2-1': 25.19, 'm3-1': 27.87, 'm4-1': 28.36, 'm5-1': 29.32, 'm6-1': 95.11, 'm7-1': 10.03, 'm8-1': 1.0}",1.5,283.4109999999999,284.4109999999999,inf,391.313,391.313
275,T3,BESTEFFORT,COMPLETED,m8-1,282.266,"{'m1-1': 169.04, 'm2-1': 26.22, 'm3-1': 27.89, 'm4-1': 26.12, 'm5-1': 28.13, 'm6-1': 98.46, 'm7-1': 9.44, 'm8-1': 1.03}",1.545,284.4109999999999,285.44099999999986,inf,392.266,392.266
276,T6,BESTEFFORT,COMPLETED,m8-1,282.48,"{'m1-1': 153.22, 'm2-1': 28.07, 'm3-1': 25.17, 'm4-1': 27.04, 'm5-1': 24.27, 'm6-1': 100.94, 'm7-1': 10.42, 'm8-1': 1.07}",1.605,285.44099999999986,286.51099999999985,inf,392.48,392.48
277,T4,BESTEFFORT,COMPLETED,m8-1,284.687,"{'m1-1': 157.69, 'm2-1': 25.68, 'm3-1': 28.84, 'm4-1': 24.96, 'm5-1': 25.07, 'm6-1': 100.71, 'm7-1': 9.68, 'm8-1': 0.95}",1.4249999999999998,286.51099999999985,287.46099999999984,inf,394.687,394.687
278,T5,BESTEFFORT,COMPLETED,m8-1,285.341,"{'m1-1': 147.43, 'm2-1': 27.14, 'm3-1': 26.46, 'm4-1': 28.14, 'm5-1': 27.17, 'm6-1': 104.6, 'm7-1': 10.65, 'm8-1': 1.09}",1.6350000000000002,287.46099999999984,288.5509999999998,inf,395.341,395.341
279,T1,BESTEFFORT,COMPLETED,m7-1,285.375,"{'m1-1': 148.23, 'm2-1': 26.53, 'm3-1': 26.64, 'm4-1': 23.24, 'm5-1': 26.36, 'm6-1': 101.55, 'm7-1': 10.38, 'm8-1': 1.14}",15.57,296.711,307.091,inf,395.375,395.375
280,T2,BESTEFFORT,COMPLETED,m8-1,286.971,"{'m1-1': 141.94, 'm2-1': 24.19, 'm3-1': 26.13, 'm4-1': 24.6, 'm5-1': 26.12, 'm6-1': 107.98, 'm7-1': 9.98, 'm8-1': 0.98}",1.47,288.5509999999998,289.53099999999984,inf,396.971,396.971
281,T10,BESTEFFORT,COMPLETED,m8-1,290.205,"{'m1-1': 145.33, 'm2-1': 24.54, 'm3-1': 24.03, 'm4-1': 26.02, 'm5-1': 27.19, 'm6-1': 106.61, 'm7-1': 11.11, 'm8-1': 1.0}",1.5,290.205,291.205,inf,400.205,400.205
282,T7,BESTEFFORT,COMPLETED,m8-1,290.227,"{'m1-1': 174.67, 'm2-1': 29.35, 'm3-1': 24.34, 'm4-1': 25.87, 'm5-1': 27.05, 'm6-1': 111.76, 'm7-1': 10.06, 'm8-1': 1.01}",1.5150000000000001,291.205,292.215,inf,400.227,400.227
283,T7,BESTEFFORT,COMPLETED,m8-1,291.006,"{'m1-1': 157.31, 'm2-1': 28.66, 'm3-1': 26.06, 'm4-1': 27.55, 'm5-1': 26.95, 'm6-1': 100.63, 'm7-1': 9.97, 'm8-1': 1.02}",1.53,292.215,293.23499999999996,inf,401.006,401.006
284,T2,BESTEFFORT,COMPLETED,m8-1,291.677,"{'m1-1': 167.0, 'm2-1': 25.84, 'm3-1': 24.58, 'm4-1': 23.52, 'm5-1': 27.17, 'm6-1': 102.69, 'm7-1': 9.75, 'm8-1': 1.1}",1.6500000000000001,293.23499999999996,294.335,inf,401.677,401.677
285,T2,BESTEFFORT,COMPLETED,m8-1,292.306,"{'m1-1': 144.53, 'm2-1': 25.83, 'm3-1': 27.83, 'm4-1': 24.68, 'm5-1': 26.66, 'm6-1': 103.78, 'm7-1': 11.18, 'm8-1': 1.11}",1.665,294.335,295.445,inf,402.306,402.306
286,T1,BESTEFFORT,COMPLETED,m8-1,293.151,"{'m1-1': 162.94, 'm2-1': 27.53, 'm3-1': 28.03, 'm4-1': 23.22, 'm5-1': 26.82, 'm6-1': 96.9, 'm7-1': 10.89, 'm8-1': 1.16}",1.7399999999999998,295.445,296.605,inf,403.151,403.151
287,T7,BESTEFFORT,COMPLETED,m8-1,294.196,"{'m1-1': 155.98, 'm2-1': 28.67, 'm3-1': 24.64, 'm4-1': 23.89, 'm5-1': 24.4, 'm6-1': 103.77, 'm7-1': 11.45, 'm8-1': 0.98}",1.47,296.605,297.58500000000004,inf,404.196,404.196
288,T7,BESTEFFORT,COMPLETED,m8-1,295.518,"{'m1-1': 160.41, 'm2-1': 26.36, 'm3-1': 24.45, 'm4-1': 26.49, 'm5-1': 27.72, 'm6-1': 114.67, 'm7-1': 10.75, 'm8-1': 0.97}",1.455,297.58500000000004,298.55500000000006,inf,405.518,405.518
289,T7,BESTEFFORT,COMPLETED,m8-1,296.07,"{'m1-1': 148.24, 'm2-1': 29.33, 'm3-1': 24.15, 'm4-1': 27.82, 'm5-1': 24.33, 'm6-1': 110.72, 'm7-1': 11.16, 'm8-1': 1.0}",1.5,298.55500000000006,299.55500000000006,inf,406.07,406.07
290,T1,BESTEFFORT,COMPLETED,m8-1,297.381,"{'m1-1': 157.22, 'm2-1': 28.47, 'm3-1': 27.22, 'm4-1': 23.49, 'm5-1': 24.24, 'm6-1': 106.56, 'm7-1': 10.47, 'm8-1': 1.09}",1.6350000000000002,299.55500000000006,300.64500000000004,inf,407.381,407.381
291,T6,BESTEFFORT,COMPLETED,m8-1,300.208,"{'m1-1': 146.74, 'm2-1': 26.9, 'm3-1': 25.77, 'm4-1': 27.0, 'm5-1': 25.04, 'm6-1': 109.37, 'm7-1': 9.99, 'm8-1': 0.98}",1.47,300.64500000000004,301.62500000000006,inf,410.208,410.208
292,T6,BESTEFFORT,COMPLETED,m8-1,301.035,"{'m1-1': 162.63, 'm2-1': 25.16, 'm3-1': 24.14, 'm4-1': 26.32, 'm5-1': 25.21, 'm6-1': 105.95, 'm7-1': 11.0, 'm8-1': 1.0}",1.5,301.62500000000006,302.62500000000006,inf,411.035,411.035
293,T10,BESTEFFORT,COMPLETED,m8-1,301.927,"{'m1-1': 148.83, 'm2-1': 26.78, 'm3-1': 25.26, 'm4-1': 23.56, 'm5-1': 25.93, 'm6-1': 110.01, 'm7-1': 10.31, 'm8-1': 1.04}",1.56,302.62500000000006,303.6650000000001,inf,411.927,411.927
294,T9,BESTEFFORT,COMPLETED,m8-1,303.301,"{'m1-1': 148.23, 'm2-1': 28.88, 'm3-1': 27.54, 'm4-1': 23.4, 'm5-1': 26.22, 'm6-1': 112.02, 'm7-1': 11.27, 'm8-1': 1.02}",1.53,303.6650000000001,304.68500000000006,inf,413.301,413.301
295,T8,BESTEFFORT,COMPLETED,m8-1,303.658,"{'m1-1': 141.64, 'm2-1': 26.87, 'm3-1': 26.91, 'm4-1': 23.76, 'm5-1': 29.48, 'm6-1': 108.11, 'm7-1': 10.2, 'm8-1': 1.07}",1.605,304.68500000000006,305.75500000000005,inf,413.658,413.658
296,T2,BESTEFFORT,COMPLETED,m8-1,305.187,"{'m1-1': 150.0, 'm2-1': 28.42, 'm3-1': 23.9, 'm4-1': 23.95, 'm5-1': 27.91, 'm6-1': 111.53, 'm7-1': 11.36, 'm8-1': 1.08}",1.62,305.75500000000005,306.83500000000004,inf,415.187,415.187
297,T5,BESTEFFORT,COMPLETED,m8-1,307.582,"{'m1-1': 145.9, 'm2-1': 27.02, 'm3-1': 26.36, 'm4-1': 28.11, 'm5-1': 23.78, 'm6-1': 106.42, 'm7-1': 10.21, 'm8-1': 0.98}",1.47,307.582,308.562,inf,417.582,417.582
298,T4,BESTEFFORT,COMPLETED,m8-1,307.952,"{'m1-1': 176.29, 'm2-1': 25.67, 'm3-1': 26.31, 'm4-1': 25.02, 'm5-1': 29.03, 'm6-1': 103.88, 'm7-1': 10.49, 'm8-1': 0.93}",1.395,308.562,309.492,inf,417.952,417.952
299,T9,BESTEFFORT,COMPLETED,m8-1,308.414,"{'m1-1': 166.41, 'm2-1': 29.5, 'm3-1': 27.27, 'm4-1': 23.24, 'm5-1': 26.51, 'm6-1': 98.96, 'm7-1': 10.57, 'm8-1': 1.01}",1.5150000000000001,309.492,310.502,inf,418.414,418.414
300,T1,BESTEFFORT,COMPLETED,m8-1,310.364,"{'m1-1': 148.81, 'm2-1': 25.24, 'm3-1': 29.14, 'm4-1': 23.05, 'm5-1': 26.1, 'm6-1': 102.53, 'm7-1': 9.63, 'm8-1': 1.15}",1.7249999999999999,310.502,311.652,inf,420.364,420.364
301,T10,BESTEFFORT,COMPLETED,m8-1,311.175,"{'m1-1': 171.17, 'm2-1': 24.53, 'm3-1': 25.73, 'm4-1': 27.19, 'm5-1': 25.05, 'm6-1': 109.12, 'm7-1': 9.99, 'm8-1': 1.12}",1.6800000000000002,311.652,312.772,inf,421.175,421.175
302,T2,BESTEFFORT,COMPLETED,m8-1,311.899,"{'m1-1': 155.18, 'm2-1': 27.27, 'm3-1': 26.26, 'm4-1': 25.32, 'm5-1': 26.17, 'm6-1': 112.95, 'm7-1': 10.75, 'm8-1': 1.07}",1.605,312.772,313.842,inf,421.899,421.899
303,T8,BESTEFFORT,COMPLETED,m8-1,312.179,"{'m1-1': 145.5, 'm2-1': 25.05, 'm3-1': 27.64, 'm4-1': 25.69, 'm5-1': 27.07, 'm6-1': 107.4, 'm7-1': 10.6, 'm8-1': 0.98}",1.47,313.842,314.822,inf,422.179,422.179
304,T5,BESTEFFORT,COMPLETED,m8-1,312.854,"{'m1-1': 156.04, 'm2-1': 25.99, 'm3-1': 24.91, 'm4-1': 27.23, 'm5-1': 25.57, 'm6-1': 104.49, 'm7-1': 9.73, 'm8-1': 0.96}",1.44,314.822,315.782,inf,422.854,422.854
305,T4,BESTEFFORT,COMPLETED,m8-1,312.965,"{'m1-1': 166.72, 'm2-1': 26.99, 'm3-1': 29.1, 'm4-1': 24.58, 'm5-1': 29.01, 'm6-1': 110.96, 'm7-1': 11.19, 'm8-1': 0.95}",1.4249999999999998,315.782,316.73199999999997,inf,422.965,422.965
306,T3,BESTEFFORT,COMPLETED,m7-1,313.087,"{'m1-1': 155.71, 'm2-1': 29.32, 'm3-1': 28.02, 'm4-1': 28.22, 'm5-1': 24.68, 'm6-1': 106.34, 'm7-1': 10.91, 'm8-1': 0.95}",16.365000000000002,313.087,323.997,inf,423.087,423.087
307,T4,BESTEFFORT,COMPLETED,m7-1,313.625,"{'m1-1': 158.76, 'm2-1': 26.29, 'm3-1': 27.47, 'm4-1': 25.52, 'm5-1': 28.4, 'm6-1': 95.28, 'm7-1': 10.27, 'm8-1': 1.03}",15.405,323.997,334.267,inf,423.625,423.625
308,T6,BESTEFFORT,COMPLETED,m8-1,314.173,"{'m1-1': 157.05, 'm2-1': 25.08, 'm3-1': 24.16, 'm4-1': 24.76, 'm5-1': 25.5, 'm6-1': 101.59, 'm7-1': 11.1, 'm8-1': 1.12}",1.6800000000000002,316.73199999999997,317.852,inf,424.173,424.173
309,T2,BESTEFFORT,COMPLETED,m2-1,314.424,"{'m1-1': 167.39, 'm2-1': 24.29, 'm3-1': 28.37, 'm4-1': 25.6, 'm5-1': 26.2, 'm6-1': 118.54, 'm7-1': 10.06, 'm8-1': 1.12}",36.435,314.424,338.714,inf,424.424,424.424
310,T10,BESTEFFORT,COMPLETED,m8-1,314.928,"{'m1-1': 166.26, 'm2-1': 26.23, 'm3-1': 24.58, 'm4-1': 23.7, 'm5-1': 27.56, 'm6-1': 105.98, 'm7-1': 10.35, 'm8-1': 1.05}",1.5750000000000002,317.852,318.902,inf,424.928,424.928
311,T1,BESTEFFORT,COMPLETED,m4-1,315.425,"{'m1-1': 151.09, 'm2-1': 25.71, 'm3-1': 26.04, 'm4-1': 25.06, 'm5-1': 24.08, 'm6-1': 108.31, 'm7-1': 10.4, 'm8-1': 1.03}",37.589999999999996,315.425,340.485,inf,425.425,425.425
312,T2,BESTEFFORT,COMPLETED,m8-1,316.411,"{'m1-1': 163.52, 'm2-1': 24.43, 'm3-1': 26.84, 'm4-1': 24.36, 'm5-1': 25.14, 'm6-1': 103.52, 'm7-1': 9.66, 'm8-1': 1.03}",1.545,318.902,319.93199999999996,inf,426.411,426.411
313,T6,BESTEFFORT,COMPLETED,m8-1,317.379,"{'m1-1': 169.26, 'm2-1': 26.71, 'm3-1': 24.64, 'm4-1': 25.52, 'm5-1': 27.59, 'm6-1': 103.52, 'm7-1': 10.75, 'm8-1': 1.16}",1.7399999999999998,319.93199999999996,321.092,inf,427.379,427.379
314,T6,BESTEFFORT,COMPLETED,m3-1,317.398,"{'m1-1': 161.31, 'm2-1': 28.37, 'm3-1': 23.58, 'm4-1': 25.01, 'm5-1': 25.76, 'm6-1': 106.79, 'm7-1': 11.11, 'm8-1': 1.02}",35.37,317.398,340.978,inf,427.398,427.398
315,T2,BESTEFFORT,COMPLETED,m8-1,318.053,"{'m1-1': 146.65, 'm2-1': 28.41, 'm3-1': 28.39, 'm4-1': 27.08, 'm5-1': 25.13, 'm6-1': 115.86, 'm7-1': 11.23, 'm8-1': 1.12}",1.6800000000000002,321.092,322.212,inf,428.053,428.053
316,T8,BESTEFFORT,COMPLETED,m5-1,318.139,"{'m1-1': 165.32, 'm2-1': 25.73, 'm3-1': 26.87, 'm4-1': 24.33, 'm5-1': 26.24, 'm6-1': 106.8, 'm7-1': 10.82, 'm8-1': 1.14}",39.36,318.139,344.379,inf,428.139,428.139
317,T1,BESTEFFORT,COMPLETED,m7-1,318.636,"{'m1-1': 147.11, 'm2-1': 24.78, 'm3-1': 27.57, 'm4-1': 25.89, 'm5-1': 23.59, 'm6-1': 93.99, 'm7-1': 11.01, 'm8-1': 1.12}",16.515,334.267,345.277,inf,428.636,428.636
318,T10,BESTEFFORT,COMPLETED,m7-1,318.816,"{'m1-1': 147.84, 'm2-1': 24.5, 'm3-1': 24.74, 'm4-1': 24.66, 'm5-1': 24.6, 'm6-1': 97.53, 'm7-1': 11.46, 'm8-1': 1.15}",17.19,345.277,356.73699999999997,inf,428.816,428.816
319,T8,BESTEFFORT,COMPLETED,m8-1,320.363,"{'m1-1': 153.52, 'm2-1': 25.52, 'm3-1': 24.78, 'm4-1': 26.59, 'm5-1': 25.48, 'm6-1': 99.93, 'm7-1': 9.85, 'm8-1': 1.08}",1.62,322.212,323.292,inf,430.363,430.363
320,T10,BESTEFFORT,COMPLETED,m8-1,320.897,"{'m1-1': 158.71, 'm2-1': 26.0, 'm3-1': 25.9, 'm4-1': 24.01, 'm5-1': 24.69, 'm6-1': 107.71, 'm7-1': 10.32, 'm8-1': 1.1}",1.6500000000000001,323.292,324.392,inf,430.897,430.897
321,T2,BESTEFFORT,COMPLETED,m8-1,321.132,"{'m1-1': 162.42, 'm2-1': 27.24, 'm3-1': 24.18, 'm4-1': 26.44, 'm5-1': 24.68, 'm6-1': 114.3, 'm7-1': 11.29, 'm8-1': 1.12}",1.6800000000000002,324.392,325.512,inf,431.132,431.132
322,T2,BESTEFFORT,COMPLETED,m4-1,321.779,"{'m1-1': 146.82, 'm2-1': 27.09, 'm3-1': 27.78, 'm4-1': 27.09, 'm5-1': 24.19, 'm6-1': 102.9, 'm7-1': 11.17, 'm8-1': 1.11}",40.635,340.485,367.575,inf,431.779,431.779
323,T1,BESTEFFORT,COMPLETED,m8-1,322.49,"{'m1-1': 154.72, 'm2-1': 25.7, 'm3-1': 25.4, 'm4-1': 27.0, 'm5-1': 24.19, 'm6-1': 106.88, 'm7-1': 10.76, 'm8-1': 1.09}",1.6350000000000002,325.512,326.602,inf,432.49,432.49
324,T1,BESTEFFORT,COMPLETED,m8-1,324.781,"{'m1-1': 163.36, 'm2-1': 26.06, 'm3-1': 26.6, 'm4-1': 24.13, 'm5-1': 26.61, 'm6-1': 108.16, 'm7-1': 9.43, 'm8-1': 1.06}",1.59,326.602,327.662,inf,434.781,434.781
325,T2,BESTEFFORT,COMPLETED,m8-1,328.451,"{'m1-1': 167.43, 'm2-1': 25.67, 'm3-1': 25.45, 'm4-1': 26.29, 'm5-1': 26.87, 'm6-1': 116.54, 'm7-1': 10.76, 'm8-1': 1.02}",1.53,328.451,329.471,inf,438.451,438.451
326,T10,BESTEFFORT,COMPLETED,m8-1,329.392,"{'m1-1': 169.73, 'm2-1': 27.0, 'm3-1': 26.38, 'm4-1': 26.6, 'm5-1': 25.63, 'm6-1': 109.28, 'm7-1': 10.31, 'm8-1': 1.03}",1.545,329.471,330.501,inf,439.392,439.392
327,T5,BESTEFFORT,COMPLETED,m8-1,329.963,"{'m1-1': 145.26, 'm2-1': 26.91, 'm3-1': 28.31, 'm4-1': 26.16, 'm5-1': 23.91, 'm6-1': 98.76, 'm7-1': 10.48, 'm8-1': 1.11}",1.665,330.501,331.611,inf,439.963,439.963
328,T2,BESTEFFORT,COMPLETED,m8-1,330.532,"{'m1-1': 159.7, 'm2-1': 24.71, 'm3-1': 25.98, 'm4-1': 27.14, 'm5-1': 25.9, 'm6-1': 112.73, 'm7-1': 10.49, 'm8-1': 1.14}",1.71,331.611,332.751,inf,440.532,440.532
329,T7,BESTEFFORT,COMPLETED,m8-1,330.76,"{'m1-1': 170.55, 'm2-1': 29.61, 'm3-1': 25.74, 'm4-1': 26.88, 'm5-1': 24.85, 'm6-1': 116.5, 'm7-1': 10.98, 'm8-1': 1.04}",1.56,332.751,333.791,inf,440.76,440.76
330,T6,BESTEFFORT,COMPLETED,m8-1,330.899,"{'m1-1': 169.9, 'm2-1': 28.3, 'm3-1': 25.29, 'm4-1': 24.76, 'm5-1': 26.92, 'm6-1': 101.83, 'm7-1': 11.17, 'm8-1': 1.11}",1.665,333.791,334.901,inf,440.899,440.899
331,T8,BESTEFFORT,COMPLETED,m2-1,331.372,"{'m1-1': 150.41, 'm2-1': 24.96, 'm3-1': 28.19, 'm4-1': 24.29, 'm5-1': 29.59, 'm6-1': 104.06, 'm7-1': 10.27, 'm8-1': 1.0}",37.44,338.714,363.674,inf,441.372,441.372
332,T9,BESTEFFORT,COMPLETED,m8-1,332.749,"{'m1-1': 161.09, 'm2-1': 25.04, 'm3-1': 24.99, 'm4-1': 26.04, 'm5-1': 27.15, 'm6-1': 102.24, 'm7-1': 11.07, 'm8-1': 0.96}",1.44,334.901,335.861,inf,442.749,442.749
333,T8,BESTEFFORT,COMPLETED,m8-1,333.12,"{'m1-1': 161.24, 'm2-1': 25.64, 'm3-1': 26.6, 'm4-1': 24.43, 'm5-1': 28.09, 'm6-1': 102.43, 'm7-1': 10.52, 'm8-1': 0.99}",1.4849999999999999,335.861,336.851,inf,443.12,443.12
334,T10,BESTEFFORT,COMPLETED,m7-1,333.241,"{'m1-1': 153.42, 'm2-1': 26.21, 'm3-1': 25.27, 'm4-1': 25.09, 'm5-1': 25.85, 'm6-1': 107.28, 'm7-1': 9.89, 'm8-1': 1.1}",14.835,356.73699999999997,366.62699999999995,inf,443.241,443.241
335,T5,BESTEFFORT,COMPLETED,m8-1,334.381,"{'m1-1': 151.32, 'm2-1': 25.25, 'm3-1': 25.47, 'm4-1': 25.41, 'm5-1': 26.26, 'm6-1': 101.81, 'm7-1': 11.06, 'm8-1': 1.04}",1.56,336.851,337.891,inf,444.381,444.381
336,T3,BESTEFFORT,COMPLETED,m3-1,334.396,"{'m1-1': 156.36, 'm2-1': 26.11, 'm3-1': 27.16, 'm4-1': 27.58, 'm5-1': 25.24, 'm6-1': 103.26, 'm7-1': 9.46, 'm8-1': 0.99}",40.74,340.978,368.13800000000003,inf,444.396,444.396
337,T2,BESTEFFORT,COMPLETED,m5-1,334.802,"{'m1-1': 156.21, 'm2-1': 24.83, 'm3-1': 26.72, 'm4-1': 25.34, 'm5-1': 27.49, 'm6-1': 118.39, 'm7-1': 10.24, 'm8-1': 1.08}",41.235,344.379,371.869,inf,444.802,444.802
338,T8,BESTEFFORT,COMPLETED,m8-1,335.329,"{'m1-1': 141.93, 'm2-1': 23.8, 'm3-1': 27.72, 'm4-1': 27.68, 'm5-1': 25.42, 'm6-1': 100.68, 'm7-1': 9.97, 'm8-1': 0.98}",1.47,337.891,338.87100000000004,inf,445.329,445.329
339,T5,BESTEFFORT,COMPLETED,m8-1,335.994,"{'m1-1': 151.06, 'm2-1': 28.08, 'm3-1': 25.06, 'm4-1': 26.98, 'm5-1': 25.86, 'm6-1': 113.85, 'm7-1': 9.85, 'm8-1': 0.99}",1.4849999999999999,338.87100000000004,339.86100000000005,inf,445.994,445.994
340,T7,BESTEFFORT,COMPLETED,m7-1,336.114,"{'m1-1': 151.72, 'm2-1': 25.61, 'm3-1': 25.52, 'm4-1': 24.7, 'm5-1': 25.97, 'm6-1': 106.81, 'm7-1': 11.15, 'm8-1': 0.96}",16.725,366.62699999999995,377.77699999999993,inf,446.114,446.114
341,T5,BESTEFFORT,COMPLETED,m8-1,336.9,"{'m1-1': 139.0, 'm2-1': 24.39, 'm3-1': 28.61, 'm4-1': 26.96, 'm5-1': 26.28, 'm6-1': 112.25, 'm7-1': 9.99, 'm8-1': 1.06}",1.59,339.86100000000005,340.92100000000005,inf,446.9,446.9
342,T7,BESTEFFORT,COMPLETED,m8-1,339.867,"{'m1-1': 169.53, 'm2-1': 27.44, 'm3-1': 24.18, 'm4-1': 27.7, 'm5-1': 28.71, 'm6-1': 116.28, 'm7-1': 11.41, 'm8-1': 1.11}",1.665,340.92100000000005,342.03100000000006,inf,449.867,449.867
343,T3,BESTEFFORT,COMPLETED,m8-1,340.739,"{'m1-1': 145.94, 'm2-1': 25.47, 'm3-1': 26.68, 'm4-1': 26.21, 'm5-1': 24.33, 'm6-1': 105.62, 'm7-1': 10.02, 'm8-1': 1.09}",1.6350000000000002,342.03100000000006,343.12100000000004,inf,450.739,450.739
344,T1,BESTEFFORT,COMPLETED,m8-1,341.332,"{'m1-1': 156.11, 'm2-1': 26.52, 'm3-1': 29.59, 'm4-1': 24.6, 'm5-1': 26.25, 'm6-1': 98.54, 'm7-1': 10.39, 'm8-1': 1.02}",1.53,343.12100000000004,344.141,inf,451.332,451.332
345,T9,BESTEFFORT,COMPLETED,m8-1,341.982,"{'m1-1': 148.97, 'm2-1': 27.29, 'm3-1': 24.65, 'm4-1': 24.48, 'm5-1': 29.67, 'm6-1': 100.16, 'm7-1': 10.84, 'm8-1': 1.03}",1.545,344.141,345.171,inf,451.982,451.982
346,T10,BESTEFFORT,COMPLETED,m8-1,343.169,"{'m1-1': 168.78, 'm2-1': 26.67, 'm3-1': 27.16, 'm4-1': 25.04, 'm5-1': 25.37, 'm6-1': 109.99, 'm7-1': 10.91, 'm8-1': 1.04}",1.56,345.171,346.211,inf,453.169,453.169
347,T7,BESTEFFORT,COMPLETED,m8-1,346.006,"{'m1-1': 155.87, 'm2-1': 27.02, 'm3-1': 24.88, 'm4-1': 27.75, 'm5-1': 27.54, 'm6-1': 113.05, 'm7-1': 10.61, 'm8-1': 1.01}",1.5150000000000001,346.211,347.221,inf,456.006,456.006
348,T3,BESTEFFORT,COMPLETED,m8-1,346.698,"{'m1-1': 144.68, 'm2-1': 27.33, 'm3-1': 29.05, 'm4-1': 26.93, 'm5-1': 26.96, 'm6-1': 96.94, 'm7-1': 9.61, 'm8-1': 1.12}",1.6800000000000002,347.221,348.341,inf,456.698,456.698
349,T6,BESTEFFORT,COMPLETED,m8-1,346.86,"{'m1-1': 162.54, 'm2-1': 29.1, 'm3-1': 25.09, 'm4-1': 26.76, 'm5-1': 27.15, 'm6-1': 102.72, 'm7-1': 11.19, 'm8-1': 1.11}",1.665,348.341,349.451,inf,456.86,456.86
350,T7,BESTEFFORT,COMPLETED,m8-1,346.9,"{'m1-1': 148.65, 'm2-1': 26.44, 'm3-1': 24.3, 'm4-1': 26.47, 'm5-1': 28.81, 'm6-1': 109.23, 'm7-1': 10.4, 'm8-1': 0.96}",1.44,349.451,350.411,inf,456.9,456.9
351,T9,BESTEFFORT,COMPLETED,m8-1,348.986,"{'m1-1': 171.71, 'm2-1': 29.25, 'm3-1': 28.26, 'm4-1': 25.18, 'm5-1': 29.45, 'm6-1': 106.97, 'm7-1': 11.14, 'm8-1': 0.99}",1.4849999999999999,350.411,351.401,inf,458.986,458.986
352,T10,BESTEFFORT,COMPLETED,m8-1,351.265,"{'m1-1': 167.88, 'm2-1': 24.54, 'm3-1': 24.27, 'm4-1': 24.19, 'm5-1': 25.45, 'm6-1': 102.58, 'm7-1': 10.44, 'm8-1': 1.15}",1.7249999999999999,351.401,352.551,inf,461.265,461.265
353,T1,BESTEFFORT,COMPLETED,m8-1,352.206,"{'m1-1': 150.67, 'm2-1': 25.83, 'm3-1': 26.0, 'm4-1': 25.3, 'm5-1': 27.5, 'm6-1': 102.14, 'm7-1': 10.58, 'm8-1': 1.15}",1.7249999999999999,352.551,353.70099999999996,inf,462.206,462.206
354,T8,BESTEFFORT,COMPLETED,m8-1,353.113,"{'m1-1': 154.54, 'm2-1': 27.16, 'm3-1': 24.5, 'm4-1': 24.69, 'm5-1': 25.26, 'm6-1': 101.19, 'm7-1': 10.35, 'm8-1': 1.01}",1.5150000000000001,353.70099999999996,354.71099999999996,inf,463.113,463.113
355,T4,BESTEFFORT,COMPLETED,m8-1,353.129,"{'m1-1': 179.09, 'm2-1': 24.4, 'm3-1': 26.03, 'm4-1': 23.95, 'm5-1': 26.68, 'm6-1': 101.52, 'm7-1': 9.57, 'm8-1': 1.06}",1.59,354.71099999999996,355.77099999999996,inf,463.129,463.129
356,T10,BESTEFFORT,COMPLETED,m8-1,353.74,"{'m1-1': 162.75, 'm2-1': 27.53, 'm3-1': 28.12, 'm4-1': 27.39, 'm5-1': 23.4, 'm6-1': 94.77, 'm7-1': 11.17, 'm8-1': 1.05}",1.5750000000000002,355.77099999999996,356.82099999999997,inf,463.74,463.74
357,T2,BESTEFFORT,COMPLETED,m8-1,354.742,"{'m1-1': 142.76, 'm2-1': 28.37, 'm3-1': 25.51, 'm4-1': 24.6, 'm5-1': 28.4, 'm6-1': 115.13, 'm7-1': 11.36, 'm8-1': 1.04}",1.56,356.82099999999997,357.861,inf,464.742,464.742
358,T7,BESTEFFORT,COMPLETED,m8-1,354.743,"{'m1-1': 147.69, 'm2-1': 27.92, 'm3-1': 26.89, 'm4-1': 26.34, 'm5-1': 24.76, 'm6-1': 106.67, 'm7-1': 10.55, 'm8-1': 0.97}",1.455,357.861,358.831,inf,464.743,464.743
359,T5,BESTEFFORT,COMPLETED,m7-1,355.347,"{'m1-1': 153.85, 'm2-1': 28.7, 'm3-1': 26.68, 'm4-1': 27.01, 'm5-1': 25.34, 'm6-1': 99.12, 'm7-1': 10.66, 'm8-1': 1.04}",15.99,377.77699999999993,388.43699999999995,inf,465.347,465.347
360,T6,BESTEFFORT,COMPLETED,m8-1,356.74,"{'m1-1': 152.3, 'm2-1': 26.5, 'm3-1': 26.18, 'm4-1': 27.54, 'm5-1': 25.29, 'm6-1': 99.31, 'm7-1': 10.28, 'm8-1': 1.07}",1.605,358.831,359.901,inf,466.74,466.74
361,T2,BESTEFFORT,COMPLETED,m8-1,357.37,"{'m1-1': 154.6, 'm2-1': 28.41, 'm3-1': 25.89, 'm4-1': 26.55, 'm5-1': 24.45, 'm6-1': 103.48, 'm7-1': 10.81, 'm8-1': 1.08}",1.62,359.901,360.981,inf,467.37,467.37
362,T8,BESTEFFORT,COMPLETED,m2-1,357.492,"{'m1-1': 160.57, 'm2-1': 24.7, 'm3-1': 24.54, 'm4-1': 25.04, 'm5-1': 28.95, 'm6-1': 103.76, 'm7-1': 9.67, 'm8-1': 1.12}",37.05,363.674,388.37399999999997,inf,467.492,467.492
363,T8,BESTEFFORT,COMPLETED,m8-1,357.958,"{'m1-1': 148.07, 'm2-1': 27.63, 'm3-1': 25.71, 'm4-1': 26.63, 'm5-1': 27.65, 'm6-1': 114.82, 'm7-1': 10.96, 'm8-1': 1.14}",1.71,360.981,362.121,inf,467.958,467.958
364,T8,BESTEFFORT,COMPLETED,m8-1,359.075,"{'m1-1': 149.78, 'm2-1': 24.71, 'm3-1': 25.65, 'm4-1': 26.37, 'm5-1': 29.7, 'm6-1': 103.35, 'm7-1': 9.78, 'm8-1': 1.14}",1.71,362.121,363.26099999999997,inf,469.075,469.075
365,T1,BESTEFFORT,COMPLETED,m8-1,360.877,"{'m1-1': 149.3, 'm2-1': 26.58, 'm3-1': 28.69, 'm4-1': 23.22, 'm5-1': 24.04, 'm6-1': 98.54, 'm7-1': 10.32, 'm8-1': 1.1}",1.6500000000000001,363.26099999999997,364.361,inf,470.877,470.877
366,T3,BESTEFFORT,COMPLETED,m5-1,360.883,"{'m1-1': 156.82, 'm2-1': 25.47, 'm3-1': 26.48, 'm4-1': 24.16, 'm5-1': 25.45, 'm6-1': 95.43, 'm7-1': 10.05, 'm8-1': 1.01}",38.175,371.869,397.319,inf,470.883,470.883
367,T2,BESTEFFORT,COMPLETED,m8-1,361.192,"{'m1-1': 152.53, 'm2-1': 27.82, 'm3-1': 27.28, 'm4-1': 24.94, 'm5-1': 25.52, 'm6-1': 104.51, 'm7-1': 11.05, 'm8-1': 0.99}",1.4849999999999999,364.361,365.351,inf,471.192,471.192
368,T6,BESTEFFORT,COMPLETED,m4-1,362.091,"{'m1-1': 158.39, 'm2-1': 27.14, 'm3-1': 26.3, 'm4-1': 28.52, 'm5-1': 25.85, 'm6-1': 111.35, 'm7-1': 10.2, 'm8-1': 1.02}",42.78,367.575,396.09499999999997,inf,472.091,472.091
369,T8,BESTEFFORT,COMPLETED,m8-1,362.219,"{'m1-1': 161.72, 'm2-1': 25.2, 'm3-1': 25.02, 'm4-1': 27.15, 'm5-1': 25.24, 'm6-1': 101.62, 'm7-1': 11.15, 'm8-1': 1.07}",1.605,365.351,366.421,inf,472.219,472.219
370,T8,BESTEFFORT,COMPLETED,m8-1,363.332,"{'m1-1': 147.72, 'm2-1': 25.21, 'm3-1': 25.28, 'm4-1': 25.07, 'm5-1': 27.87, 'm6-1': 98.91, 'm7-1': 10.71, 'm8-1': 1.02}",1.53,366.421,367.441,inf,473.332,473.332
371,T8,BESTEFFORT,COMPLETED,m3-1,363.705,"{'m1-1': 154.15, 'm2-1': 24.98, 'm3-1': 26.52, 'm4-1': 24.52, 'm5-1': 26.22, 'm6-1': 103.77, 'm7-1': 9.47, 'm8-1': 1.1}",39.78,368.13800000000003,394.658,inf,473.705,473.705
372,T3,BESTEFFORT,COMPLETED,m7-1,363.955,"{'m1-1': 144.41, 'm2-1': 27.2, 'm3-1': 26.48, 'm4-1': 27.59, 'm5-1': 26.19, 'm6-1': 100.35, 'm7-1': 9.33, 'm8-1': 1.05}",13.995000000000001,388.43699999999995,397.76699999999994,inf,473.955,473.955
373,T4,BESTEFFORT,COMPLETED,m8-1,365.292,"{'m1-1': 173.95, 'm2-1': 28.12, 'm3-1': 25.84, 'm4-1': 26.32, 'm5-1': 29.12, 'm6-1': 94.73, 'm7-1': 10.74, 'm8-1': 0.99}",1.4849999999999999,367.441,368.431,inf,475.292,475.292
374,T3,BESTEFFORT,COMPLETED,m2-1,365.351,"{'m1-1': 158.86, 'm2-1': 27.5, 'm3-1': 29.19, 'm4-1': 24.77, 'm5-1': 26.6, 'm6-1': 105.07, 'm7-1': 9.41, 'm8-1': 0.98}",41.25,388.37399999999997,415.87399999999997,inf,475.351,475.351
375,T1,BESTEFFORT,COMPLETED,m8-1,365.507,"{'m1-1': 144.25, 'm2-1': 24.94, 'm3-1': 25.8, 'm4-1': 26.12, 'm5-1': 23.67, 'm6-1': 96.75, 'm7-1': 10.06, 'm8-1': 1.05}",1.5750000000000002,368.431,369.481,inf,475.507,475.507
376,T2,BESTEFFORT,COMPLETED,m4-1,366.006,"{'m1-1': 159.81, 'm2-1': 26.98, 'm3-1': 24.99, 'm4-1': 26.17, 'm5-1': 28.25, 'm6-1': 102.03, 'm7-1': 9.94, 'm8-1': 1.01}",39.255,396.09499999999997,422.265,inf,476.006,476.006
377,T6,BESTEFFORT,COMPLETED,m8-1,368.961,"{'m1-1': 151.37, 'm2-1': 27.3, 'm3-1': 25.3, 'm4-1': 25.01, 'm5-1': 26.51, 'm6-1': 115.82, 'm7-1': 11.22, 'm8-1': 1.01}",1.5150000000000001,369.481,370.491,inf,478.961,478.961
378,T7,BESTEFFORT,COMPLETED,m8-1,376.01,"{'m1-1': 159.4, 'm2-1': 26.63, 'm3-1': 25.9, 'm4-1': 25.0, 'm5-1': 25.64, 'm6-1': 112.85, 'm7-1': 10.46, 'm8-1': 1.12}",1.6800000000000002,376.01,377.13,inf,486.01,486.01
379,T2,BESTEFFORT,COMPLETED,m8-1,377.607,"{'m1-1': 142.61, 'm2-1': 25.28, 'm3-1': 27.04, 'm4-1': 24.55, 'm5-1': 27.4, 'm6-1': 116.76, 'm7-1': 9.84, 'm8-1': 1.1}",1.6500000000000001,377.607,378.70700000000005,inf,487.607,487.607
380,T10,BESTEFFORT,COMPLETED,m8-1,377.805,"{'m1-1': 161.14, 'm2-1': 26.89, 'm3-1': 27.75, 'm4-1': 24.64, 'm5-1': 24.25, 'm6-1': 99.48, 'm7-1': 10.49, 'm8-1': 1.16}",1.7399999999999998,378.70700000000005,379.8670000000001,inf,487.805,487.805
381,T5,BESTEFFORT,COMPLETED,m8-1,377.841,"{'m1-1': 161.55, 'm2-1': 28.37, 'm3-1': 26.7, 'm4-1': 24.22, 'm5-1': 28.09, 'm6-1': 103.65, 'm7-1': 10.62, 'm8-1': 1.1}",1.6500000000000001,379.8670000000001,380.9670000000001,inf,487.841,487.841
382,T7,BESTEFFORT,COMPLETED,m7-1,377.874,"{'m1-1': 154.04, 'm2-1': 26.38, 'm3-1': 23.46, 'm4-1': 26.8, 'm5-1': 28.15, 'm6-1': 100.97, 'm7-1': 10.71, 'm8-1': 0.98}",16.065,397.76699999999994,408.4769999999999,inf,487.874,487.874
383,T9,BESTEFFORT,COMPLETED,m8-1,377.874,"{'m1-1': 172.23, 'm2-1': 27.46, 'm3-1': 26.3, 'm4-1': 26.68, 'm5-1': 25.21, 'm6-1': 105.58, 'm7-1': 9.8, 'm8-1': 1.01}",1.5150000000000001,380.9670000000001,381.9770000000001,inf,487.874,487.874
384,T3,BESTEFFORT,COMPLETED,m7-1,378.28,"{'m1-1': 150.13, 'm2-1': 28.7, 'm3-1': 28.97, 'm4-1': 28.18, 'm5-1': 26.46, 'm6-1': 111.25, 'm7-1': 9.53, 'm8-1': 1.01}",14.294999999999998,408.4769999999999,418.0069999999999,inf,488.28,488.28
385,T8,BESTEFFORT,COMPLETED,m3-1,378.513,"{'m1-1': 149.98, 'm2-1': 26.55, 'm3-1': 26.45, 'm4-1': 23.88, 'm5-1': 25.27, 'm6-1': 109.25, 'm7-1': 10.53, 'm8-1': 1.12}",39.675,394.658,421.108,inf,488.513,488.513
386,T2,BESTEFFORT,COMPLETED,m8-1,379.598,"{'m1-1': 148.67, 'm2-1': 26.29, 'm3-1': 26.52, 'm4-1': 24.71, 'm5-1': 28.46, 'm6-1': 103.26, 'm7-1': 10.41, 'm8-1': 1.06}",1.59,381.9770000000001,383.0370000000001,inf,489.598,489.598
387,T9,BESTEFFORT,COMPLETED,m8-1,379.957,"{'m1-1': 145.75, 'm2-1': 29.45, 'm3-1': 24.3, 'm4-1': 23.07, 'm5-1': 25.2, 'm6-1': 107.98, 'm7-1': 11.41, 'm8-1': 1.07}",1.605,383.0370000000001,384.1070000000001,inf,489.957,489.957
388,T6,BESTEFFORT,COMPLETED,m5-1,380.016,"{'m1-1': 154.18, 'm2-1': 26.15, 'm3-1': 25.2, 'm4-1': 28.22, 'm5-1': 27.21, 'm6-1': 104.55, 'm7-1': 11.47, 'm8-1': 1.08}",40.815,397.319,424.529,inf,490.016,490.016
389,T9,BESTEFFORT,COMPLETED,m4-1,380.556,"{'m1-1': 163.04, 'm2-1': 29.09, 'm3-1': 27.12, 'm4-1': 26.03, 'm5-1': 27.04, 'm6-1': 105.87, 'm7-1': 10.7, 'm8-1': 1.03}",39.045,422.265,448.29499999999996,inf,490.556,490.556
390,T8,BESTEFFORT,COMPLETED,m8-1,382.972,"{'m1-1': 162.52, 'm2-1': 24.19, 'm3-1': 26.01, 'm4-1': 23.61, 'm5-1': 27.64, 'm6-1': 104.07, 'm7-1': 10.39, 'm8-1': 1.03}",1.545,384.1070000000001,385.13700000000006,inf,492.972,492.972
391,T9,BESTEFFORT,COMPLETED,m8-1,383.144,"{'m1-1': 149.58, 'm2-1': 28.72, 'm3-1': 27.74, 'm4-1': 25.05, 'm5-1': 29.16, 'm6-1': 101.32, 'm7-1': 9.97, 'm8-1': 0.98}",1.47,385.13700000000006,386.1170000000001,inf,493.144,493.144
392,T10,BESTEFFORT,COMPLETED,m8-1,386.074,"{'m1-1': 159.25, 'm2-1': 26.28, 'm3-1': 25.84, 'm4-1': 26.16, 'm5-1': 24.89, 'm6-1': 109.62, 'm7-1': 11.37, 'm8-1': 1.04}",1.56,386.1170000000001,387.1570000000001,inf,496.074,496.074
393,T1,BESTEFFORT,COMPLETED,m8-1,387.827,"{'m1-1': 148.29, 'm2-1': 25.23, 'm3-1': 25.99, 'm4-1': 22.99, 'm5-1': 26.38, 'm6-1': 109.56, 'm7-1': 11.0, 'm8-1': 1.05}",1.5750000000000002,387.827,388.877,inf,497.827,497.827
394,T8,BESTEFFORT,COMPLETED,m8-1,389.209,"{'m1-1': 158.33, 'm2-1': 25.93, 'm3-1': 26.55, 'm4-1': 24.5, 'm5-1': 26.13, 'm6-1': 104.43, 'm7-1': 10.67, 'm8-1': 1.13}",1.6949999999999998,389.209,390.339,inf,499.209,499.209
395,T8,BESTEFFORT,COMPLETED,m8-1,389.627,"{'m1-1': 143.97, 'm2-1': 25.73, 'm3-1': 28.31, 'm4-1': 25.72, 'm5-1': 28.73, 'm6-1': 100.47, 'm7-1': 9.53, 'm8-1': 1.09}",1.6350000000000002,390.339,391.429,inf,499.627,499.627
396,T4,BESTEFFORT,COMPLETED,m8-1,389.859,"{'m1-1': 175.41, 'm2-1': 26.79, 'm3-1': 28.67, 'm4-1': 25.12, 'm5-1': 25.79, 'm6-1': 96.79, 'm7-1': 10.56, 'm8-1': 1.01}",1.5150000000000001,391.429,392.43899999999996,inf,499.859,499.859
397,T10,BESTEFFORT,COMPLETED,m8-1,390.143,"{'m1-1': 161.56, 'm2-1': 24.69, 'm3-1': 26.11, 'm4-1': 24.89, 'm5-1': 23.51, 'm6-1': 111.94, 'm7-1': 10.76, 'm8-1': 1.14}",1.71,392.43899999999996,393.57899999999995,inf,500.143,500.143
398,T4,BESTEFFORT,COMPLETED,m7-1,390.192,"{'m1-1': 169.14, 'm2-1': 23.75, 'm3-1': 26.84, 'm4-1': 27.99, 'm5-1': 25.6, 'm6-1': 103.53, 'm7-1': 9.88, 'm8-1': 1.05}",14.82,418.0069999999999,427.8869999999999,inf,500.192,500.192
399,T10,BESTEFFORT,COMPLETED,m8-1,390.699,"{'m1-1': 164.68, 'm2-1': 24.64, 'm3-1': 25.01, 'm4-1': 23.95, 'm5-1': 26.45, 'm6-1': 103.58, 'm7-1': 11.6, 'm8-1': 1.1}",1.6500000000000001,393.57899999999995,394.679,inf,500.699,500.699
400,T3,BESTEFFORT,COMPLETED,m2-1,390.911,"{'m1-1': 144.23, 'm2-1': 28.97, 'm3-1': 28.41, 'm4-1': 24.8, 'm5-1': 26.46, 'm6-1': 108.75, 'm7-1': 9.47, 'm8-1': 0.98}",43.455,415.87399999999997,444.84399999999994,inf,500.911,500.911
401,T7,BESTEFFORT,COMPLETED,m8-1,398.051,"{'m1-1': 154.9, 'm2-1': 25.93, 'm3-1': 24.86, 'm4-1': 27.65, 'm5-1': 26.61, 'm6-1': 105.03, 'm7-1': 11.14, 'm8-1': 1.09}",1.6350000000000002,398.051,399.14099999999996,inf,508.051,508.051
402,T8,BESTEFFORT,COMPLETED,m8-1,399.783,"{'m1-1': 158.72, 'm2-1': 26.61, 'm3-1': 25.98, 'm4-1': 24.31, 'm5-1': 26.24, 'm6-1': 100.55, 'm7-1': 9.45, 'm8-1': 0.98}",1.47,399.783,400.76300000000003,inf,509.783,509.783
403,T8,BESTEFFORT,COMPLETED,m8-1,401.152,"{'m1-1': 141.03, 'm2-1': 23.34, 'm3-1': 24.92, 'm4-1': 26.44, 'm5-1': 28.12, 'm6-1': 107.84, 'm7-1': 10.87, 'm8-1': 0.98}",1.47,401.152,402.132,inf,511.152,511.152
404,T8,BESTEFFORT,COMPLETED,m8-1,402.193,"{'m1-1': 160.33, 'm2-1': 23.51, 'm3-1': 24.84, 'm4-1': 24.82, 'm5-1': 29.11, 'm6-1': 103.39, 'm7-1': 10.57, 'm8-1': 1.07}",1.605,402.193,403.263,inf,512.193,512.193
405,T7,BESTEFFORT,COMPLETED,m8-1,403.963,"{'m1-1': 167.08, 'm2-1': 28.08, 'm3-1': 26.89, 'm4-1': 27.99, 'm5-1': 27.6, 'm6-1': 111.24, 'm7-1': 9.76, 'm8-1': 1.0}",1.5,403.963,404.963,inf,513.963,513.963
406,T1,BESTEFFORT,COMPLETED,m8-1,404.137,"{'m1-1': 165.84, 'm2-1': 26.12, 'm3-1': 28.65, 'm4-1': 25.92, 'm5-1': 27.9, 'm6-1': 105.1, 'm7-1': 10.12, 'm8-1': 1.03}",1.545,404.963,405.993,inf,514.137,514.137
407,T6,BESTEFFORT,COMPLETED,m8-1,404.179,"{'m1-1': 171.41, 'm2-1': 25.88, 'm3-1': 26.91, 'm4-1': 28.72, 'm5-1': 27.23, 'm6-1': 109.64, 'm7-1': 10.66, 'm8-1': 1.0}",1.5,405.993,406.993,inf,514.179,514.179
408,T1,BESTEFFORT,COMPLETED,m8-1,405.991,"{'m1-1': 164.76, 'm2-1': 28.1, 'm3-1': 27.88, 'm4-1': 23.12, 'm5-1': 26.82, 'm6-1': 105.94, 'm7-1': 11.08, 'm8-1': 0.99}",1.4849999999999999,406.993,407.983,inf,515.991,515.991
409,T7,BESTEFFORT,COMPLETED,m8-1,406.139,"{'m1-1': 172.19, 'm2-1': 26.74, 'm3-1': 25.34, 'm4-1': 27.44, 'm5-1': 26.89, 'm6-1': 110.09, 'm7-1': 11.2, 'm8-1': 1.0}",1.5,407.983,408.983,inf,516.139,516.139
410,T10,BESTEFFORT,COMPLETED,m8-1,407.196,"{'m1-1': 150.3, 'm2-1': 27.19, 'm3-1': 25.65, 'm4-1': 24.72, 'm5-1': 24.76, 'm6-1': 100.09, 'm7-1': 11.54, 'm8-1': 1.11}",1.665,408.983,410.093,inf,517.196,517.196
411,T3,BESTEFFORT,COMPLETED,m8-1,407.505,"{'m1-1': 144.12, 'm2-1': 26.41, 'm3-1': 27.28, 'm4-1': 24.14, 'm5-1': 27.13, 'm6-1': 99.51, 'm7-1': 11.01, 'm8-1': 0.99}",1.4849999999999999,410.093,411.083,inf,517.505,517.505
412,T1,BESTEFFORT,COMPLETED,m8-1,408.794,"{'m1-1': 156.99, 'm2-1': 25.77, 'm3-1': 29.64, 'm4-1': 25.13, 'm5-1': 27.5, 'm6-1': 103.1, 'm7-1': 9.53, 'm8-1': 1.13}",1.6949999999999998,411.083,412.213,inf,518.794,518.794
413,T9,BESTEFFORT,COMPLETED,m8-1,409.396,"{'m1-1': 155.65, 'm2-1': 29.72, 'm3-1': 28.27, 'm4-1': 25.39, 'm5-1': 27.12, 'm6-1': 98.43, 'm7-1': 9.97, 'm8-1': 1.03}",1.545,412.213,413.243,inf,519.396,519.396
414,T5,BESTEFFORT,COMPLETED,m8-1,410.123,"{'m1-1': 161.55, 'm2-1': 25.75, 'm3-1': 25.94, 'm4-1': 27.27, 'm5-1': 24.01, 'm6-1': 113.68, 'm7-1': 9.83, 'm8-1': 0.94}",1.41,413.243,414.183,inf,520.123,520.123
415,T8,BESTEFFORT,COMPLETED,m7-1,410.208,"{'m1-1': 147.04, 'm2-1': 26.03, 'm3-1': 27.98, 'm4-1': 25.68, 'm5-1': 28.52, 'm6-1': 107.59, 'm7-1': 10.59, 'm8-1': 1.06}",15.885,427.8869999999999,438.47699999999986,inf,520.2080000000001,520.2080000000001
416,T4,BESTEFFORT,COMPLETED,m8-1,411.711,"{'m1-1': 156.07, 'm2-1': 24.14, 'm3-1': 29.1, 'm4-1': 26.95, 'm5-1': 29.14, 'm6-1': 102.62, 'm7-1': 11.05, 'm8-1': 1.04}",1.56,414.183,415.223,inf,521.711,521.711
417,T6,BESTEFFORT,COMPLETED,m8-1,412.552,"{'m1-1': 152.93, 'm2-1': 25.23, 'm3-1': 24.8, 'm4-1': 25.6, 'm5-1': 25.23, 'm6-1': 114.16, 'm7-1': 9.91, 'm8-1': 0.98}",1.47,415.223,416.20300000000003,inf,522.552,522.552
418,T6,BESTEFFORT,COMPLETED,m3-1,412.672,"{'m1-1': 169.17, 'm2-1': 24.78, 'm3-1': 27.09, 'm4-1': 25.21, 'm5-1': 27.61, 'm6-1': 107.65, 'm7-1': 9.76, 'm8-1': 1.07}",40.635,421.108,448.198,inf,522.672,522.672
419,T6,BESTEFFORT,COMPLETED,m8-1,414.751,"{'m1-1': 144.94, 'm2-1': 27.8, 'm3-1': 23.95, 'm4-1': 24.93, 'm5-1': 24.11, 'm6-1': 102.99, 'm7-1': 10.3, 'm8-1': 0.98}",1.47,416.20300000000003,417.18300000000005,inf,524.751,524.751
420,T5,BESTEFFORT,COMPLETED,m8-1,414.825,"{'m1-1': 151.19, 'm2-1': 24.58, 'm3-1': 25.71, 'm4-1': 26.25, 'm5-1': 28.09, 'm6-1': 106.44, 'm7-1': 10.3, 'm8-1': 1.0}",1.5,417.18300000000005,418.18300000000005,inf,524.825,524.825
421,T10,BESTEFFORT,COMPLETED,m8-1,415.617,"{'m1-1': 161.56, 'm2-1': 27.64, 'm3-1': 28.36, 'm4-1': 23.39, 'm5-1': 26.91, 'm6-1': 101.02, 'm7-1': 10.34, 'm8-1': 1.02}",1.53,418.18300000000005,419.20300000000003,inf,525.617,525.617
422,T2,BESTEFFORT,COMPLETED,m8-1,418.152,"{'m1-1': 159.52, 'm2-1': 27.2, 'm3-1': 27.97, 'm4-1': 25.46, 'm5-1': 26.57, 'm6-1': 104.32, 'm7-1': 10.25, 'm8-1': 1.08}",1.62,419.20300000000003,420.283,inf,528.152,528.152
423,T8,BESTEFFORT,COMPLETED,m8-1,418.676,"{'m1-1': 153.73, 'm2-1': 25.9, 'm3-1': 25.56, 'm4-1': 25.78, 'm5-1': 25.74, 'm6-1': 113.13, 'm7-1': 10.38, 'm8-1': 1.0}",1.5,420.283,421.283,inf,528.6759999999999,528.6759999999999
424,T8,BESTEFFORT,COMPLETED,m8-1,420.159,"{'m1-1': 141.07, 'm2-1': 24.08, 'm3-1': 27.72, 'm4-1': 26.94, 'm5-1': 28.34, 'm6-1': 108.38, 'm7-1': 10.12, 'm8-1': 1.0}",1.5,421.283,422.283,inf,530.159,530.159
425,T5,BESTEFFORT,COMPLETED,m8-1,420.223,"{'m1-1': 151.65, 'm2-1': 28.48, 'm3-1': 27.65, 'm4-1': 26.32, 'm5-1': 25.53, 'm6-1': 107.77, 'm7-1': 10.15, 'm8-1': 1.06}",1.59,422.283,423.343,inf,530.223,530.223
426,T2,BESTEFFORT,COMPLETED,m8-1,420.349,"{'m1-1': 144.73, 'm2-1': 24.26, 'm3-1': 26.49, 'm4-1': 26.29, 'm5-1': 24.92, 'm6-1': 112.72, 'm7-1': 10.56, 'm8-1': 0.99}",1.4849999999999999,423.343,424.333,inf,530.3489999999999,530.3489999999999
427,T4,BESTEFFORT,COMPLETED,m5-1,420.896,"{'m1-1': 160.52, 'm2-1': 26.65, 'm3-1': 28.62, 'm4-1': 25.72, 'm5-1': 25.53, 'm6-1': 96.44, 'm7-1': 11.2, 'm8-1': 1.08}",38.295,424.529,450.05899999999997,inf,530.896,530.896
428,T5,BESTEFFORT,COMPLETED,m8-1,421.314,"{'m1-1': 155.12, 'm2-1': 25.72, 'm3-1': 24.91, 'm4-1': 28.3, 'm5-1': 24.61, 'm6-1': 103.91, 'm7-1': 9.46, 'm8-1': 0.95}",1.4249999999999998,424.333,425.283,inf,531.3140000000001,531.3140000000001
429,T5,BESTEFFORT,COMPLETED,m7-1,421.966,"{'m1-1': 138.41, 'm2-1': 25.95, 'm3-1': 26.83, 'm4-1': 27.29, 'm5-1': 24.12, 'm6-1': 96.07, 'm7-1': 10.99, 'm8-1': 0.94}",16.485,438.47699999999986,449.46699999999987,inf,531.966,531.966
430,T4,BESTEFFORT,COMPLETED,m8-1,422.984,"{'m1-1': 157.97, 'm2-1': 27.05, 'm3-1': 27.26, 'm4-1': 26.5, 'm5-1': 26.34, 'm6-1': 100.83, 'm7-1': 9.65, 'm8-1': 1.0}",1.5,425.283,426.283,inf,532.9839999999999,532.9839999999999
431,T2,BESTEFFORT,COMPLETED,m8-1,423.494,"{'m1-1': 160.5, 'm2-1': 25.73, 'm3-1': 27.35, 'm4-1': 25.6, 'm5-1': 25.41, 'm6-1': 104.06, 'm7-1': 10.78, 'm8-1': 1.07}",1.605,426.283,427.353,inf,533.494,533.494
432,T7,BESTEFFORT,COMPLETED,m7-1,424.207,"{'m1-1': 151.15, 'm2-1': 25.4, 'm3-1': 27.42, 'm4-1': 25.02, 'm5-1': 28.48, 'm6-1': 114.04, 'm7-1': 11.43, 'm8-1': 1.02}",17.145,449.46699999999987,460.8969999999999,inf,534.207,534.207
433,T9,BESTEFFORT,COMPLETED,m8-1,424.552,"{'m1-1': 160.7, 'm2-1': 26.25, 'm3-1': 28.36, 'm4-1': 24.94, 'm5-1': 28.09, 'm6-1': 99.38, 'm7-1': 11.08, 'm8-1': 0.94}",1.41,427.353,428.293,inf,534.552,534.552
434,T6,BESTEFFORT,COMPLETED,m3-1,424.717,"{'m1-1': 168.79, 'm2-1': 28.45, 'm3-1': 23.74, 'm4-1': 26.99, 'm5-1': 26.25, 'm6-1': 100.35, 'm7-1': 10.96, 'm8-1': 1.02}",35.61,448.198,471.938,inf,534.717,534.717
435,T5,BESTEFFORT,COMPLETED,m2-1,424.831,"{'m1-1': 147.99, 'm2-1': 28.31, 'm3-1': 28.94, 'm4-1': 28.21, 'm5-1': 25.39, 'm6-1': 103.27, 'm7-1': 10.13, 'm8-1': 1.02}",42.464999999999996,444.84399999999994,473.15399999999994,inf,534.831,534.831
436,T8,BESTEFFORT,COMPLETED,m8-1,425.499,"{'m1-1': 141.17, 'm2-1': 26.9, 'm3-1': 27.25, 'm4-1': 26.68, 'm5-1': 28.47, 'm6-1': 109.72, 'm7-1': 10.26, 'm8-1': 1.1}",1.6500000000000001,428.293,429.39300000000003,inf,535.499,535.499
437,T8,BESTEFFORT,COMPLETED,m8-1,427.509,"{'m1-1': 141.66, 'm2-1': 23.56, 'm3-1': 28.78, 'm4-1': 23.74, 'm5-1': 27.49, 'm6-1': 106.33, 'm7-1': 9.85, 'm8-1': 1.11}",1.665,429.39300000000003,430.50300000000004,inf,537.509,537.509
438,T10,BESTEFFORT,COMPLETED,m8-1,428.53,"{'m1-1': 162.04, 'm2-1': 26.16, 'm3-1': 28.24, 'm4-1': 24.14, 'm5-1': 26.8, 'm6-1': 103.86, 'm7-1': 10.94, 'm8-1': 1.16}",1.7399999999999998,430.50300000000004,431.66300000000007,inf,538.53,538.53
439,T9,BESTEFFORT,COMPLETED,m8-1,429.439,"{'m1-1': 169.61, 'm2-1': 27.93, 'm3-1': 28.27, 'm4-1': 26.98, 'm5-1': 27.5, 'm6-1': 103.74, 'm7-1': 11.4, 'm8-1': 1.0}",1.5,431.66300000000007,432.66300000000007,inf,539.4390000000001,539.4390000000001
440,T7,BESTEFFORT,COMPLETED,m8-1,431.501,"{'m1-1': 160.37, 'm2-1': 25.81, 'm3-1': 26.21, 'm4-1': 26.93, 'm5-1': 24.51, 'm6-1': 113.01, 'm7-1': 10.62, 'm8-1': 0.96}",1.44,432.66300000000007,433.62300000000005,inf,541.501,541.501
441,T10,BESTEFFORT,COMPLETED,m8-1,433.179,"{'m1-1': 171.43, 'm2-1': 26.0, 'm3-1': 25.28, 'm4-1': 25.3, 'm5-1': 23.96, 'm6-1': 100.6, 'm7-1': 10.87, 'm8-1': 1.01}",1.5150000000000001,433.62300000000005,434.63300000000004,inf,543.179,543.179
442,T4,BESTEFFORT,COMPLETED,m8-1,433.373,"{'m1-1': 170.42, 'm2-1': 26.72, 'm3-1': 26.23, 'm4-1': 27.78, 'm5-1': 27.43, 'm6-1': 97.97, 'm7-1': 10.96, 'm8-1': 0.97}",1.455,434.63300000000004,435.60300000000007,inf,543.373,543.373
443,T9,BESTEFFORT,COMPLETED,m8-1,434.217,"{'m1-1': 147.12, 'm2-1': 29.47, 'm3-1': 26.13, 'm4-1': 25.72, 'm5-1': 28.84, 'm6-1': 98.97, 'm7-1': 11.08, 'm8-1': 1.05}",1.5750000000000002,435.60300000000007,436.6530000000001,inf,544.217,544.217
444,T4,BESTEFFORT,COMPLETED,m8-1,434.424,"{'m1-1': 178.26, 'm2-1': 24.92, 'm3-1': 25.7, 'm4-1': 27.75, 'm5-1': 27.24, 'm6-1': 95.99, 'm7-1': 10.36, 'm8-1': 1.0}",1.5,436.6530000000001,437.6530000000001,inf,544.424,544.424
445,T10,BESTEFFORT,COMPLETED,m8-1,435.715,"{'m1-1': 157.92, 'm2-1': 24.12, 'm3-1': 26.67, 'm4-1': 23.79, 'm5-1': 27.8, 'm6-1': 100.6, 'm7-1': 10.6, 'm8-1': 1.04}",1.56,437.6530000000001,438.6930000000001,inf,545.7149999999999,545.7149999999999
446,T6,BESTEFFORT,COMPLETED,m8-1,435.766,"{'m1-1': 159.87, 'm2-1': 26.77, 'm3-1': 26.35, 'm4-1': 27.05, 'm5-1': 27.04, 'm6-1': 101.0, 'm7-1': 11.1, 'm8-1': 1.08}",1.62,438.6930000000001,439.7730000000001,inf,545.7660000000001,545.7660000000001
447,T10,BESTEFFORT,COMPLETED,m8-1,438.329,"{'m1-1': 147.24, 'm2-1': 27.41, 'm3-1': 28.25, 'm4-1': 26.57, 'm5-1': 26.24, 'm6-1': 107.0, 'm7-1': 10.42, 'm8-1': 1.15}",1.7249999999999999,439.7730000000001,440.92300000000006,inf,548.329,548.329
448,T10,BESTEFFORT,COMPLETED,m8-1,438.522,"{'m1-1': 145.17, 'm2-1': 26.08, 'm3-1': 27.9, 'm4-1': 24.15, 'm5-1': 27.69, 'm6-1': 101.23, 'm7-1': 11.05, 'm8-1': 1.08}",1.62,440.92300000000006,442.00300000000004,inf,548.5219999999999,548.5219999999999
449,T1,BESTEFFORT,COMPLETED,m8-1,443.12,"{'m1-1': 153.72, 'm2-1': 27.55, 'm3-1': 27.46, 'm4-1': 24.25, 'm5-1': 26.06, 'm6-1': 93.37, 'm7-1': 10.68, 'm8-1': 1.05}",1.5750000000000002,443.12,444.17,inf,553.12,553.12
450,T6,BESTEFFORT,COMPLETED,m8-1,444.046,"{'m1-1': 162.16, 'm2-1': 26.59, 'm3-1': 24.19, 'm4-1': 28.62, 'm5-1': 26.73, 'm6-1': 108.78, 'm7-1': 10.81, 'm8-1': 1.08}",1.62,444.17,445.25,inf,554.046,554.046
451,T2,BESTEFFORT,COMPLETED,m8-1,444.832,"{'m1-1': 157.38, 'm2-1': 27.0, 'm3-1': 24.71, 'm4-1': 25.68, 'm5-1': 25.37, 'm6-1': 111.67, 'm7-1': 10.37, 'm8-1': 0.97}",1.455,445.25,446.22,inf,554.832,554.832
452,T3,BESTEFFORT,COMPLETED,m8-1,445.656,"{'m1-1': 155.73, 'm2-1': 25.24, 'm3-1': 29.52, 'm4-1': 24.12, 'm5-1': 24.32, 'm6-1': 107.42, 'm7-1': 10.03, 'm8-1': 1.07}",1.605,446.22,447.29,inf,555.656,555.656
453,T4,BESTEFFORT,COMPLETED,m8-1,446.139,"{'m1-1': 176.52, 'm2-1': 26.06, 'm3-1': 28.21, 'm4-1': 24.94, 'm5-1': 25.74, 'm6-1': 95.59, 'm7-1': 9.95, 'm8-1': 1.01}",1.5150000000000001,447.29,448.3,inf,556.139,556.139
454,T7,BESTEFFORT,COMPLETED,m8-1,448.243,"{'m1-1': 147.89, 'm2-1': 26.5, 'm3-1': 24.3, 'm4-1': 27.95, 'm5-1': 28.02, 'm6-1': 106.73, 'm7-1': 10.02, 'm8-1': 0.98}",1.47,448.3,449.28000000000003,inf,558.2429999999999,558.2429999999999
455,T2,BESTEFFORT,COMPLETED,m8-1,450.383,"{'m1-1': 162.12, 'm2-1': 27.2, 'm3-1': 25.25, 'm4-1': 26.02, 'm5-1': 27.81, 'm6-1': 117.76, 'm7-1': 10.41, 'm8-1': 1.02}",1.53,450.383,451.40299999999996,inf,560.383,560.383
456,T7,BESTEFFORT,COMPLETED,m8-1,450.497,"{'m1-1': 150.46, 'm2-1': 26.71, 'm3-1': 23.77, 'm4-1': 23.69, 'm5-1': 26.87, 'm6-1': 117.13, 'm7-1': 10.87, 'm8-1': 1.11}",1.665,451.40299999999996,452.513,inf,560.4970000000001,560.4970000000001
457,T3,BESTEFFORT,COMPLETED,m8-1,452.366,"{'m1-1': 167.88, 'm2-1': 28.7, 'm3-1': 26.61, 'm4-1': 24.1, 'm5-1': 27.57, 'm6-1': 100.25, 'm7-1': 10.61, 'm8-1': 1.0}",1.5,452.513,453.513,inf,562.366,562.366
458,T10,BESTEFFORT,COMPLETED,m8-1,453.965,"{'m1-1': 148.05, 'm2-1': 23.34, 'm3-1': 28.01, 'm4-1': 24.1, 'm5-1': 25.93, 'm6-1': 96.93, 'm7-1': 10.17, 'm8-1': 1.13}",1.6949999999999998,453.965,455.09499999999997,inf,563.9649999999999,563.9649999999999
459,T5,BESTEFFORT,COMPLETED,m8-1,454.091,"{'m1-1': 160.98, 'm2-1': 28.35, 'm3-1': 25.56, 'm4-1': 25.74, 'm5-1': 27.3, 'm6-1': 112.59, 'm7-1': 10.96, 'm8-1': 1.08}",1.62,455.09499999999997,456.17499999999995,inf,564.091,564.091
460,T4,BESTEFFORT,COMPLETED,m8-1,455.013,"{'m1-1': 178.06, 'm2-1': 27.07, 'm3-1': 28.76, 'm4-1': 27.86, 'm5-1': 26.94, 'm6-1': 102.49, 'm7-1': 9.54, 'm8-1': 1.07}",1.605,456.17499999999995,457.24499999999995,inf,565.0129999999999,565.0129999999999
461,T4,BESTEFFORT,COMPLETED,m8-1,456.633,"{'m1-1': 157.93, 'm2-1': 25.49, 'm3-1': 28.35, 'm4-1': 26.51, 'm5-1': 29.4, 'm6-1': 99.37, 'm7-1': 10.44, 'm8-1': 1.09}",1.6350000000000002,457.24499999999995,458.3349999999999,inf,566.633,566.633
462,T9,BESTEFFORT,COMPLETED,m8-1,457.28,"{'m1-1': 150.3, 'm2-1': 28.14, 'm3-1': 27.67, 'm4-1': 26.48, 'm5-1': 25.57, 'm6-1': 111.04, 'm7-1': 9.68, 'm8-1': 0.94}",1.41,458.3349999999999,459.2749999999999,inf,567.28,567.28
463,T6,BESTEFFORT,COMPLETED,m8-1,457.29,"{'m1-1': 171.93, 'm2-1': 27.36, 'm3-1': 26.95, 'm4-1': 24.74, 'm5-1': 25.91, 'm6-1': 116.02, 'm7-1': 11.52, 'm8-1': 1.03}",1.545,459.2749999999999,460.3049999999999,inf,567.29,567.29
464,T8,BESTEFFORT,COMPLETED,m8-1,458.803,"{'m1-1': 152.77, 'm2-1': 25.8, 'm3-1': 24.68, 'm4-1': 23.76, 'm5-1': 26.21, 'm6-1': 102.24, 'm7-1': 10.52, 'm8-1': 1.12}",1.6800000000000002,460.3049999999999,461.4249999999999,inf,568.803,568.803
465,T3,BESTEFFORT,COMPLETED,m8-1,461.39,"{'m1-1': 150.91, 'm2-1': 27.91, 'm3-1': 26.25, 'm4-1': 26.84, 'm5-1': 26.5, 'm6-1': 111.68, 'm7-1': 10.18, 'm8-1': 1.0}",1.5,461.4249999999999,462.4249999999999,inf,571.39,571.39
466,T5,BESTEFFORT,COMPLETED,m8-1,462.569,"{'m1-1': 150.97, 'm2-1': 27.31, 'm3-1': 27.28, 'm4-1': 27.08, 'm5-1': 25.22, 'm6-1': 106.56, 'm7-1': 9.46, 'm8-1': 0.98}",1.47,462.569,463.54900000000004,inf,572.569,572.569
467,T1,BESTEFFORT,COMPLETED,m8-1,462.802,"{'m1-1': 152.13, 'm2-1': 26.64, 'm3-1': 27.47, 'm4-1': 25.65, 'm5-1': 24.18, 'm6-1': 93.68, 'm7-1': 10.31, 'm8-1': 1.01}",1.5150000000000001,463.54900000000004,464.559,inf,572.802,572.802
468,T10,BESTEFFORT,COMPLETED,m8-1,464.992,"{'m1-1': 159.35, 'm2-1': 27.4, 'm3-1': 25.75, 'm4-1': 24.91, 'm5-1': 24.92, 'm6-1': 105.74, 'm7-1': 10.02, 'm8-1': 1.04}",1.56,464.992,466.03200000000004,inf,574.992,574.992
469,T2,BESTEFFORT,COMPLETED,m8-1,465.736,"{'m1-1': 157.77, 'm2-1': 24.89, 'm3-1': 26.84, 'm4-1': 26.44, 'm5-1': 26.02, 'm6-1': 103.46, 'm7-1': 11.19, 'm8-1': 0.97}",1.455,466.03200000000004,467.00200000000007,inf,575.736,575.736
470,T7,BESTEFFORT,COMPLETED,m8-1,466.127,"{'m1-1': 162.91, 'm2-1': 25.4, 'm3-1': 25.91, 'm4-1': 26.51, 'm5-1': 27.92, 'm6-1': 103.73, 'm7-1': 10.86, 'm8-1': 1.02}",1.53,467.00200000000007,468.02200000000005,inf,576.127,576.127
471,T10,BESTEFFORT,COMPLETED,m8-1,466.367,"{'m1-1': 159.2, 'm2-1': 23.54, 'm3-1': 24.69, 'm4-1': 25.99, 'm5-1': 26.14, 'm6-1': 103.23, 'm7-1': 10.95, 'm8-1': 1.1}",1.6500000000000001,468.02200000000005,469.12200000000007,inf,576.367,576.367
472,T2,BESTEFFORT,COMPLETED,m8-1,468.714,"{'m1-1': 157.13, 'm2-1': 27.03, 'm3-1': 27.96, 'm4-1': 25.22, 'm5-1': 28.5, 'm6-1': 117.94, 'm7-1': 10.15, 'm8-1': 0.96}",1.44,469.12200000000007,470.08200000000005,inf,578.7139999999999,578.7139999999999
473,T2,BESTEFFORT,COMPLETED,m8-1,469.837,"{'m1-1': 161.0, 'm2-1': 28.28, 'm3-1': 24.96, 'm4-1': 23.73, 'm5-1': 27.6, 'm6-1': 103.82, 'm7-1': 10.2, 'm8-1': 0.98}",1.47,470.08200000000005,471.06200000000007,inf,579.837,579.837
474,T6,BESTEFFORT,COMPLETED,m8-1,470.64,"{'m1-1': 160.83, 'm2-1': 28.14, 'm3-1': 25.72, 'm4-1': 28.05, 'm5-1': 27.81, 'm6-1': 109.2, 'm7-1': 10.67, 'm8-1': 1.1}",1.6500000000000001,471.06200000000007,472.1620000000001,inf,580.64,580.64
475,T8,BESTEFFORT,COMPLETED,m8-1,470.831,"{'m1-1': 142.34, 'm2-1': 23.58, 'm3-1': 25.56, 'm4-1': 24.73, 'm5-1': 27.49, 'm6-1': 109.15, 'm7-1': 10.82, 'm8-1': 1.12}",1.6800000000000002,472.1620000000001,473.2820000000001,inf,580.831,580.831
476,T1,BESTEFFORT,COMPLETED,m8-1,471.144,"{'m1-1': 160.01, 'm2-1': 26.04, 'm3-1': 26.94, 'm4-1': 23.48, 'm5-1': 23.9, 'm6-1': 109.2, 'm7-1': 10.96, 'm8-1': 1.15}",1.7249999999999999,473.2820000000001,474.4320000000001,inf,581.144,581.144
477,T6,BESTEFFORT,COMPLETED,m8-1,471.595,"{'m1-1': 158.03, 'm2-1': 27.69, 'm3-1': 23.54, 'm4-1': 27.69, 'm5-1': 26.33, 'm6-1': 108.52, 'm7-1': 10.82, 'm8-1': 1.01}",1.5150000000000001,474.4320000000001,475.44200000000006,inf,581.595,581.595
478,T6,BESTEFFORT,COMPLETED,m8-1,472.325,"{'m1-1': 158.36, 'm2-1': 27.29, 'm3-1': 25.77, 'm4-1': 27.13, 'm5-1': 26.7, 'm6-1': 98.56, 'm7-1': 10.18, 'm8-1': 1.12}",1.6800000000000002,475.44200000000006,476.56200000000007,inf,582.325,582.325
479,T7,BESTEFFORT,COMPLETED,m7-1,472.826,"{'m1-1': 155.87, 'm2-1': 26.01, 'm3-1': 26.79, 'm4-1': 26.41, 'm5-1': 26.57, 'm6-1': 107.48, 'm7-1': 10.8, 'm8-1': 0.95}",16.200000000000003,472.826,483.62600000000003,inf,582.826,582.826
480,T3,BESTEFFORT,COMPLETED,m7-1,473.098,"{'m1-1': 155.28, 'm2-1': 28.18, 'm3-1': 26.94, 'm4-1': 27.37, 'm5-1': 24.65, 'm6-1': 104.07, 'm7-1': 9.62, 'm8-1': 1.08}",14.43,483.62600000000003,493.24600000000004,inf,583.098,583.098
481,T5,BESTEFFORT,COMPLETED,m8-1,474.001,"{'m1-1': 156.39, 'm2-1': 24.71, 'm3-1': 24.57, 'm4-1': 24.87, 'm5-1': 26.59, 'm6-1': 102.05, 'm7-1': 10.15, 'm8-1': 0.93}",1.395,476.56200000000007,477.4920000000001,inf,584.001,584.001
482,T9,BESTEFFORT,COMPLETED,m3-1,474.286,"{'m1-1': 165.7, 'm2-1': 27.62, 'm3-1': 24.99, 'm4-1': 27.06, 'm5-1': 25.25, 'm6-1': 98.29, 'm7-1': 11.11, 'm8-1': 1.04}",37.485,474.286,499.276,inf,584.2860000000001,584.2860000000001
483,T4,BESTEFFORT,COMPLETED,m8-1,474.544,"{'m1-1': 164.98, 'm2-1': 27.64, 'm3-1': 26.72, 'm4-1': 25.96, 'm5-1': 25.58, 'm6-1': 98.21, 'm7-1': 11.12, 'm8-1': 0.93}",1.395,477.4920000000001,478.4220000000001,inf,584.544,584.544
484,T8,BESTEFFORT,COMPLETED,m4-1,475.131,"{'m1-1': 150.92, 'm2-1': 23.81, 'm3-1': 25.58, 'm4-1': 24.32, 'm5-1': 25.6, 'm6-1': 100.58, 'm7-1': 10.37, 'm8-1': 0.98}",36.480000000000004,475.131,499.45099999999996,inf,585.131,585.131
485,T6,BESTEFFORT,COMPLETED,m8-1,476.004,"{'m1-1': 156.85, 'm2-1': 25.64, 'm3-1': 23.16, 'm4-1': 27.87, 'm5-1': 27.76, 'm6-1': 105.96, 'm7-1': 10.46, 'm8-1': 0.98}",1.47,478.4220000000001,479.4020000000001,inf,586.004,586.004
486,T4,BESTEFFORT,COMPLETED,m2-1,476.363,"{'m1-1': 167.62, 'm2-1': 25.32, 'm3-1': 26.9, 'm4-1': 25.36, 'm5-1': 24.94, 'm6-1': 99.77, 'm7-1': 9.95, 'm8-1': 0.95}",37.980000000000004,476.363,501.683,inf,586.363,586.363
487,T3,BESTEFFORT,COMPLETED,m8-1,478.081,"{'m1-1': 163.58, 'm2-1': 28.67, 'm3-1': 29.12, 'm4-1': 28.02, 'm5-1': 25.85, 'm6-1': 104.2, 'm7-1': 10.66, 'm8-1': 1.02}",1.53,479.4020000000001,480.4220000000001,inf,588.081,588.081
488,T5,BESTEFFORT,COMPLETED,m8-1,478.589,"{'m1-1': 149.79, 'm2-1': 28.29, 'm3-1': 27.13, 'm4-1': 26.4, 'm5-1': 25.06, 'm6-1': 111.32, 'm7-1': 10.32, 'm8-1': 0.94}",1.41,480.4220000000001,481.3620000000001,inf,588.5889999999999,588.5889999999999
489,T9,BESTEFFORT,COMPLETED,m8-1,479.664,"{'m1-1': 165.83, 'm2-1': 28.79, 'm3-1': 26.35, 'm4-1': 24.54, 'm5-1': 26.73, 'm6-1': 102.24, 'm7-1': 11.26, 'm8-1': 1.07}",1.605,481.3620000000001,482.4320000000001,inf,589.664,589.664
490,T10,BESTEFFORT,COMPLETED,m8-1,479.871,"{'m1-1': 149.97, 'm2-1': 24.78, 'm3-1': 24.92, 'm4-1': 23.94, 'm5-1': 26.32, 'm6-1': 94.16, 'm7-1': 11.07, 'm8-1': 1.12}",1.6800000000000002,482.4320000000001,483.5520000000001,inf,589.871,589.871
491,T7,BESTEFFORT,COMPLETED,m8-1,482.214,"{'m1-1': 163.93, 'm2-1': 26.23, 'm3-1': 27.05, 'm4-1': 25.17, 'm5-1': 27.0, 'm6-1': 104.58, 'm7-1': 11.19, 'm8-1': 0.98}",1.47,483.5520000000001,484.5320000000001,inf,592.2139999999999,592.2139999999999
492,T1,BESTEFFORT,COMPLETED,m8-1,483.42,"{'m1-1': 156.99, 'm2-1': 25.06, 'm3-1': 25.44, 'm4-1': 23.27, 'm5-1': 26.81, 'm6-1': 97.29, 'm7-1': 9.79, 'm8-1': 1.17}",1.755,484.5320000000001,485.7020000000001,inf,593.4200000000001,593.4200000000001
493,T7,BESTEFFORT,COMPLETED,m8-1,483.896,"{'m1-1': 155.15, 'm2-1': 27.79, 'm3-1': 23.45, 'm4-1': 24.8, 'm5-1': 27.75, 'm6-1': 116.15, 'm7-1': 10.69, 'm8-1': 1.04}",1.56,485.7020000000001,486.74200000000013,inf,593.896,593.896
494,T8,BESTEFFORT,COMPLETED,m8-1,486.152,"{'m1-1': 156.82, 'm2-1': 25.35, 'm3-1': 25.32, 'm4-1': 23.75, 'm5-1': 29.33, 'm6-1': 109.71, 'm7-1': 9.54, 'm8-1': 1.14}",1.71,486.74200000000013,487.8820000000001,inf,596.152,596.152
495,T10,BESTEFFORT,COMPLETED,m8-1,487.4,"{'m1-1': 163.0, 'm2-1': 25.87, 'm3-1': 25.25, 'm4-1': 23.94, 'm5-1': 25.74, 'm6-1': 98.97, 'm7-1': 10.99, 'm8-1': 1.06}",1.59,487.8820000000001,488.9420000000001,inf,597.4,597.4
496,T2,BESTEFFORT,COMPLETED,m8-1,487.816,"{'m1-1': 148.82, 'm2-1': 25.12, 'm3-1': 24.71, 'm4-1': 23.51, 'm5-1': 26.98, 'm6-1': 106.26, 'm7-1': 10.53, 'm8-1': 1.04}",1.56,488.9420000000001,489.98200000000014,inf,597.816,597.816
497,T2,BESTEFFORT,COMPLETED,m8-1,488.718,"{'m1-1': 152.69, 'm2-1': 25.6, 'm3-1': 25.6, 'm4-1': 24.05, 'm5-1': 27.8, 'm6-1': 110.4, 'm7-1': 10.03, 'm8-1': 1.1}",1.6500000000000001,489.98200000000014,491.08200000000016,inf,598.7180000000001,598.7180000000001
498,T7,BESTEFFORT,COMPLETED,m8-1,488.806,"{'m1-1': 162.66, 'm2-1': 28.19, 'm3-1': 25.18, 'm4-1': 25.2, 'm5-1': 27.25, 'm6-1': 106.97, 'm7-1': 10.11, 'm8-1': 1.04}",1.56,491.08200000000016,492.1220000000002,inf,598.806,598.806
499,T5,BESTEFFORT,COMPLETED,m8-1,489.037,"{'m1-1': 163.54, 'm2-1': 24.32, 'm3-1': 24.38, 'm4-1': 24.95, 'm5-1': 27.13, 'm6-1': 114.24, 'm7-1': 11.08, 'm8-1': 1.04}",1.56,492.1220000000002,493.1620000000002,inf,599.037,599.037
500,T10,BESTEFFORT,COMPLETED,m7-1,489.488,"{'m1-1': 171.57, 'm2-1': 25.27, 'm3-1': 25.38, 'm4-1': 26.37, 'm5-1': 23.49, 'm6-1': 110.65, 'm7-1': 9.77, 'm8-1': 1.11}",14.655,493.24600000000004,503.016,inf,599.488,599.488
501,T5,BESTEFFORT,COMPLETED,m8-1,490.894,"{'m1-1': 159.25, 'm2-1': 28.32, 'm3-1': 24.64, 'm4-1': 24.45, 'm5-1': 26.77, 'm6-1': 106.81, 'm7-1': 10.26, 'm8-1': 0.93}",1.395,493.1620000000002,494.0920000000002,inf,600.894,600.894
502,T7,BESTEFFORT,COMPLETED,m8-1,493.405,"{'m1-1': 167.2, 'm2-1': 29.43, 'm3-1': 27.46, 'm4-1': 26.55, 'm5-1': 27.61, 'm6-1': 110.85, 'm7-1': 9.8, 'm8-1': 0.98}",1.47,494.0920000000002,495.07200000000023,inf,603.405,603.405
503,T7,BESTEFFORT,COMPLETED,m8-1,494.729,"{'m1-1': 171.08, 'm2-1': 29.11, 'm3-1': 24.38, 'm4-1': 27.89, 'm5-1': 26.05, 'm6-1': 101.65, 'm7-1': 11.1, 'm8-1': 0.97}",1.455,495.07200000000023,496.04200000000026,inf,604.729,604.729
504,T9,BESTEFFORT,COMPLETED,m8-1,494.785,"{'m1-1': 150.8, 'm2-1': 27.28, 'm3-1': 27.56, 'm4-1': 25.45, 'm5-1': 25.83, 'm6-1': 106.85, 'm7-1': 9.75, 'm8-1': 1.02}",1.53,496.04200000000026,497.06200000000024,inf,604.7850000000001,604.7850000000001
505,T5,BESTEFFORT,COMPLETED,m8-1,496.272,"{'m1-1': 156.55, 'm2-1': 28.37, 'm3-1': 27.78, 'm4-1': 26.36, 'm5-1': 24.38, 'm6-1': 113.56, 'm7-1': 11.06, 'm8-1': 1.11}",1.665,497.06200000000024,498.17200000000025,inf,606.2719999999999,606.2719999999999
506,T2,BESTEFFORT,COMPLETED,m8-1,497.64,"{'m1-1': 149.77, 'm2-1': 27.61, 'm3-1': 24.22, 'm4-1': 24.16, 'm5-1': 27.73, 'm6-1': 116.96, 'm7-1': 11.33, 'm8-1': 0.98}",1.47,498.17200000000025,499.15200000000027,inf,607.64,607.64
507,T4,BESTEFFORT,COMPLETED,m8-1,498.187,"{'m1-1': 170.55, 'm2-1': 24.56, 'm3-1': 26.62, 'm4-1': 26.73, 'm5-1': 25.04, 'm6-1': 100.6, 'm7-1': 10.73, 'm8-1': 1.07}",1.605,499.15200000000027,500.22200000000026,inf,608.187,608.187
508,T7,BESTEFFORT,COMPLETED,m8-1,498.199,"{'m1-1': 166.8, 'm2-1': 25.21, 'm3-1': 26.46, 'm4-1': 23.99, 'm5-1': 27.97, 'm6-1': 101.99, 'm7-1': 11.26, 'm8-1': 1.08}",1.62,500.22200000000026,501.30200000000025,inf,608.1990000000001,608.1990000000001
509,T3,BESTEFFORT,COMPLETED,m8-1,498.359,"{'m1-1': 154.63, 'm2-1': 28.27, 'm3-1': 29.08, 'm4-1': 23.84, 'm5-1': 26.36, 'm6-1': 103.33, 'm7-1': 10.92, 'm8-1': 1.13}",1.6949999999999998,501.30200000000025,502.43200000000024,inf,608.3589999999999,608.3589999999999
510,T9,BESTEFFORT,COMPLETED,m8-1,500.171,"{'m1-1': 151.67, 'm2-1': 26.25, 'm3-1': 26.81, 'm4-1': 23.98, 'm5-1': 27.53, 'm6-1': 104.4, 'm7-1': 10.17, 'm8-1': 0.98}",1.47,502.43200000000024,503.41200000000026,inf,610.171,610.171
511,T9,BESTEFFORT,COMPLETED,m8-1,503.736,"{'m1-1': 167.95, 'm2-1': 28.5, 'm3-1': 28.24, 'm4-1': 23.78, 'm5-1': 28.31, 'm6-1': 99.9, 'm7-1': 11.11, 'm8-1': 1.02}",1.53,503.736,504.756,inf,613.736,613.736
512,T9,BESTEFFORT,COMPLETED,m8-1,504.647,"{'m1-1': 165.02, 'm2-1': 27.53, 'm3-1': 28.25, 'm4-1': 26.61, 'm5-1': 27.66, 'm6-1': 99.97, 'm7-1': 10.72, 'm8-1': 0.97}",1.455,504.756,505.726,inf,614.6469999999999,614.6469999999999
513,T10,BESTEFFORT,COMPLETED,m8-1,504.867,"{'m1-1': 151.4, 'm2-1': 24.51, 'm3-1': 25.47, 'm4-1': 26.22, 'm5-1': 25.16, 'm6-1': 106.47, 'm7-1': 11.09, 'm8-1': 1.15}",1.7249999999999999,505.726,506.876,inf,614.867,614.867
514,T5,BESTEFFORT,COMPLETED,m8-1,505.112,"{'m1-1': 159.2, 'm2-1': 26.3, 'm3-1': 28.08, 'm4-1': 27.52, 'm5-1': 24.38, 'm6-1': 107.77, 'm7-1': 10.59, 'm8-1': 0.95}",1.4249999999999998,506.876,507.82599999999996,inf,615.1120000000001,615.1120000000001
515,T8,BESTEFFORT,COMPLETED,m8-1,507.288,"{'m1-1': 163.73, 'm2-1': 26.03, 'm3-1': 27.31, 'm4-1': 27.22, 'm5-1': 28.75, 'm6-1': 111.02, 'm7-1': 9.99, 'm8-1': 1.06}",1.59,507.82599999999996,508.88599999999997,inf,617.288,617.288
516,T6,BESTEFFORT,COMPLETED,m8-1,508.764,"{'m1-1': 168.1, 'm2-1': 27.11, 'm3-1': 25.55, 'm4-1': 25.81, 'm5-1': 27.26, 'm6-1': 102.62, 'm7-1': 9.74, 'm8-1': 1.06}",1.59,508.88599999999997,509.94599999999997,inf,618.764,618.764
517,T7,BESTEFFORT,COMPLETED,m8-1,510.394,"{'m1-1': 159.83, 'm2-1': 26.58, 'm3-1': 26.25, 'm4-1': 27.66, 'm5-1': 27.21, 'm6-1': 112.05, 'm7-1': 9.88, 'm8-1': 1.06}",1.59,510.394,511.454,inf,620.394,620.394
518,T2,BESTEFFORT,COMPLETED,m8-1,512.357,"{'m1-1': 162.27, 'm2-1': 26.82, 'm3-1': 27.15, 'm4-1': 23.4, 'm5-1': 26.56, 'm6-1': 118.77, 'm7-1': 9.99, 'm8-1': 1.13}",1.6949999999999998,512.357,513.487,inf,622.357,622.357
519,T8,BESTEFFORT,COMPLETED,m8-1,513.65,"{'m1-1': 158.11, 'm2-1': 26.14, 'm3-1': 28.74, 'm4-1': 23.86, 'm5-1': 28.75, 'm6-1': 101.3, 'm7-1': 11.11, 'm8-1': 1.09}",1.6350000000000002,513.65,514.74,inf,623.65,623.65
520,T5,BESTEFFORT,COMPLETED,m8-1,513.944,"{'m1-1': 145.76, 'm2-1': 25.53, 'm3-1': 28.07, 'm4-1': 25.88, 'm5-1': 27.33, 'm6-1': 102.15, 'm7-1': 11.03, 'm8-1': 1.03}",1.545,514.74,515.77,inf,623.944,623.944
521,T7,BESTEFFORT,COMPLETED,m8-1,515.595,"{'m1-1': 156.48, 'm2-1': 25.88, 'm3-1': 26.54, 'm4-1': 24.77, 'm5-1': 27.82, 'm6-1': 116.2, 'm7-1': 11.48, 'm8-1': 0.95}",1.4249999999999998,515.77,516.72,inf,625.595,625.595
522,T5,BESTEFFORT,COMPLETED,m8-1,517.739,"{'m1-1': 157.96, 'm2-1': 24.75, 'm3-1': 27.91, 'm4-1': 27.13, 'm5-1': 25.73, 'm6-1': 101.24, 'm7-1': 9.99, 'm8-1': 1.08}",1.62,517.739,518.8190000000001,inf,627.739,627.739
523,T10,BESTEFFORT,COMPLETED,m8-1,527.323,"{'m1-1': 156.22, 'm2-1': 26.0, 'm3-1': 27.0, 'm4-1': 23.52, 'm5-1': 25.71, 'm6-1': 97.32, 'm7-1': 10.31, 'm8-1': 1.15}",1.7249999999999999,527.323,528.473,inf,637.323,637.323
524,T7,BESTEFFORT,COMPLETED,m8-1,529.104,"{'m1-1': 169.73, 'm2-1': 28.49, 'm3-1': 24.88, 'm4-1': 24.58, 'm5-1': 26.49, 'm6-1': 100.99, 'm7-1': 10.2, 'm8-1': 1.06}",1.59,529.104,530.164,inf,639.104,639.104
525,T2,BESTEFFORT,COMPLETED,m8-1,532.88,"{'m1-1': 159.63, 'm2-1': 28.16, 'm3-1': 25.36, 'm4-1': 25.96, 'm5-1': 25.27, 'm6-1': 106.27, 'm7-1': 9.73, 'm8-1': 1.04}",1.56,532.88,533.92,inf,642.88,642.88
526,T10,BESTEFFORT,COMPLETED,m8-1,535.622,"{'m1-1': 153.36, 'm2-1': 25.82, 'm3-1': 27.26, 'm4-1': 23.13, 'm5-1': 24.05, 'm6-1': 109.26, 'm7-1': 11.21, 'm8-1': 1.09}",1.6350000000000002,535.622,536.712,inf,645.622,645.622
527,T9,BESTEFFORT,COMPLETED,m8-1,535.92,"{'m1-1': 157.41, 'm2-1': 29.74, 'm3-1': 28.15, 'm4-1': 26.51, 'm5-1': 25.57, 'm6-1': 104.64, 'm7-1': 10.71, 'm8-1': 0.99}",1.4849999999999999,536.712,537.702,inf,645.92,645.92
528,T1,BESTEFFORT,COMPLETED,m8-1,539.237,"{'m1-1': 165.72, 'm2-1': 24.82, 'm3-1': 29.47, 'm4-1': 25.0, 'm5-1': 24.25, 'm6-1': 99.25, 'm7-1': 9.84, 'm8-1': 1.1}",1.6500000000000001,539.237,540.337,inf,649.237,649.237
529,T5,BESTEFFORT,COMPLETED,m8-1,540.606,"{'m1-1': 158.67, 'm2-1': 25.3, 'm3-1': 27.47, 'm4-1': 25.39, 'm5-1': 26.94, 'm6-1': 106.12, 'm7-1': 9.8, 'm8-1': 0.94}",1.41,540.606,541.546,inf,650.606,650.606
530,T4,BESTEFFORT,COMPLETED,m8-1,542.634,"{'m1-1': 160.47, 'm2-1': 24.64, 'm3-1': 29.02, 'm4-1': 27.56, 'm5-1': 25.64, 'm6-1': 107.68, 'm7-1': 9.81, 'm8-1': 1.03}",1.545,542.634,543.664,inf,652.634,652.634
531,T6,BESTEFFORT,COMPLETED,m8-1,545.997,"{'m1-1': 164.38, 'm2-1': 26.83, 'm3-1': 26.98, 'm4-1': 27.87, 'm5-1': 26.54, 'm6-1': 99.37, 'm7-1': 10.74, 'm8-1': 1.11}",1.665,545.997,547.107,inf,655.997,655.997
532,T6,BESTEFFORT,COMPLETED,m8-1,547.82,"{'m1-1': 158.74, 'm2-1': 26.4, 'm3-1': 25.92, 'm4-1': 28.99, 'm5-1': 24.58, 'm6-1': 115.63, 'm7-1': 10.56, 'm8-1': 1.03}",1.545,547.82,548.85,inf,657.82,657.82
533,T10,BESTEFFORT,COMPLETED,m8-1,547.889,"{'m1-1': 156.29, 'm2-1': 26.38, 'm3-1': 26.88, 'm4-1': 25.87, 'm5-1': 26.32, 'm6-1': 110.17, 'm7-1': 10.32, 'm8-1': 1.01}",1.5150000000000001,548.85,549.86,inf,657.889,657.889
534,T9,BESTEFFORT,COMPLETED,m8-1,548.192,"{'m1-1': 156.63, 'm2-1': 26.51, 'm3-1': 24.89, 'm4-1': 25.8, 'm5-1': 28.4, 'm6-1': 107.42, 'm7-1': 11.22, 'm8-1': 1.03}",1.545,549.86,550.89,inf,658.192,658.192
535,T5,BESTEFFORT,COMPLETED,m8-1,548.263,"{'m1-1': 158.24, 'm2-1': 27.84, 'm3-1': 28.91, 'm4-1': 27.56, 'm5-1': 26.94, 'm6-1': 105.34, 'm7-1': 9.41, 'm8-1': 0.97}",1.455,550.89,551.86,inf,658.263,658.263
536,T8,BESTEFFORT,COMPLETED,m8-1,550.0,"{'m1-1': 148.04, 'm2-1': 24.36, 'm3-1': 29.0, 'm4-1': 25.88, 'm5-1': 29.42, 'm6-1': 102.55, 'm7-1': 10.75, 'm8-1': 1.06}",1.59,551.86,552.92,inf,660.0,660.0
537,T9,BESTEFFORT,COMPLETED,m8-1,550.756,"{'m1-1': 160.24, 'm2-1': 29.03, 'm3-1': 25.88, 'm4-1': 26.23, 'm5-1': 29.41, 'm6-1': 111.45, 'm7-1': 10.83, 'm8-1': 1.1}",1.6500000000000001,552.92,554.02,inf,660.756,660.756
538,T2,BESTEFFORT,COMPLETED,m7-1,550.866,"{'m1-1': 157.7, 'm2-1': 25.09, 'm3-1': 27.2, 'm4-1': 26.08, 'm5-1': 25.58, 'm6-1': 106.85, 'm7-1': 10.78, 'm8-1': 1.11}",16.169999999999998,550.866,561.646,inf,660.866,660.866
539,T5,BESTEFFORT,COMPLETED,m8-1,551.978,"{'m1-1': 153.61, 'm2-1': 26.37, 'm3-1': 28.66, 'm4-1': 24.85, 'm5-1': 27.75, 'm6-1': 105.14, 'm7-1': 9.82, 'm8-1': 1.02}",1.53,554.02,555.04,inf,661.978,661.978
540,T7,BESTEFFORT,COMPLETED,m8-1,553.627,"{'m1-1': 165.28, 'm2-1': 29.46, 'm3-1': 26.89, 'm4-1': 24.67, 'm5-1': 27.88, 'm6-1': 113.29, 'm7-1': 10.03, 'm8-1': 1.11}",1.665,555.04,556.15,inf,663.627,663.627
541,T6,BESTEFFORT,COMPLETED,m8-1,553.802,"{'m1-1': 159.79, 'm2-1': 25.48, 'm3-1': 23.52, 'm4-1': 26.18, 'm5-1': 25.48, 'm6-1': 107.84, 'm7-1': 11.36, 'm8-1': 1.09}",1.6350000000000002,556.15,557.24,inf,663.802,663.802
542,T4,BESTEFFORT,COMPLETED,m8-1,554.725,"{'m1-1': 159.58, 'm2-1': 23.88, 'm3-1': 25.27, 'm4-1': 24.28, 'm5-1': 28.91, 'm6-1': 104.33, 'm7-1': 10.09, 'm8-1': 1.04}",1.56,557.24,558.28,inf,664.725,664.725
543,T6,BESTEFFORT,COMPLETED,m8-1,555.491,"{'m1-1': 170.47, 'm2-1': 26.01, 'm3-1': 26.67, 'm4-1': 27.04, 'm5-1': 27.62, 'm6-1': 110.64, 'm7-1': 11.35, 'm8-1': 1.03}",1.545,558.28,559.31,inf,665.491,665.491
544,T1,BESTEFFORT,COMPLETED,m8-1,558.443,"{'m1-1': 141.46, 'm2-1': 28.01, 'm3-1': 26.5, 'm4-1': 26.53, 'm5-1': 25.89, 'm6-1': 103.3, 'm7-1': 10.95, 'm8-1': 0.99}",1.4849999999999999,559.31,560.3,inf,668.443,668.443
545,T8,BESTEFFORT,COMPLETED,m8-1,560.188,"{'m1-1': 162.14, 'm2-1': 24.98, 'm3-1': 26.26, 'm4-1': 25.03, 'm5-1': 28.67, 'm6-1': 105.92, 'm7-1': 10.4, 'm8-1': 1.13}",1.6949999999999998,560.3,561.43,inf,670.188,670.188
546,T7,BESTEFFORT,COMPLETED,m8-1,560.205,"{'m1-1': 162.43, 'm2-1': 25.9, 'm3-1': 23.56, 'm4-1': 26.82, 'm5-1': 24.79, 'm6-1': 102.91, 'm7-1': 9.69, 'm8-1': 0.95}",1.4249999999999998,561.43,562.38,inf,670.205,670.205
547,T4,BESTEFFORT,COMPLETED,m8-1,562.523,"{'m1-1': 169.12, 'm2-1': 26.06, 'm3-1': 28.17, 'm4-1': 26.11, 'm5-1': 28.18, 'm6-1': 111.45, 'm7-1': 11.12, 'm8-1': 1.09}",1.6350000000000002,562.523,563.613,inf,672.523,672.523
548,T3,BESTEFFORT,COMPLETED,m8-1,563.475,"{'m1-1': 164.6, 'm2-1': 25.31, 'm3-1': 26.49, 'm4-1': 23.87, 'm5-1': 27.41, 'm6-1': 102.07, 'm7-1': 11.05, 'm8-1': 1.03}",1.545,563.613,564.643,inf,673.475,673.475
549,T10,BESTEFFORT,COMPLETED,m8-1,566.657,"{'m1-1': 160.89, 'm2-1': 24.39, 'm3-1': 27.13, 'm4-1': 26.74, 'm5-1': 27.68, 'm6-1': 103.66, 'm7-1': 11.06, 'm8-1': 1.03}",1.545,566.657,567.687,inf,676.657,676.657
550,T4,BESTEFFORT,COMPLETED,m8-1,566.753,"{'m1-1': 165.31, 'm2-1': 28.16, 'm3-1': 28.2, 'm4-1': 27.95, 'm5-1': 27.67, 'm6-1': 108.39, 'm7-1': 9.57, 'm8-1': 0.98}",1.47,567.687,568.667,inf,676.753,676.753
551,T9,BESTEFFORT,COMPLETED,m8-1,568.15,"{'m1-1': 167.27, 'm2-1': 28.49, 'm3-1': 26.92, 'm4-1': 25.2, 'm5-1': 29.24, 'm6-1': 108.97, 'm7-1': 11.27, 'm8-1': 1.08}",1.62,568.667,569.7470000000001,inf,678.15,678.15
552,T9,BESTEFFORT,COMPLETED,m8-1,568.887,"{'m1-1': 158.74, 'm2-1': 25.07, 'm3-1': 24.95, 'm4-1': 23.8, 'm5-1': 29.19, 'm6-1': 98.97, 'm7-1': 11.32, 'm8-1': 1.07}",1.605,569.7470000000001,570.8170000000001,inf,678.887,678.887
553,T10,BESTEFFORT,COMPLETED,m8-1,568.975,"{'m1-1': 171.66, 'm2-1': 27.25, 'm3-1': 24.96, 'm4-1': 23.73, 'm5-1': 24.91, 'm6-1': 102.14, 'm7-1': 10.03, 'm8-1': 1.13}",1.6949999999999998,570.8170000000001,571.9470000000001,inf,678.975,678.975
554,T8,BESTEFFORT,COMPLETED,m8-1,570.062,"{'m1-1': 144.65, 'm2-1': 23.5, 'm3-1': 28.37, 'm4-1': 24.21, 'm5-1': 28.9, 'm6-1': 104.56, 'm7-1': 10.63, 'm8-1': 0.97}",1.455,571.9470000000001,572.9170000000001,inf,680.062,680.062
555,T8,BESTEFFORT,COMPLETED,m8-1,571.03,"{'m1-1': 163.34, 'm2-1': 25.32, 'm3-1': 25.47, 'm4-1': 24.93, 'm5-1': 29.18, 'm6-1': 101.54, 'm7-1': 11.15, 'm8-1': 1.01}",1.5150000000000001,572.9170000000001,573.9270000000001,inf,681.03,681.03
556,T8,BESTEFFORT,COMPLETED,m8-1,571.632,"{'m1-1': 152.2, 'm2-1': 23.73, 'm3-1': 25.72, 'm4-1': 24.35, 'm5-1': 27.14, 'm6-1': 102.22, 'm7-1': 9.96, 'm8-1': 1.14}",1.71,573.9270000000001,575.0670000000001,inf,681.632,681.632
557,T1,BESTEFFORT,COMPLETED,m7-1,571.805,"{'m1-1': 145.38, 'm2-1': 25.09, 'm3-1': 25.91, 'm4-1': 27.22, 'm5-1': 24.54, 'm6-1': 99.42, 'm7-1': 10.28, 'm8-1': 1.06}",15.419999999999998,571.805,582.0849999999999,inf,681.805,681.805
558,T5,BESTEFFORT,COMPLETED,m8-1,574.37,"{'m1-1': 161.92, 'm2-1': 25.66, 'm3-1': 25.81, 'm4-1': 23.98, 'm5-1': 24.52, 'm6-1': 100.58, 'm7-1': 10.41, 'm8-1': 0.98}",1.47,575.0670000000001,576.0470000000001,inf,684.37,684.37
559,T9,BESTEFFORT,COMPLETED,m8-1,575.122,"{'m1-1': 170.27, 'm2-1': 27.74, 'm3-1': 28.28, 'm4-1': 23.86, 'm5-1': 27.42, 'm6-1': 98.43, 'm7-1': 10.58, 'm8-1': 0.94}",1.41,576.0470000000001,576.9870000000002,inf,685.122,685.122
560,T5,BESTEFFORT,COMPLETED,m8-1,578.853,"{'m1-1': 151.55, 'm2-1': 26.09, 'm3-1': 25.46, 'm4-1': 24.27, 'm5-1': 27.8, 'm6-1': 107.27, 'm7-1': 10.25, 'm8-1': 0.96}",1.44,578.853,579.813,inf,688.853,688.853
561,T4,BESTEFFORT,COMPLETED,m8-1,579.138,"{'m1-1': 161.98, 'm2-1': 27.28, 'm3-1': 28.91, 'm4-1': 26.72, 'm5-1': 29.54, 'm6-1': 109.64, 'm7-1': 10.91, 'm8-1': 1.02}",1.53,579.813,580.833,inf,689.138,689.138
562,T9,BESTEFFORT,COMPLETED,m8-1,579.284,"{'m1-1': 152.9, 'm2-1': 27.89, 'm3-1': 26.11, 'm4-1': 26.11, 'm5-1': 27.72, 'm6-1': 106.36, 'm7-1': 10.73, 'm8-1': 1.01}",1.5150000000000001,580.833,581.843,inf,689.284,689.284
563,T9,BESTEFFORT,COMPLETED,m8-1,579.976,"{'m1-1': 157.1, 'm2-1': 29.58, 'm3-1': 24.8, 'm4-1': 27.14, 'm5-1': 25.32, 'm6-1': 107.22, 'm7-1': 11.31, 'm8-1': 1.12}",1.6800000000000002,581.843,582.963,inf,689.976,689.976
564,T2,BESTEFFORT,COMPLETED,m8-1,580.214,"{'m1-1': 153.1, 'm2-1': 25.6, 'm3-1': 26.77, 'm4-1': 26.96, 'm5-1': 26.51, 'm6-1': 113.46, 'm7-1': 9.86, 'm8-1': 1.06}",1.59,582.963,584.0229999999999,inf,690.214,690.214
565,T10,BESTEFFORT,COMPLETED,m8-1,580.907,"{'m1-1': 164.53, 'm2-1': 26.34, 'm3-1': 24.46, 'm4-1': 25.53, 'm5-1': 23.68, 'm6-1': 105.39, 'm7-1': 10.49, 'm8-1': 1.13}",1.6949999999999998,584.0229999999999,585.1529999999999,inf,690.907,690.907
566,T2,BESTEFFORT,COMPLETED,m7-1,581.636,"{'m1-1': 142.92, 'm2-1': 25.38, 'm3-1': 28.02, 'm4-1': 27.44, 'm5-1': 24.64, 'm6-1': 103.81, 'm7-1': 10.82, 'm8-1': 0.96}",16.23,582.0849999999999,592.905,inf,691.636,691.636
567,T6,BESTEFFORT,COMPLETED,m8-1,582.529,"{'m1-1': 168.78, 'm2-1': 26.22, 'm3-1': 24.91, 'm4-1': 26.73, 'm5-1': 28.52, 'm6-1': 105.92, 'm7-1': 11.21, 'm8-1': 0.99}",1.4849999999999999,585.1529999999999,586.1429999999999,inf,692.529,692.529
568,T2,BESTEFFORT,COMPLETED,m8-1,584.562,"{'m1-1': 155.02, 'm2-1': 24.19, 'm3-1': 27.35, 'm4-1': 26.07, 'm5-1': 27.4, 'm6-1': 106.83, 'm7-1': 9.99, 'm8-1': 1.09}",1.6350000000000002,586.1429999999999,587.233,inf,694.562,694.562
569,T8,BESTEFFORT,COMPLETED,m8-1,584.849,"{'m1-1': 162.41, 'm2-1': 26.62, 'm3-1': 25.61, 'm4-1': 24.33, 'm5-1': 27.81, 'm6-1': 102.56, 'm7-1': 9.59, 'm8-1': 1.03}",1.545,587.233,588.2629999999999,inf,694.849,694.849
570,T4,BESTEFFORT,COMPLETED,m7-1,584.974,"{'m1-1': 176.52, 'm2-1': 24.21, 'm3-1': 25.17, 'm4-1': 27.8, 'm5-1': 28.31, 'm6-1': 103.68, 'm7-1': 10.82, 'm8-1': 0.93}",16.23,592.905,603.725,inf,694.974,694.974
571,T10,BESTEFFORT,COMPLETED,m8-1,585.193,"{'m1-1': 171.64, 'm2-1': 26.53, 'm3-1': 27.76, 'm4-1': 23.83, 'm5-1': 25.64, 'm6-1': 96.85, 'm7-1': 9.95, 'm8-1': 1.1}",1.6500000000000001,588.2629999999999,589.3629999999999,inf,695.193,695.193
572,T2,BESTEFFORT,COMPLETED,m8-1,586.323,"{'m1-1': 158.87, 'm2-1': 27.72, 'm3-1': 26.62, 'm4-1': 23.6, 'm5-1': 26.86, 'm6-1': 104.47, 'm7-1': 11.13, 'm8-1': 1.07}",1.605,589.3629999999999,590.433,inf,696.323,696.323
573,T1,BESTEFFORT,COMPLETED,m4-1,587.026,"{'m1-1': 157.7, 'm2-1': 27.97, 'm3-1': 28.83, 'm4-1': 24.77, 'm5-1': 27.64, 'm6-1': 95.18, 'm7-1': 10.81, 'm8-1': 1.16}",37.155,587.026,611.7959999999999,inf,697.026,697.026
574,T1,BESTEFFORT,COMPLETED,m8-1,587.475,"{'m1-1': 167.4, 'm2-1': 24.24, 'm3-1': 28.36, 'm4-1': 26.39, 'm5-1': 24.17, 'm6-1': 105.25, 'm7-1': 10.8, 'm8-1': 1.01}",1.5150000000000001,590.433,591.443,inf,697.475,697.475
575,T6,BESTEFFORT,COMPLETED,m8-1,589.695,"{'m1-1': 160.66, 'm2-1': 26.68, 'm3-1': 23.92, 'm4-1': 25.47, 'm5-1': 24.42, 'm6-1': 115.32, 'm7-1': 11.03, 'm8-1': 1.07}",1.605,591.443,592.513,inf,699.695,699.695
576,T7,BESTEFFORT,COMPLETED,m8-1,589.93,"{'m1-1': 172.3, 'm2-1': 28.12, 'm3-1': 24.14, 'm4-1': 23.72, 'm5-1': 24.97, 'm6-1': 116.37, 'm7-1': 10.6, 'm8-1': 1.04}",1.56,592.513,593.553,inf,699.93,699.93
577,T2,BESTEFFORT,COMPLETED,m7-1,590.162,"{'m1-1': 145.69, 'm2-1': 24.36, 'm3-1': 24.71, 'm4-1': 26.44, 'm5-1': 26.88, 'm6-1': 113.47, 'm7-1': 9.66, 'm8-1': 1.05}",14.49,603.725,613.385,inf,700.162,700.162
578,T1,BESTEFFORT,COMPLETED,m8-1,590.527,"{'m1-1': 157.02, 'm2-1': 28.17, 'm3-1': 25.96, 'm4-1': 23.54, 'm5-1': 26.62, 'm6-1': 105.7, 'm7-1': 9.58, 'm8-1': 1.08}",1.62,593.553,594.633,inf,700.527,700.527
579,T8,BESTEFFORT,COMPLETED,m8-1,591.944,"{'m1-1': 165.79, 'm2-1': 25.14, 'm3-1': 28.1, 'm4-1': 27.95, 'm5-1': 28.7, 'm6-1': 101.54, 'm7-1': 11.14, 'm8-1': 1.0}",1.5,594.633,595.633,inf,701.944,701.944
580,T7,BESTEFFORT,COMPLETED,m8-1,592.554,"{'m1-1': 170.3, 'm2-1': 29.14, 'm3-1': 26.12, 'm4-1': 26.14, 'm5-1': 24.95, 'm6-1': 100.6, 'm7-1': 10.83, 'm8-1': 1.02}",1.53,595.633,596.653,inf,702.554,702.554
581,T2,BESTEFFORT,COMPLETED,m8-1,594.215,"{'m1-1': 149.43, 'm2-1': 26.86, 'm3-1': 27.39, 'm4-1': 24.59, 'm5-1': 24.92, 'm6-1': 110.58, 'm7-1': 10.24, 'm8-1': 1.04}",1.56,596.653,597.693,inf,704.215,704.215
582,T10,BESTEFFORT,COMPLETED,m8-1,594.839,"{'m1-1': 171.19, 'm2-1': 27.64, 'm3-1': 27.52, 'm4-1': 27.45, 'm5-1': 26.65, 'm6-1': 111.53, 'm7-1': 10.07, 'm8-1': 1.0}",1.5,597.693,598.693,inf,704.839,704.839
583,T1,BESTEFFORT,COMPLETED,m5-1,595.6,"{'m1-1': 152.76, 'm2-1': 26.24, 'm3-1': 27.44, 'm4-1': 26.95, 'm5-1': 25.96, 'm6-1': 98.28, 'm7-1': 10.81, 'm8-1': 1.12}",38.94,595.6,621.5600000000001,inf,705.6,705.6
584,T9,BESTEFFORT,COMPLETED,m8-1,595.989,"{'m1-1': 171.45, 'm2-1': 29.01, 'm3-1': 25.84, 'm4-1': 24.46, 'm5-1': 25.7, 'm6-1': 101.74, 'm7-1': 11.43, 'm8-1': 1.03}",1.545,598.693,599.723,inf,705.989,705.989
585,T5,BESTEFFORT,COMPLETED,m7-1,596.311,"{'m1-1': 144.84, 'm2-1': 27.51, 'm3-1': 26.67, 'm4-1': 27.78, 'm5-1': 23.84, 'm6-1': 110.33, 'm7-1': 10.96, 'm8-1': 1.09}",16.44,613.385,624.345,inf,706.311,706.311
586,T8,BESTEFFORT,COMPLETED,m2-1,596.325,"{'m1-1': 156.38, 'm2-1': 23.46, 'm3-1': 26.6, 'm4-1': 27.95, 'm5-1': 27.64, 'm6-1': 107.66, 'm7-1': 11.16, 'm8-1': 1.01}",35.19,596.325,619.7850000000001,inf,706.325,706.325
587,T10,BESTEFFORT,COMPLETED,m3-1,596.643,"{'m1-1': 158.75, 'm2-1': 23.55, 'm3-1': 28.39, 'm4-1': 23.99, 'm5-1': 23.52, 'm6-1': 103.47, 'm7-1': 11.29, 'm8-1': 1.1}",42.585,596.643,625.033,inf,706.643,706.643
588,T1,BESTEFFORT,COMPLETED,m8-1,597.58,"{'m1-1': 152.13, 'm2-1': 25.09, 'm3-1': 28.66, 'm4-1': 23.25, 'm5-1': 24.87, 'm6-1': 107.03, 'm7-1': 10.77, 'm8-1': 1.06}",1.59,599.723,600.7829999999999,inf,707.58,707.58
589,T3,BESTEFFORT,COMPLETED,m8-1,597.855,"{'m1-1': 156.71, 'm2-1': 29.03, 'm3-1': 29.72, 'm4-1': 26.83, 'm5-1': 24.03, 'm6-1': 96.3, 'm7-1': 10.63, 'm8-1': 1.08}",1.62,600.7829999999999,601.8629999999999,inf,707.855,707.855
590,T3,BESTEFFORT,COMPLETED,m7-1,598.207,"{'m1-1': 148.64, 'm2-1': 29.22, 'm3-1': 28.59, 'm4-1': 27.78, 'm5-1': 27.35, 'm6-1': 108.69, 'm7-1': 10.35, 'm8-1': 1.02}",15.524999999999999,624.345,634.695,inf,708.207,708.207
591,T8,BESTEFFORT,COMPLETED,m8-1,599.55,"{'m1-1': 146.69, 'm2-1': 25.79, 'm3-1': 28.75, 'm4-1': 24.23, 'm5-1': 25.62, 'm6-1': 98.77, 'm7-1': 10.94, 'm8-1': 0.97}",1.455,601.8629999999999,602.833,inf,709.55,709.55
592,T3,BESTEFFORT,COMPLETED,m8-1,600.844,"{'m1-1': 157.92, 'm2-1': 27.94, 'm3-1': 29.54, 'm4-1': 28.2, 'm5-1': 24.2, 'm6-1': 110.39, 'm7-1': 10.53, 'm8-1': 1.08}",1.62,602.833,603.913,inf,710.844,710.844
593,T10,BESTEFFORT,COMPLETED,m8-1,601.749,"{'m1-1': 171.62, 'm2-1': 25.8, 'm3-1': 27.34, 'm4-1': 23.64, 'm5-1': 24.65, 'm6-1': 102.6, 'm7-1': 10.72, 'm8-1': 1.15}",1.7249999999999999,603.913,605.063,inf,711.749,711.749
594,T6,BESTEFFORT,COMPLETED,m8-1,604.164,"{'m1-1': 161.34, 'm2-1': 28.52, 'm3-1': 24.87, 'm4-1': 26.95, 'm5-1': 24.64, 'm6-1': 111.18, 'm7-1': 9.81, 'm8-1': 1.13}",1.6949999999999998,605.063,606.193,inf,714.164,714.164
595,T3,BESTEFFORT,COMPLETED,m8-1,604.968,"{'m1-1': 162.46, 'm2-1': 26.76, 'm3-1': 25.08, 'm4-1': 25.97, 'm5-1': 24.06, 'm6-1': 99.8, 'm7-1': 9.9, 'm8-1': 1.07}",1.605,606.193,607.263,inf,714.968,714.968
596,T10,BESTEFFORT,COMPLETED,m8-1,609.287,"{'m1-1': 147.44, 'm2-1': 25.93, 'm3-1': 27.6, 'm4-1': 26.0, 'm5-1': 25.48, 'm6-1': 109.42, 'm7-1': 10.53, 'm8-1': 1.11}",1.665,609.287,610.397,inf,719.287,719.287
597,T5,BESTEFFORT,COMPLETED,m8-1,611.914,"{'m1-1': 141.43, 'm2-1': 27.29, 'm3-1': 26.68, 'm4-1': 25.54, 'm5-1': 26.54, 'm6-1': 112.29, 'm7-1': 10.11, 'm8-1': 0.96}",1.44,611.914,612.874,inf,721.914,721.914
598,T7,BESTEFFORT,COMPLETED,m8-1,611.999,"{'m1-1': 164.78, 'm2-1': 27.32, 'm3-1': 23.31, 'm4-1': 24.45, 'm5-1': 28.7, 'm6-1': 109.5, 'm7-1': 11.4, 'm8-1': 1.06}",1.59,612.874,613.934,inf,721.999,721.999
599,T9,BESTEFFORT,COMPLETED,m8-1,613.435,"{'m1-1': 147.86, 'm2-1': 26.63, 'm3-1': 28.4, 'm4-1': 27.2, 'm5-1': 26.86, 'm6-1': 102.3, 'm7-1': 10.26, 'm8-1': 1.05}",1.5750000000000002,613.934,614.9839999999999,inf,723.435,723.435
600,T3,BESTEFFORT,COMPLETED,m8-1,618.135,"{'m1-1': 167.46, 'm2-1': 29.48, 'm3-1': 25.56, 'm4-1': 24.96, 'm5-1': 25.12, 'm6-1': 97.28, 'm7-1': 9.59, 'm8-1': 1.02}",1.53,618.135,619.155,inf,728.135,728.135
601,T5,BESTEFFORT,COMPLETED,m8-1,618.799,"{'m1-1': 145.01, 'm2-1': 28.6, 'm3-1': 26.6, 'm4-1': 24.02, 'm5-1': 27.16, 'm6-1': 97.04, 'm7-1': 10.87, 'm8-1': 0.99}",1.4849999999999999,619.155,620.145,inf,728.799,728.799
602,T10,BESTEFFORT,COMPLETED,m8-1,619.218,"{'m1-1': 158.09, 'm2-1': 24.79, 'm3-1': 27.97, 'm4-1': 26.58, 'm5-1': 27.66, 'm6-1': 106.92, 'm7-1': 11.48, 'm8-1': 1.11}",1.665,620.145,621.255,inf,729.218,729.218
603,T3,BESTEFFORT,COMPLETED,m8-1,620.818,"{'m1-1': 165.82, 'm2-1': 29.48, 'm3-1': 25.5, 'm4-1': 24.33, 'm5-1': 26.04, 'm6-1': 99.51, 'm7-1': 10.2, 'm8-1': 1.1}",1.6500000000000001,621.255,622.355,inf,730.818,730.818
604,T10,BESTEFFORT,COMPLETED,m8-1,620.859,"{'m1-1': 145.84, 'm2-1': 26.78, 'm3-1': 27.97, 'm4-1': 25.12, 'm5-1': 25.84, 'm6-1': 106.77, 'm7-1': 11.01, 'm8-1': 1.16}",1.7399999999999998,622.355,623.515,inf,730.859,730.859
605,T5,BESTEFFORT,COMPLETED,m8-1,621.618,"{'m1-1': 154.17, 'm2-1': 27.44, 'm3-1': 28.9, 'm4-1': 26.2, 'm5-1': 25.75, 'm6-1': 109.97, 'm7-1': 11.06, 'm8-1': 1.06}",1.59,623.515,624.5749999999999,inf,731.618,731.618
606,T2,BESTEFFORT,COMPLETED,m8-1,621.691,"{'m1-1': 150.43, 'm2-1': 25.19, 'm3-1': 26.53, 'm4-1': 23.61, 'm5-1': 25.14, 'm6-1': 117.57, 'm7-1': 10.97, 'm8-1': 1.04}",1.56,624.5749999999999,625.6149999999999,inf,731.691,731.691
607,T8,BESTEFFORT,COMPLETED,m8-1,622.59,"{'m1-1': 161.62, 'm2-1': 23.29, 'm3-1': 28.62, 'm4-1': 26.89, 'm5-1': 27.62, 'm6-1': 108.54, 'm7-1': 10.72, 'm8-1': 1.07}",1.605,625.6149999999999,626.685,inf,732.59,732.59
608,T2,BESTEFFORT,COMPLETED,m8-1,623.582,"{'m1-1': 164.83, 'm2-1': 25.06, 'm3-1': 24.51, 'm4-1': 23.8, 'm5-1': 24.41, 'm6-1': 103.65, 'm7-1': 10.4, 'm8-1': 0.99}",1.4849999999999999,626.685,627.675,inf,733.582,733.582
609,T9,BESTEFFORT,COMPLETED,m8-1,625.294,"{'m1-1': 169.24, 'm2-1': 25.5, 'm3-1': 26.98, 'm4-1': 24.39, 'm5-1': 29.28, 'm6-1': 101.98, 'm7-1': 11.0, 'm8-1': 1.08}",1.62,627.675,628.755,inf,735.294,735.294
610,T8,BESTEFFORT,COMPLETED,m8-1,626.334,"{'m1-1': 150.34, 'm2-1': 24.15, 'm3-1': 28.81, 'm4-1': 24.23, 'm5-1': 27.14, 'm6-1': 110.74, 'm7-1': 10.02, 'm8-1': 1.03}",1.545,628.755,629.785,inf,736.334,736.334
611,T9,BESTEFFORT,COMPLETED,m7-1,626.442,"{'m1-1': 170.92, 'm2-1': 28.73, 'm3-1': 27.87, 'm4-1': 26.18, 'm5-1': 29.55, 'm6-1': 96.85, 'm7-1': 9.95, 'm8-1': 1.02}",14.924999999999999,634.695,644.6450000000001,inf,736.442,736.442
612,T9,BESTEFFORT,COMPLETED,m8-1,626.844,"{'m1-1': 166.0, 'm2-1': 25.72, 'm3-1': 24.4, 'm4-1': 25.31, 'm5-1': 27.73, 'm6-1': 106.74, 'm7-1': 10.05, 'm8-1': 1.01}",1.5150000000000001,629.785,630.795,inf,736.844,736.844
613,T6,BESTEFFORT,COMPLETED,m3-1,627.534,"{'m1-1': 171.62, 'm2-1': 25.18, 'm3-1': 27.04, 'm4-1': 27.65, 'm5-1': 26.92, 'm6-1': 107.98, 'm7-1': 11.3, 'm8-1': 1.0}",40.56,627.534,654.574,inf,737.534,737.534
614,T8,BESTEFFORT,COMPLETED,m8-1,627.697,"{'m1-1': 163.35, 'm2-1': 25.22, 'm3-1': 27.8, 'm4-1': 27.75, 'm5-1': 27.7, 'm6-1': 105.61, 'm7-1': 10.07, 'm8-1': 0.98}",1.47,630.795,631.775,inf,737.697,737.697
615,T6,BESTEFFORT,COMPLETED,m4-1,627.855,"{'m1-1': 157.64, 'm2-1': 28.95, 'm3-1': 26.9, 'm4-1': 26.98, 'm5-1': 28.38, 'm6-1': 108.16, 'm7-1': 10.8, 'm8-1': 1.12}",40.47,627.855,654.835,inf,737.855,737.855
616,T5,BESTEFFORT,COMPLETED,m8-1,629.278,"{'m1-1': 158.2, 'm2-1': 26.92, 'm3-1': 28.58, 'm4-1': 27.18, 'm5-1': 24.46, 'm6-1': 107.74, 'm7-1': 9.84, 'm8-1': 1.04}",1.56,631.775,632.8149999999999,inf,739.278,739.278
617,T6,BESTEFFORT,COMPLETED,m5-1,629.42,"{'m1-1': 168.81, 'm2-1': 29.12, 'm3-1': 23.38, 'm4-1': 29.1, 'm5-1': 26.79, 'm6-1': 104.8, 'm7-1': 10.18, 'm8-1': 1.08}",40.185,629.42,656.2099999999999,inf,739.42,739.42
618,T5,BESTEFFORT,COMPLETED,m8-1,632.158,"{'m1-1': 153.11, 'm2-1': 26.78, 'm3-1': 26.53, 'm4-1': 27.12, 'm5-1': 23.75, 'm6-1': 103.31, 'm7-1': 10.28, 'm8-1': 1.04}",1.56,632.8149999999999,633.8549999999999,inf,742.158,742.158
619,T5,BESTEFFORT,COMPLETED,m8-1,632.511,"{'m1-1': 138.79, 'm2-1': 24.87, 'm3-1': 26.61, 'm4-1': 28.1, 'm5-1': 24.97, 'm6-1': 108.75, 'm7-1': 10.7, 'm8-1': 0.96}",1.44,633.8549999999999,634.8149999999999,inf,742.511,742.511
620,T7,BESTEFFORT,COMPLETED,m8-1,633.987,"{'m1-1': 155.87, 'm2-1': 28.16, 'm3-1': 27.46, 'm4-1': 23.64, 'm5-1': 25.02, 'm6-1': 104.17, 'm7-1': 10.33, 'm8-1': 0.96}",1.44,634.8149999999999,635.775,inf,743.987,743.987
621,T4,BESTEFFORT,COMPLETED,m8-1,634.334,"{'m1-1': 176.51, 'm2-1': 23.86, 'm3-1': 25.81, 'm4-1': 26.74, 'm5-1': 27.92, 'm6-1': 107.68, 'm7-1': 11.08, 'm8-1': 1.04}",1.56,635.775,636.8149999999999,inf,744.334,744.334
622,T3,BESTEFFORT,COMPLETED,m8-1,634.424,"{'m1-1': 143.51, 'm2-1': 26.34, 'm3-1': 29.31, 'm4-1': 24.04, 'm5-1': 27.19, 'm6-1': 105.82, 'm7-1': 9.9, 'm8-1': 0.97}",1.455,636.8149999999999,637.785,inf,744.424,744.424
623,T7,BESTEFFORT,COMPLETED,m8-1,635.509,"{'m1-1': 172.7, 'm2-1': 27.1, 'm3-1': 27.34, 'm4-1': 25.21, 'm5-1': 27.33, 'm6-1': 101.4, 'm7-1': 10.55, 'm8-1': 1.09}",1.6350000000000002,637.785,638.875,inf,745.509,745.509
624,T7,BESTEFFORT,COMPLETED,m8-1,636.893,"{'m1-1': 157.5, 'm2-1': 25.69, 'm3-1': 26.49, 'm4-1': 25.95, 'm5-1': 26.29, 'm6-1': 114.01, 'm7-1': 10.49, 'm8-1': 1.04}",1.56,638.875,639.915,inf,746.893,746.893
625,T5,BESTEFFORT,COMPLETED,m8-1,636.987,"{'m1-1': 144.53, 'm2-1': 27.12, 'm3-1': 25.33, 'm4-1': 24.46, 'm5-1': 26.31, 'm6-1': 101.2, 'm7-1': 10.01, 'm8-1': 1.06}",1.59,639.915,640.9749999999999,inf,746.987,746.987
626,T8,BESTEFFORT,COMPLETED,m7-1,637.312,"{'m1-1': 163.7, 'm2-1': 23.36, 'm3-1': 26.53, 'm4-1': 25.79, 'm5-1': 27.34, 'm6-1': 114.91, 'm7-1': 9.75, 'm8-1': 1.02}",14.625,644.6450000000001,654.3950000000001,inf,747.312,747.312
627,T1,BESTEFFORT,COMPLETED,m2-1,637.765,"{'m1-1': 167.15, 'm2-1': 27.12, 'm3-1': 25.8, 'm4-1': 26.38, 'm5-1': 24.52, 'm6-1': 97.49, 'm7-1': 10.27, 'm8-1': 1.14}",40.68,637.765,664.885,inf,747.765,747.765
628,T3,BESTEFFORT,COMPLETED,m8-1,638.809,"{'m1-1': 146.27, 'm2-1': 25.64, 'm3-1': 25.74, 'm4-1': 27.79, 'm5-1': 26.32, 'm6-1': 103.99, 'm7-1': 9.66, 'm8-1': 1.06}",1.59,640.9749999999999,642.0349999999999,inf,748.809,748.809
629,T9,BESTEFFORT,COMPLETED,m8-1,639.232,"{'m1-1': 149.3, 'm2-1': 25.24, 'm3-1': 26.11, 'm4-1': 25.21, 'm5-1': 28.36, 'm6-1': 112.63, 'm7-1': 10.23, 'm8-1': 1.07}",1.605,642.0349999999999,643.1049999999999,inf,749.232,749.232
630,T3,BESTEFFORT,COMPLETED,m7-1,639.355,"{'m1-1': 169.21, 'm2-1': 27.89, 'm3-1': 25.59, 'm4-1': 26.4, 'm5-1': 26.47, 'm6-1': 103.28, 'm7-1': 9.31, 'm8-1': 1.03}",13.965,654.3950000000001,663.705,inf,749.355,749.355
631,T7,BESTEFFORT,COMPLETED,m8-1,641.021,"{'m1-1': 164.0, 'm2-1': 25.79, 'm3-1': 26.34, 'm4-1': 23.95, 'm5-1': 25.66, 'm6-1': 100.1, 'm7-1': 11.12, 'm8-1': 1.02}",1.53,643.1049999999999,644.1249999999999,inf,751.021,751.021
632,T7,BESTEFFORT,COMPLETED,m8-1,641.028,"{'m1-1': 154.27, 'm2-1': 25.13, 'm3-1': 26.6, 'm4-1': 24.09, 'm5-1': 24.33, 'm6-1': 99.28, 'm7-1': 10.24, 'm8-1': 1.06}",1.59,644.1249999999999,645.1849999999998,inf,751.028,751.028
633,T10,BESTEFFORT,COMPLETED,m3-1,641.383,"{'m1-1': 166.38, 'm2-1': 25.68, 'm3-1': 27.92, 'm4-1': 24.28, 'm5-1': 25.61, 'm6-1': 103.22, 'm7-1': 11.5, 'm8-1': 1.15}",41.88,654.574,682.4939999999999,inf,751.383,751.383
634,T10,BESTEFFORT,COMPLETED,m8-1,645.465,"{'m1-1': 145.67, 'm2-1': 25.78, 'm3-1': 24.84, 'm4-1': 23.63, 'm5-1': 27.71, 'm6-1': 104.33, 'm7-1': 11.22, 'm8-1': 1.04}",1.56,645.465,646.505,inf,755.465,755.465
635,T9,BESTEFFORT,COMPLETED,m8-1,645.515,"{'m1-1': 162.56, 'm2-1': 29.34, 'm3-1': 24.93, 'm4-1': 24.54, 'm5-1': 25.09, 'm6-1': 98.96, 'm7-1': 10.97, 'm8-1': 1.04}",1.56,646.505,647.545,inf,755.515,755.515
636,T8,BESTEFFORT,COMPLETED,m8-1,646.191,"{'m1-1': 164.17, 'm2-1': 24.18, 'm3-1': 28.21, 'm4-1': 24.46, 'm5-1': 27.9, 'm6-1': 100.57, 'm7-1': 9.95, 'm8-1': 1.03}",1.545,647.545,648.5749999999999,inf,756.191,756.191
637,T6,BESTEFFORT,COMPLETED,m8-1,646.269,"{'m1-1': 146.51, 'm2-1': 28.61, 'm3-1': 26.72, 'm4-1': 24.92, 'm5-1': 26.8, 'm6-1': 105.61, 'm7-1': 10.52, 'm8-1': 1.01}",1.5150000000000001,648.5749999999999,649.5849999999999,inf,756.269,756.269
638,T2,BESTEFFORT,COMPLETED,m8-1,648.159,"{'m1-1': 159.81, 'm2-1': 27.95, 'm3-1': 27.83, 'm4-1': 25.78, 'm5-1': 26.3, 'm6-1': 113.46, 'm7-1': 9.84, 'm8-1': 0.98}",1.47,649.5849999999999,650.5649999999999,inf,758.159,758.159
639,T10,BESTEFFORT,COMPLETED,m8-1,648.32,"{'m1-1': 157.36, 'm2-1': 26.53, 'm3-1': 27.6, 'm4-1': 27.09, 'm5-1': 26.57, 'm6-1': 100.78, 'm7-1': 11.37, 'm8-1': 1.12}",1.6800000000000002,650.5649999999999,651.685,inf,758.32,758.32
640,T7,BESTEFFORT,COMPLETED,m8-1,648.837,"{'m1-1': 155.36, 'm2-1': 27.65, 'm3-1': 25.6, 'm4-1': 25.23, 'm5-1': 27.29, 'm6-1': 117.14, 'm7-1': 10.69, 'm8-1': 1.01}",1.5150000000000001,651.685,652.6949999999999,inf,758.837,758.837
641,T9,BESTEFFORT,COMPLETED,m8-1,649.749,"{'m1-1': 159.59, 'm2-1': 25.25, 'm3-1': 24.31, 'm4-1': 26.01, 'm5-1': 27.37, 'm6-1': 106.79, 'm7-1': 11.26, 'm8-1': 1.08}",1.62,652.6949999999999,653.775,inf,759.749,759.749
642,T6,BESTEFFORT,COMPLETED,m7-1,649.939,"{'m1-1': 153.55, 'm2-1': 25.53, 'm3-1': 26.8, 'm4-1': 26.35, 'm5-1': 28.31, 'm6-1': 113.97, 'm7-1': 9.93, 'm8-1': 1.12}",14.895,663.705,673.635,inf,759.939,759.939
643,T8,BESTEFFORT,COMPLETED,m8-1,650.781,"{'m1-1': 155.92, 'm2-1': 24.18, 'm3-1': 25.52, 'm4-1': 26.74, 'm5-1': 26.79, 'm6-1': 113.2, 'm7-1': 9.57, 'm8-1': 1.01}",1.5150000000000001,653.775,654.785,inf,760.781,760.781
644,T5,BESTEFFORT,COMPLETED,m8-1,652.503,"{'m1-1': 161.18, 'm2-1': 27.65, 'm3-1': 25.43, 'm4-1': 26.58, 'm5-1': 25.73, 'm6-1': 113.69, 'm7-1': 10.68, 'm8-1': 1.04}",1.56,654.785,655.8249999999999,inf,762.503,762.503
645,T7,BESTEFFORT,COMPLETED,m8-1,652.832,"{'m1-1': 169.01, 'm2-1': 25.11, 'm3-1': 25.34, 'm4-1': 25.44, 'm5-1': 27.37, 'm6-1': 112.18, 'm7-1': 10.11, 'm8-1': 0.99}",1.4849999999999999,655.8249999999999,656.8149999999999,inf,762.832,762.832
646,T5,BESTEFFORT,COMPLETED,m4-1,652.865,"{'m1-1': 155.29, 'm2-1': 26.25, 'm3-1': 24.61, 'm4-1': 24.66, 'm5-1': 26.66, 'm6-1': 111.76, 'm7-1': 9.49, 'm8-1': 1.06}",36.99,654.835,679.495,inf,762.865,762.865
647,T7,BESTEFFORT,COMPLETED,m8-1,654.635,"{'m1-1': 164.44, 'm2-1': 26.24, 'm3-1': 27.23, 'm4-1': 26.7, 'm5-1': 27.16, 'm6-1': 111.01, 'm7-1': 10.88, 'm8-1': 1.1}",1.6500000000000001,656.8149999999999,657.915,inf,764.635,764.635
648,T8,BESTEFFORT,COMPLETED,m8-1,655.173,"{'m1-1': 148.46, 'm2-1': 26.18, 'm3-1': 25.68, 'm4-1': 26.08, 'm5-1': 26.19, 'm6-1': 105.21, 'm7-1': 9.95, 'm8-1': 0.97}",1.455,657.915,658.885,inf,765.173,765.173
649,T7,BESTEFFORT,COMPLETED,m8-1,656.71,"{'m1-1': 160.87, 'm2-1': 25.52, 'm3-1': 25.24, 'm4-1': 24.37, 'm5-1': 27.75, 'm6-1': 116.81, 'm7-1': 11.18, 'm8-1': 0.98}",1.47,658.885,659.865,inf,766.71,766.71
650,T9,BESTEFFORT,COMPLETED,m5-1,656.755,"{'m1-1': 156.63, 'm2-1': 26.02, 'm3-1': 25.69, 'm4-1': 23.64, 'm5-1': 29.43, 'm6-1': 111.25, 'm7-1': 10.85, 'm8-1': 1.11}",44.144999999999996,656.755,686.185,inf,766.755,766.755
651,T9,BESTEFFORT,COMPLETED,m8-1,657.539,"{'m1-1': 163.1, 'm2-1': 26.19, 'm3-1': 26.12, 'm4-1': 27.24, 'm5-1': 28.33, 'm6-1': 98.77, 'm7-1': 11.05, 'm8-1': 1.04}",1.56,659.865,660.905,inf,767.539,767.539
652,T8,BESTEFFORT,COMPLETED,m7-1,657.811,"{'m1-1': 142.85, 'm2-1': 24.91, 'm3-1': 26.59, 'm4-1': 27.25, 'm5-1': 26.97, 'm6-1': 114.7, 'm7-1': 10.51, 'm8-1': 0.99}",15.765,673.635,684.145,inf,767.811,767.811
653,T9,BESTEFFORT,COMPLETED,m8-1,659.69,"{'m1-1': 171.13, 'm2-1': 28.0, 'm3-1': 24.96, 'm4-1': 25.26, 'm5-1': 26.84, 'm6-1': 111.61, 'm7-1': 10.91, 'm8-1': 1.05}",1.5750000000000002,660.905,661.9549999999999,inf,769.69,769.69
654,T4,BESTEFFORT,COMPLETED,m8-1,660.502,"{'m1-1': 157.34, 'm2-1': 25.77, 'm3-1': 27.44, 'm4-1': 28.23, 'm5-1': 25.14, 'm6-1': 100.58, 'm7-1': 11.04, 'm8-1': 1.02}",1.53,661.9549999999999,662.9749999999999,inf,770.502,770.502
655,T3,BESTEFFORT,COMPLETED,m8-1,662.025,"{'m1-1': 151.96, 'm2-1': 25.89, 'm3-1': 27.71, 'm4-1': 26.52, 'm5-1': 26.22, 'm6-1': 112.46, 'm7-1': 10.94, 'm8-1': 1.08}",1.62,662.9749999999999,664.055,inf,772.025,772.025
656,T1,BESTEFFORT,COMPLETED,m8-1,662.403,"{'m1-1': 146.03, 'm2-1': 24.78, 'm3-1': 25.01, 'm4-1': 27.26, 'm5-1': 27.62, 'm6-1': 99.31, 'm7-1': 9.75, 'm8-1': 1.02}",1.53,664.055,665.0749999999999,inf,772.403,772.403
657,T8,BESTEFFORT,COMPLETED,m8-1,663.993,"{'m1-1': 148.62, 'm2-1': 25.39, 'm3-1': 27.12, 'm4-1': 27.05, 'm5-1': 29.66, 'm6-1': 105.89, 'm7-1': 10.37, 'm8-1': 1.07}",1.605,665.0749999999999,666.145,inf,773.993,773.993
658,T4,BESTEFFORT,COMPLETED,m8-1,664.956,"{'m1-1': 177.47, 'm2-1': 26.77, 'm3-1': 28.23, 'm4-1': 23.93, 'm5-1': 28.52, 'm6-1': 95.75, 'm7-1': 10.37, 'm8-1': 1.0}",1.5,666.145,667.145,inf,774.956,774.956
659,T1,BESTEFFORT,COMPLETED,m8-1,664.959,"{'m1-1': 166.91, 'm2-1': 25.0, 'm3-1': 28.32, 'm4-1': 25.9, 'm5-1': 27.19, 'm6-1': 93.82, 'm7-1': 10.87, 'm8-1': 0.99}",1.4849999999999999,667.145,668.135,inf,774.959,774.959
660,T6,BESTEFFORT,COMPLETED,m8-1,666.363,"{'m1-1': 163.66, 'm2-1': 24.8, 'm3-1': 23.9, 'm4-1': 25.52, 'm5-1': 24.34, 'm6-1': 99.31, 'm7-1': 11.03, 'm8-1': 0.98}",1.47,668.135,669.115,inf,776.363,776.363
661,T4,BESTEFFORT,COMPLETED,m8-1,667.648,"{'m1-1': 166.05, 'm2-1': 25.05, 'm3-1': 29.42, 'm4-1': 24.79, 'm5-1': 25.49, 'm6-1': 111.56, 'm7-1': 9.58, 'm8-1': 0.95}",1.4249999999999998,669.115,670.065,inf,777.648,777.648
662,T6,BESTEFFORT,COMPLETED,m8-1,669.116,"{'m1-1': 157.51, 'm2-1': 27.68, 'm3-1': 24.59, 'm4-1': 27.57, 'm5-1': 27.12, 'm6-1': 106.47, 'm7-1': 11.26, 'm8-1': 1.05}",1.5750000000000002,670.065,671.115,inf,779.116,779.116
663,T9,BESTEFFORT,COMPLETED,m8-1,670.363,"{'m1-1': 171.91, 'm2-1': 26.16, 'm3-1': 28.1, 'm4-1': 24.37, 'm5-1': 29.15, 'm6-1': 95.25, 'm7-1': 11.09, 'm8-1': 0.98}",1.47,671.115,672.095,inf,780.363,780.363
664,T5,BESTEFFORT,COMPLETED,m8-1,670.891,"{'m1-1': 150.02, 'm2-1': 24.48, 'm3-1': 27.31, 'm4-1': 24.32, 'm5-1': 27.33, 'm6-1': 96.06, 'm7-1': 9.53, 'm8-1': 1.08}",1.62,672.095,673.1750000000001,inf,780.891,780.891
665,T5,BESTEFFORT,COMPLETED,m8-1,672.965,"{'m1-1': 147.38, 'm2-1': 25.64, 'm3-1': 28.0, 'm4-1': 23.87, 'm5-1': 25.68, 'm6-1': 113.24, 'm7-1': 10.39, 'm8-1': 1.0}",1.5,673.1750000000001,674.1750000000001,inf,782.965,782.965
666,T5,BESTEFFORT,COMPLETED,m8-1,673.51,"{'m1-1': 140.33, 'm2-1': 26.93, 'm3-1': 25.13, 'm4-1': 24.08, 'm5-1': 26.24, 'm6-1': 100.45, 'm7-1': 10.41, 'm8-1': 1.05}",1.5750000000000002,674.1750000000001,675.225,inf,783.51,783.51
667,T1,BESTEFFORT,COMPLETED,m8-1,676.569,"{'m1-1': 150.21, 'm2-1': 26.21, 'm3-1': 26.44, 'm4-1': 23.38, 'm5-1': 24.23, 'm6-1': 103.4, 'm7-1': 10.59, 'm8-1': 1.06}",1.59,676.569,677.6289999999999,inf,786.569,786.569
668,T7,BESTEFFORT,COMPLETED,m8-1,676.649,"{'m1-1': 155.07, 'm2-1': 25.79, 'm3-1': 24.78, 'm4-1': 26.25, 'm5-1': 26.58, 'm6-1': 108.47, 'm7-1': 11.34, 'm8-1': 1.01}",1.5150000000000001,677.6289999999999,678.6389999999999,inf,786.649,786.649
669,T6,BESTEFFORT,COMPLETED,m8-1,679.722,"{'m1-1': 166.5, 'm2-1': 28.11, 'm3-1': 25.73, 'm4-1': 25.96, 'm5-1': 28.41, 'm6-1': 98.2, 'm7-1': 11.4, 'm8-1': 1.03}",1.545,679.722,680.752,inf,789.722,789.722
670,T8,BESTEFFORT,COMPLETED,m8-1,679.742,"{'m1-1': 147.54, 'm2-1': 26.17, 'm3-1': 28.82, 'm4-1': 26.33, 'm5-1': 28.34, 'm6-1': 108.02, 'm7-1': 9.69, 'm8-1': 1.1}",1.6500000000000001,680.752,681.852,inf,789.742,789.742
671,T5,BESTEFFORT,COMPLETED,m8-1,680.42,"{'m1-1': 148.1, 'm2-1': 27.62, 'm3-1': 27.9, 'm4-1': 27.49, 'm5-1': 25.79, 'm6-1': 111.36, 'm7-1': 10.23, 'm8-1': 1.05}",1.5750000000000002,681.852,682.9019999999999,inf,790.42,790.42
672,T2,BESTEFFORT,COMPLETED,m8-1,680.888,"{'m1-1': 151.24, 'm2-1': 25.67, 'm3-1': 27.83, 'm4-1': 27.21, 'm5-1': 28.4, 'm6-1': 100.86, 'm7-1': 10.93, 'm8-1': 0.99}",1.4849999999999999,682.9019999999999,683.8919999999999,inf,790.888,790.888
673,T4,BESTEFFORT,COMPLETED,m8-1,681.4,"{'m1-1': 160.02, 'm2-1': 23.84, 'm3-1': 28.31, 'm4-1': 24.85, 'm5-1': 25.16, 'm6-1': 112.08, 'm7-1': 11.06, 'm8-1': 1.0}",1.5,683.8919999999999,684.8919999999999,inf,791.4,791.4
674,T6,BESTEFFORT,COMPLETED,m7-1,681.656,"{'m1-1': 160.39, 'm2-1': 24.84, 'm3-1': 24.89, 'm4-1': 28.87, 'm5-1': 24.64, 'm6-1': 101.77, 'm7-1': 11.28, 'm8-1': 1.16}",16.919999999999998,684.145,695.425,inf,791.656,791.656
675,T10,BESTEFFORT,COMPLETED,m3-1,681.77,"{'m1-1': 165.02, 'm2-1': 26.13, 'm3-1': 25.76, 'm4-1': 26.51, 'm5-1': 24.48, 'm6-1': 102.11, 'm7-1': 10.12, 'm8-1': 1.04}",38.64,682.4939999999999,708.2539999999999,inf,791.77,791.77
676,T3,BESTEFFORT,COMPLETED,m8-1,682.382,"{'m1-1': 150.29, 'm2-1': 25.99, 'm3-1': 26.29, 'm4-1': 27.36, 'm5-1': 27.41, 'm6-1': 96.71, 'm7-1': 9.47, 'm8-1': 1.06}",1.59,684.8919999999999,685.9519999999999,inf,792.382,792.382
677,T2,BESTEFFORT,COMPLETED,m8-1,683.184,"{'m1-1': 154.3, 'm2-1': 28.37, 'm3-1': 25.26, 'm4-1': 24.6, 'm5-1': 27.21, 'm6-1': 104.26, 'm7-1': 11.04, 'm8-1': 1.02}",1.53,685.9519999999999,686.9719999999999,inf,793.184,793.184
678,T9,BESTEFFORT,COMPLETED,m8-1,684.878,"{'m1-1': 159.53, 'm2-1': 29.2, 'm3-1': 25.0, 'm4-1': 24.15, 'm5-1': 25.12, 'm6-1': 103.52, 'm7-1': 11.42, 'm8-1': 1.07}",1.605,686.9719999999999,688.0419999999999,inf,794.878,794.878
679,T1,BESTEFFORT,COMPLETED,m8-1,685.15,"{'m1-1': 149.8, 'm2-1': 28.72, 'm3-1': 26.42, 'm4-1': 23.95, 'm5-1': 26.68, 'm6-1': 102.67, 'm7-1': 9.77, 'm8-1': 1.13}",1.6949999999999998,688.0419999999999,689.1719999999999,inf,795.15,795.15
680,T3,BESTEFFORT,COMPLETED,m7-1,685.211,"{'m1-1': 149.11, 'm2-1': 28.22, 'm3-1': 28.05, 'm4-1': 27.64, 'm5-1': 27.84, 'm6-1': 99.71, 'm7-1': 10.58, 'm8-1': 1.06}",15.870000000000001,695.425,706.005,inf,795.211,795.211
681,T10,BESTEFFORT,COMPLETED,m5-1,685.34,"{'m1-1': 163.97, 'm2-1': 26.48, 'm3-1': 27.13, 'm4-1': 23.32, 'm5-1': 27.82, 'm6-1': 106.73, 'm7-1': 10.45, 'm8-1': 1.13}",41.730000000000004,686.185,714.005,inf,795.34,795.34
682,T6,BESTEFFORT,COMPLETED,m2-1,685.792,"{'m1-1': 162.3, 'm2-1': 29.06, 'm3-1': 25.17, 'm4-1': 26.16, 'm5-1': 26.4, 'm6-1': 106.04, 'm7-1': 11.0, 'm8-1': 1.11}",43.589999999999996,685.792,714.852,inf,795.792,795.792
683,T1,BESTEFFORT,COMPLETED,m8-1,688.362,"{'m1-1': 162.05, 'm2-1': 28.14, 'm3-1': 29.0, 'm4-1': 26.26, 'm5-1': 27.95, 'm6-1': 101.52, 'm7-1': 9.6, 'm8-1': 1.07}",1.605,689.1719999999999,690.242,inf,798.362,798.362
684,T3,BESTEFFORT,COMPLETED,m8-1,689.238,"{'m1-1': 163.42, 'm2-1': 24.96, 'm3-1': 27.64, 'm4-1': 28.31, 'm5-1': 25.68, 'm6-1': 100.4, 'm7-1': 9.94, 'm8-1': 1.1}",1.6500000000000001,690.242,691.342,inf,799.238,799.238
685,T3,BESTEFFORT,COMPLETED,m8-1,690.179,"{'m1-1': 150.88, 'm2-1': 25.44, 'm3-1': 27.7, 'm4-1': 26.97, 'm5-1': 25.76, 'm6-1': 98.44, 'm7-1': 9.86, 'm8-1': 0.99}",1.4849999999999999,691.342,692.332,inf,800.179,800.179
686,T8,BESTEFFORT,COMPLETED,m8-1,691.245,"{'m1-1': 166.49, 'm2-1': 27.6, 'm3-1': 25.06, 'm4-1': 25.21, 'm5-1': 25.67, 'm6-1': 109.48, 'm7-1': 10.88, 'm8-1': 1.07}",1.605,692.332,693.402,inf,801.245,801.245
687,T8,BESTEFFORT,COMPLETED,m8-1,692.014,"{'m1-1': 165.09, 'm2-1': 25.0, 'm3-1': 26.08, 'm4-1': 27.84, 'm5-1': 26.86, 'm6-1': 101.32, 'm7-1': 10.26, 'm8-1': 1.14}",1.71,693.402,694.542,inf,802.014,802.014
688,T1,BESTEFFORT,COMPLETED,m8-1,692.969,"{'m1-1': 145.73, 'm2-1': 26.94, 'm3-1': 27.03, 'm4-1': 23.22, 'm5-1': 25.96, 'm6-1': 94.17, 'm7-1': 10.4, 'm8-1': 1.09}",1.6350000000000002,694.542,695.6320000000001,inf,802.969,802.969
689,T2,BESTEFFORT,COMPLETED,m8-1,693.917,"{'m1-1': 154.5, 'm2-1': 27.58, 'm3-1': 25.2, 'm4-1': 26.83, 'm5-1': 27.34, 'm6-1': 107.01, 'm7-1': 10.16, 'm8-1': 1.12}",1.6800000000000002,695.6320000000001,696.7520000000001,inf,803.917,803.917
690,T3,BESTEFFORT,COMPLETED,m8-1,696.258,"{'m1-1': 170.64, 'm2-1': 26.0, 'm3-1': 27.72, 'm4-1': 27.94, 'm5-1': 24.52, 'm6-1': 98.38, 'm7-1': 9.71, 'm8-1': 1.04}",1.56,696.7520000000001,697.792,inf,806.258,806.258
691,T3,BESTEFFORT,COMPLETED,m8-1,696.497,"{'m1-1': 147.52, 'm2-1': 28.94, 'm3-1': 27.0, 'm4-1': 27.34, 'm5-1': 27.88, 'm6-1': 108.71, 'm7-1': 10.44, 'm8-1': 1.07}",1.605,697.792,698.8620000000001,inf,806.497,806.497
692,T9,BESTEFFORT,COMPLETED,m8-1,698.392,"{'m1-1': 156.0, 'm2-1': 28.36, 'm3-1': 27.26, 'm4-1': 24.03, 'm5-1': 29.28, 'm6-1': 103.3, 'm7-1': 10.75, 'm8-1': 1.07}",1.605,698.8620000000001,699.9320000000001,inf,808.392,808.392
693,T9,BESTEFFORT,COMPLETED,m8-1,698.571,"{'m1-1': 147.6, 'm2-1': 28.09, 'm3-1': 26.57, 'm4-1': 24.52, 'm5-1': 29.41, 'm6-1': 104.72, 'm7-1': 9.8, 'm8-1': 1.07}",1.605,699.9320000000001,701.0020000000002,inf,808.571,808.571
694,T5,BESTEFFORT,COMPLETED,m8-1,700.145,"{'m1-1': 149.91, 'm2-1': 26.71, 'm3-1': 28.6, 'm4-1': 26.26, 'm5-1': 24.81, 'm6-1': 109.22, 'm7-1': 10.36, 'm8-1': 0.96}",1.44,701.0020000000002,701.9620000000002,inf,810.145,810.145
695,T9,BESTEFFORT,COMPLETED,m8-1,702.362,"{'m1-1': 155.96, 'm2-1': 29.72, 'm3-1': 27.08, 'm4-1': 24.08, 'm5-1': 29.6, 'm6-1': 109.22, 'm7-1': 11.14, 'm8-1': 0.95}",1.4249999999999998,702.362,703.312,inf,812.362,812.362
696,T4,BESTEFFORT,COMPLETED,m8-1,702.708,"{'m1-1': 150.79, 'm2-1': 26.77, 'm3-1': 29.24, 'm4-1': 27.74, 'm5-1': 25.43, 'm6-1': 100.34, 'm7-1': 10.21, 'm8-1': 1.0}",1.5,703.312,704.312,inf,812.708,812.708
697,T5,BESTEFFORT,COMPLETED,m8-1,703.598,"{'m1-1': 160.58, 'm2-1': 24.5, 'm3-1': 28.6, 'm4-1': 24.78, 'm5-1': 28.06, 'm6-1': 104.06, 'm7-1': 10.31, 'm8-1': 0.95}",1.4249999999999998,704.312,705.2620000000001,inf,813.598,813.598
698,T1,BESTEFFORT,COMPLETED,m8-1,703.864,"{'m1-1': 148.79, 'm2-1': 25.59, 'm3-1': 26.77, 'm4-1': 23.72, 'm5-1': 25.78, 'm6-1': 105.29, 'm7-1': 9.41, 'm8-1': 1.09}",1.6350000000000002,705.2620000000001,706.3520000000001,inf,813.864,813.864
699,T3,BESTEFFORT,COMPLETED,m8-1,704.812,"{'m1-1': 151.59, 'm2-1': 29.27, 'm3-1': 25.56, 'm4-1': 23.87, 'm5-1': 26.04, 'm6-1': 101.71, 'm7-1': 10.07, 'm8-1': 1.04}",1.56,706.3520000000001,707.392,inf,814.812,814.812
700,T3,BESTEFFORT,COMPLETED,m8-1,705.872,"{'m1-1': 159.34, 'm2-1': 26.21, 'm3-1': 25.27, 'm4-1': 27.05, 'm5-1': 28.04, 'm6-1': 103.95, 'm7-1': 10.48, 'm8-1': 0.96}",1.44,707.392,708.3520000000001,inf,815.872,815.872
701,T10,BESTEFFORT,COMPLETED,m8-1,707.182,"{'m1-1': 158.89, 'm2-1': 23.46, 'm3-1': 25.1, 'm4-1': 24.74, 'm5-1': 24.37, 'm6-1': 102.4, 'm7-1': 10.19, 'm8-1': 1.08}",1.62,708.3520000000001,709.4320000000001,inf,817.182,817.182
702,T3,BESTEFFORT,COMPLETED,m8-1,707.3,"{'m1-1': 153.85, 'm2-1': 28.18, 'm3-1': 27.06, 'm4-1': 23.9, 'm5-1': 27.39, 'm6-1': 95.3, 'm7-1': 10.79, 'm8-1': 1.04}",1.56,709.4320000000001,710.4720000000001,inf,817.3,817.3
703,T8,BESTEFFORT,COMPLETED,m8-1,708.102,"{'m1-1': 152.85, 'm2-1': 24.96, 'm3-1': 28.29, 'm4-1': 24.88, 'm5-1': 27.43, 'm6-1': 100.86, 'm7-1': 9.98, 'm8-1': 1.08}",1.62,710.4720000000001,711.5520000000001,inf,818.102,818.102
704,T5,BESTEFFORT,COMPLETED,m8-1,710.78,"{'m1-1': 146.82, 'm2-1': 28.74, 'm3-1': 28.44, 'm4-1': 24.49, 'm5-1': 25.68, 'm6-1': 113.68, 'm7-1': 9.78, 'm8-1': 1.03}",1.545,711.5520000000001,712.5820000000001,inf,820.78,820.78
705,T7,BESTEFFORT,COMPLETED,m8-1,718.369,"{'m1-1': 148.06, 'm2-1': 26.57, 'm3-1': 25.23, 'm4-1': 25.68, 'm5-1': 24.99, 'm6-1': 107.48, 'm7-1': 10.76, 'm8-1': 1.05}",1.5750000000000002,718.369,719.419,inf,828.369,828.369
706,T9,BESTEFFORT,COMPLETED,m8-1,718.614,"{'m1-1': 168.35, 'm2-1': 27.2, 'm3-1': 25.95, 'm4-1': 24.43, 'm5-1': 28.2, 'm6-1': 112.24, 'm7-1': 10.84, 'm8-1': 1.08}",1.62,719.419,720.499,inf,828.614,828.614
707,T2,BESTEFFORT,COMPLETED,m8-1,719.177,"{'m1-1': 142.76, 'm2-1': 27.37, 'm3-1': 24.14, 'm4-1': 25.14, 'm5-1': 26.86, 'm6-1': 109.48, 'm7-1': 10.18, 'm8-1': 1.12}",1.6800000000000002,720.499,721.619,inf,829.177,829.177
708,T6,BESTEFFORT,COMPLETED,m8-1,722.004,"{'m1-1': 166.8, 'm2-1': 27.14, 'm3-1': 27.26, 'm4-1': 28.98, 'm5-1': 24.76, 'm6-1': 112.41, 'm7-1': 11.26, 'm8-1': 1.16}",1.7399999999999998,722.004,723.164,inf,832.004,832.004
709,T1,BESTEFFORT,COMPLETED,m8-1,722.864,"{'m1-1': 166.52, 'm2-1': 24.48, 'm3-1': 29.6, 'm4-1': 26.53, 'm5-1': 27.51, 'm6-1': 109.88, 'm7-1': 9.5, 'm8-1': 1.04}",1.56,723.164,724.204,inf,832.864,832.864
710,T2,BESTEFFORT,COMPLETED,m8-1,724.352,"{'m1-1': 148.32, 'm2-1': 24.01, 'm3-1': 24.5, 'm4-1': 26.82, 'm5-1': 26.6, 'm6-1': 101.86, 'm7-1': 10.04, 'm8-1': 1.12}",1.6800000000000002,724.352,725.472,inf,834.352,834.352
711,T4,BESTEFFORT,COMPLETED,m8-1,724.82,"{'m1-1': 158.1, 'm2-1': 25.82, 'm3-1': 29.19, 'm4-1': 26.47, 'm5-1': 29.47, 'm6-1': 98.66, 'm7-1': 9.95, 'm8-1': 0.96}",1.44,725.472,726.432,inf,834.82,834.82
712,T5,BESTEFFORT,COMPLETED,m8-1,725.419,"{'m1-1': 152.81, 'm2-1': 26.3, 'm3-1': 27.03, 'm4-1': 26.56, 'm5-1': 24.98, 'm6-1': 108.52, 'm7-1': 9.78, 'm8-1': 1.05}",1.5750000000000002,726.432,727.482,inf,835.419,835.419
713,T6,BESTEFFORT,COMPLETED,m8-1,726.018,"{'m1-1': 170.71, 'm2-1': 26.84, 'm3-1': 26.51, 'm4-1': 27.39, 'm5-1': 25.73, 'm6-1': 106.12, 'm7-1': 11.12, 'm8-1': 0.99}",1.4849999999999999,727.482,728.472,inf,836.018,836.018
714,T4,BESTEFFORT,COMPLETED,m8-1,726.427,"{'m1-1': 175.83, 'm2-1': 26.11, 'm3-1': 29.5, 'm4-1': 24.4, 'm5-1': 26.04, 'm6-1': 105.9, 'm7-1': 10.5, 'm8-1': 1.06}",1.59,728.472,729.5319999999999,inf,836.427,836.427
715,T1,BESTEFFORT,COMPLETED,m8-1,727.677,"{'m1-1': 141.7, 'm2-1': 27.17, 'm3-1': 26.58, 'm4-1': 23.52, 'm5-1': 26.15, 'm6-1': 109.0, 'm7-1': 9.84, 'm8-1': 1.14}",1.71,729.5319999999999,730.6719999999999,inf,837.677,837.677
716,T10,BESTEFFORT,COMPLETED,m8-1,729.848,"{'m1-1': 146.84, 'm2-1': 27.19, 'm3-1': 27.64, 'm4-1': 26.8, 'm5-1': 26.43, 'm6-1': 105.18, 'm7-1': 10.82, 'm8-1': 1.04}",1.56,730.6719999999999,731.7119999999999,inf,839.848,839.848
717,T2,BESTEFFORT,COMPLETED,m8-1,729.882,"{'m1-1': 150.22, 'm2-1': 27.55, 'm3-1': 25.89, 'm4-1': 25.34, 'm5-1': 26.51, 'm6-1': 116.4, 'm7-1': 11.12, 'm8-1': 1.0}",1.5,731.7119999999999,732.7119999999999,inf,839.882,839.882
718,T9,BESTEFFORT,COMPLETED,m8-1,730.567,"{'m1-1': 159.13, 'm2-1': 27.76, 'm3-1': 24.83, 'm4-1': 23.3, 'm5-1': 28.36, 'm6-1': 104.83, 'm7-1': 10.6, 'm8-1': 1.06}",1.59,732.7119999999999,733.7719999999998,inf,840.567,840.567
719,T2,BESTEFFORT,COMPLETED,m8-1,731.968,"{'m1-1': 143.97, 'm2-1': 25.5, 'm3-1': 23.93, 'm4-1': 24.27, 'm5-1': 26.23, 'm6-1': 117.81, 'm7-1': 10.92, 'm8-1': 1.08}",1.62,733.7719999999998,734.8519999999999,inf,841.968,841.968
720,T1,BESTEFFORT,COMPLETED,m8-1,734.926,"{'m1-1': 147.58, 'm2-1': 26.73, 'm3-1': 25.28, 'm4-1': 25.58, 'm5-1': 27.55, 'm6-1': 94.15, 'm7-1': 9.94, 'm8-1': 0.99}",1.4849999999999999,734.926,735.916,inf,844.926,844.926
721,T7,BESTEFFORT,COMPLETED,m8-1,737.039,"{'m1-1': 153.27, 'm2-1': 28.26, 'm3-1': 24.63, 'm4-1': 27.01, 'm5-1': 24.39, 'm6-1': 101.91, 'm7-1': 10.02, 'm8-1': 1.11}",1.665,737.039,738.149,inf,847.039,847.039
722,T7,BESTEFFORT,COMPLETED,m8-1,737.373,"{'m1-1': 169.04, 'm2-1': 26.12, 'm3-1': 25.3, 'm4-1': 24.58, 'm5-1': 24.53, 'm6-1': 108.84, 'm7-1': 9.89, 'm8-1': 1.06}",1.59,738.149,739.209,inf,847.373,847.373
723,T2,BESTEFFORT,COMPLETED,m8-1,738.137,"{'m1-1': 162.19, 'm2-1': 27.89, 'm3-1': 26.7, 'm4-1': 23.26, 'm5-1': 28.06, 'm6-1': 111.68, 'm7-1': 10.74, 'm8-1': 0.99}",1.4849999999999999,739.209,740.199,inf,848.137,848.137
724,T8,BESTEFFORT,COMPLETED,m8-1,740.745,"{'m1-1': 141.28, 'm2-1': 25.18, 'm3-1': 26.33, 'm4-1': 23.74, 'm5-1': 25.73, 'm6-1': 110.96, 'm7-1': 10.0, 'm8-1': 1.01}",1.5150000000000001,740.745,741.755,inf,850.745,850.745
725,T4,BESTEFFORT,COMPLETED,m8-1,740.821,"{'m1-1': 173.07, 'm2-1': 25.87, 'm3-1': 27.64, 'm4-1': 27.13, 'm5-1': 24.87, 'm6-1': 110.26, 'm7-1': 10.18, 'm8-1': 0.93}",1.395,741.755,742.685,inf,850.821,850.821
726,T3,BESTEFFORT,COMPLETED,m8-1,742.997,"{'m1-1': 143.99, 'm2-1': 25.92, 'm3-1': 26.76, 'm4-1': 26.92, 'm5-1': 25.88, 'm6-1': 100.25, 'm7-1': 10.82, 'm8-1': 1.09}",1.6350000000000002,742.997,744.087,inf,852.997,852.997
727,T9,BESTEFFORT,COMPLETED,m8-1,744.145,"{'m1-1': 154.74, 'm2-1': 25.56, 'm3-1': 27.64, 'm4-1': 24.92, 'm5-1': 28.29, 'm6-1': 101.06, 'm7-1': 10.74, 'm8-1': 1.02}",1.53,744.145,745.165,inf,854.145,854.145
728,T5,BESTEFFORT,COMPLETED,m8-1,744.982,"{'m1-1': 157.36, 'm2-1': 26.85, 'm3-1': 24.98, 'm4-1': 24.3, 'm5-1': 25.45, 'm6-1': 111.52, 'm7-1': 10.61, 'm8-1': 0.94}",1.41,745.165,746.105,inf,854.982,854.982
729,T3,BESTEFFORT,COMPLETED,m8-1,746.316,"{'m1-1': 153.34, 'm2-1': 28.66, 'm3-1': 27.42, 'm4-1': 25.21, 'm5-1': 24.46, 'm6-1': 105.72, 'm7-1': 10.83, 'm8-1': 1.1}",1.6500000000000001,746.316,747.416,inf,856.316,856.316
730,T6,BESTEFFORT,COMPLETED,m8-1,746.348,"{'m1-1': 153.58, 'm2-1': 29.19, 'm3-1': 23.11, 'm4-1': 28.8, 'm5-1': 27.6, 'm6-1': 101.31, 'm7-1': 10.34, 'm8-1': 1.03}",1.545,747.416,748.446,inf,856.348,856.348
731,T1,BESTEFFORT,COMPLETED,m8-1,746.565,"{'m1-1': 161.24, 'm2-1': 27.39, 'm3-1': 25.99, 'm4-1': 23.11, 'm5-1': 25.44, 'm6-1': 93.6, 'm7-1': 10.89, 'm8-1': 1.12}",1.6800000000000002,748.446,749.566,inf,856.565,856.565
732,T9,BESTEFFORT,COMPLETED,m8-1,747.521,"{'m1-1': 167.96, 'm2-1': 27.81, 'm3-1': 27.89, 'm4-1': 23.01, 'm5-1': 25.15, 'm6-1': 96.23, 'm7-1': 10.99, 'm8-1': 1.11}",1.665,749.566,750.676,inf,857.521,857.521
733,T3,BESTEFFORT,COMPLETED,m8-1,748.993,"{'m1-1': 160.76, 'm2-1': 29.37, 'm3-1': 29.25, 'm4-1': 25.2, 'm5-1': 27.0, 'm6-1': 100.8, 'm7-1': 9.86, 'm8-1': 1.11}",1.665,750.676,751.7860000000001,inf,858.993,858.993
734,T1,BESTEFFORT,COMPLETED,m8-1,750.473,"{'m1-1': 147.51, 'm2-1': 27.88, 'm3-1': 27.17, 'm4-1': 24.19, 'm5-1': 25.53, 'm6-1': 107.57, 'm7-1': 9.88, 'm8-1': 1.15}",1.7249999999999999,751.7860000000001,752.936,inf,860.473,860.473
735,T7,BESTEFFORT,COMPLETED,m8-1,752.764,"{'m1-1': 148.84, 'm2-1': 26.99, 'm3-1': 23.99, 'm4-1': 24.98, 'm5-1': 28.3, 'm6-1': 100.71, 'm7-1': 10.58, 'm8-1': 0.97}",1.455,752.936,753.9060000000001,inf,862.764,862.764
736,T5,BESTEFFORT,COMPLETED,m8-1,752.982,"{'m1-1': 142.2, 'm2-1': 28.66, 'm3-1': 28.15, 'm4-1': 26.12, 'm5-1': 27.65, 'm6-1': 113.24, 'm7-1': 10.54, 'm8-1': 1.04}",1.56,753.9060000000001,754.946,inf,862.982,862.982
737,T1,BESTEFFORT,COMPLETED,m8-1,753.109,"{'m1-1': 166.03, 'm2-1': 25.46, 'm3-1': 28.33, 'm4-1': 25.63, 'm5-1': 26.91, 'm6-1': 105.79, 'm7-1': 10.66, 'm8-1': 1.11}",1.665,754.946,756.056,inf,863.109,863.109
738,T1,BESTEFFORT,COMPLETED,m8-1,753.879,"{'m1-1': 167.25, 'm2-1': 25.06, 'm3-1': 25.63, 'm4-1': 24.55, 'm5-1': 26.27, 'm6-1': 103.96, 'm7-1': 10.59, 'm8-1': 1.08}",1.62,756.056,757.1360000000001,inf,863.879,863.879
739,T9,BESTEFFORT,COMPLETED,m8-1,754.179,"{'m1-1': 157.1, 'm2-1': 25.44, 'm3-1': 24.95, 'm4-1': 27.04, 'm5-1': 26.39, 'm6-1': 95.93, 'm7-1': 11.47, 'm8-1': 1.08}",1.62,757.1360000000001,758.2160000000001,inf,864.179,864.179
740,T3,BESTEFFORT,COMPLETED,m8-1,755.564,"{'m1-1': 164.81, 'm2-1': 25.22, 'm3-1': 29.55, 'm4-1': 23.86, 'm5-1': 27.04, 'm6-1': 95.3, 'm7-1': 9.82, 'm8-1': 1.08}",1.62,758.2160000000001,759.2960000000002,inf,865.564,865.564
741,T9,BESTEFFORT,COMPLETED,m8-1,756.314,"{'m1-1': 155.43, 'm2-1': 25.9, 'm3-1': 24.95, 'm4-1': 25.66, 'm5-1': 27.45, 'm6-1': 105.13, 'm7-1': 11.31, 'm8-1': 1.04}",1.56,759.2960000000002,760.3360000000001,inf,866.314,866.314
742,T2,BESTEFFORT,COMPLETED,m7-1,756.582,"{'m1-1': 158.09, 'm2-1': 24.34, 'm3-1': 27.9, 'm4-1': 24.45, 'm5-1': 26.95, 'm6-1': 111.53, 'm7-1': 11.42, 'm8-1': 1.03}",17.13,756.582,768.002,inf,866.582,866.582
743,T3,BESTEFFORT,COMPLETED,m8-1,758.14,"{'m1-1': 143.59, 'm2-1': 29.22, 'm3-1': 25.2, 'm4-1': 25.81, 'm5-1': 28.07, 'm6-1': 101.52, 'm7-1': 10.67, 'm8-1': 0.98}",1.47,760.3360000000001,761.3160000000001,inf,868.14,868.14
744,T7,BESTEFFORT,COMPLETED,m8-1,762.459,"{'m1-1': 170.88, 'm2-1': 26.08, 'm3-1': 25.81, 'm4-1': 24.14, 'm5-1': 28.03, 'm6-1': 113.36, 'm7-1': 9.95, 'm8-1': 1.09}",1.6350000000000002,762.459,763.549,inf,872.459,872.459
745,T10,BESTEFFORT,COMPLETED,m8-1,762.901,"{'m1-1': 159.19, 'm2-1': 27.52, 'm3-1': 24.51, 'm4-1': 23.92, 'm5-1': 25.58, 'm6-1': 109.14, 'm7-1': 10.25, 'm8-1': 1.03}",1.545,763.549,764.579,inf,872.901,872.901
746,T9,BESTEFFORT,COMPLETED,m8-1,763.37,"{'m1-1': 162.46, 'm2-1': 25.0, 'm3-1': 28.4, 'm4-1': 25.0, 'm5-1': 26.03, 'm6-1': 97.84, 'm7-1': 11.03, 'm8-1': 1.08}",1.62,764.579,765.659,inf,873.37,873.37
747,T3,BESTEFFORT,COMPLETED,m8-1,764.296,"{'m1-1': 150.36, 'm2-1': 25.48, 'm3-1': 27.72, 'm4-1': 26.48, 'm5-1': 28.13, 'm6-1': 95.76, 'm7-1': 10.99, 'm8-1': 1.06}",1.59,765.659,766.7189999999999,inf,874.296,874.296
748,T1,BESTEFFORT,COMPLETED,m8-1,766.373,"{'m1-1': 161.97, 'm2-1': 26.61, 'm3-1': 25.72, 'm4-1': 25.96, 'm5-1': 25.5, 'm6-1': 93.8, 'm7-1': 10.02, 'm8-1': 1.13}",1.6949999999999998,766.7189999999999,767.8489999999999,inf,876.373,876.373
749,T4,BESTEFFORT,COMPLETED,m8-1,766.551,"{'m1-1': 171.63, 'm2-1': 24.3, 'm3-1': 28.65, 'm4-1': 25.52, 'm5-1': 25.28, 'm6-1': 101.33, 'm7-1': 9.62, 'm8-1': 1.09}",1.6350000000000002,767.8489999999999,768.939,inf,876.551,876.551
750,T2,BESTEFFORT,COMPLETED,m8-1,767.696,"{'m1-1': 148.76, 'm2-1': 26.85, 'm3-1': 24.51, 'm4-1': 24.45, 'm5-1': 26.97, 'm6-1': 115.6, 'm7-1': 10.24, 'm8-1': 1.05}",1.5750000000000002,768.939,769.9889999999999,inf,877.696,877.696
751,T2,BESTEFFORT,COMPLETED,m8-1,768.615,"{'m1-1': 142.76, 'm2-1': 26.69, 'm3-1': 27.45, 'm4-1': 23.93, 'm5-1': 26.17, 'm6-1': 100.58, 'm7-1': 10.48, 'm8-1': 1.14}",1.71,769.9889999999999,771.1289999999999,inf,878.615,878.615
752,T4,BESTEFFORT,COMPLETED,m8-1,768.696,"{'m1-1': 172.77, 'm2-1': 27.35, 'm3-1': 28.51, 'm4-1': 27.48, 'm5-1': 27.93, 'm6-1': 107.11, 'm7-1': 10.27, 'm8-1': 1.03}",1.545,771.1289999999999,772.1589999999999,inf,878.696,878.696
753,T2,BESTEFFORT,COMPLETED,m8-1,769.52,"{'m1-1': 149.06, 'm2-1': 26.06, 'm3-1': 26.83, 'm4-1': 23.6, 'm5-1': 27.88, 'm6-1': 103.22, 'm7-1': 10.56, 'm8-1': 1.08}",1.62,772.1589999999999,773.2389999999999,inf,879.52,879.52
754,T9,BESTEFFORT,COMPLETED,m8-1,774.202,"{'m1-1': 172.54, 'm2-1': 25.77, 'm3-1': 28.1, 'm4-1': 23.41, 'm5-1': 27.99, 'm6-1': 95.87, 'm7-1': 9.87, 'm8-1': 0.95}",1.4249999999999998,774.202,775.152,inf,884.202,884.202
755,T5,BESTEFFORT,COMPLETED,m8-1,774.719,"{'m1-1': 149.69, 'm2-1': 25.32, 'm3-1': 25.89, 'm4-1': 26.58, 'm5-1': 27.02, 'm6-1': 96.73, 'm7-1': 11.11, 'm8-1': 0.98}",1.47,775.152,776.1320000000001,inf,884.719,884.719
756,T8,BESTEFFORT,COMPLETED,m8-1,777.103,"{'m1-1': 143.77, 'm2-1': 26.9, 'm3-1': 28.64, 'm4-1': 27.29, 'm5-1': 26.04, 'm6-1': 115.34, 'm7-1': 11.11, 'm8-1': 1.07}",1.605,777.103,778.173,inf,887.103,887.103
757,T6,BESTEFFORT,COMPLETED,m8-1,777.423,"{'m1-1': 145.38, 'm2-1': 25.1, 'm3-1': 25.51, 'm4-1': 25.04, 'm5-1': 27.38, 'm6-1': 108.93, 'm7-1': 10.31, 'm8-1': 1.01}",1.5150000000000001,778.173,779.183,inf,887.423,887.423
758,T5,BESTEFFORT,COMPLETED,m8-1,778.532,"{'m1-1': 143.86, 'm2-1': 27.56, 'm3-1': 27.18, 'm4-1': 27.22, 'm5-1': 27.57, 'm6-1': 102.64, 'm7-1': 10.41, 'm8-1': 1.09}",1.6350000000000002,779.183,780.273,inf,888.532,888.532
759,T3,BESTEFFORT,COMPLETED,m8-1,779.077,"{'m1-1': 155.18, 'm2-1': 27.36, 'm3-1': 29.35, 'm4-1': 26.02, 'm5-1': 28.05, 'm6-1': 102.24, 'm7-1': 9.36, 'm8-1': 1.02}",1.53,780.273,781.293,inf,889.077,889.077
760,T2,BESTEFFORT,COMPLETED,m8-1,779.464,"{'m1-1': 143.94, 'm2-1': 26.49, 'm3-1': 24.99, 'm4-1': 25.18, 'm5-1': 28.36, 'm6-1': 112.25, 'm7-1': 11.05, 'm8-1': 1.03}",1.545,781.293,782.323,inf,889.464,889.464
761,T6,BESTEFFORT,COMPLETED,m8-1,780.034,"{'m1-1': 146.33, 'm2-1': 25.51, 'm3-1': 27.26, 'm4-1': 28.74, 'm5-1': 26.35, 'm6-1': 107.69, 'm7-1': 9.85, 'm8-1': 0.98}",1.47,782.323,783.303,inf,890.034,890.034
762,T7,BESTEFFORT,COMPLETED,m8-1,781.145,"{'m1-1': 175.39, 'm2-1': 27.55, 'm3-1': 23.49, 'm4-1': 26.89, 'm5-1': 27.84, 'm6-1': 112.05, 'm7-1': 9.71, 'm8-1': 1.0}",1.5,783.303,784.303,inf,891.145,891.145
763,T3,BESTEFFORT,COMPLETED,m8-1,781.375,"{'m1-1': 170.69, 'm2-1': 25.6, 'm3-1': 29.05, 'm4-1': 24.02, 'm5-1': 24.18, 'm6-1': 99.63, 'm7-1': 10.79, 'm8-1': 1.04}",1.56,784.303,785.343,inf,891.375,891.375
764,T10,BESTEFFORT,COMPLETED,m7-1,782.174,"{'m1-1': 156.22, 'm2-1': 25.98, 'm3-1': 26.72, 'm4-1': 23.97, 'm5-1': 25.27, 'm6-1': 97.52, 'm7-1': 10.84, 'm8-1': 1.0}",16.259999999999998,782.174,793.014,inf,892.174,892.174
765,T3,BESTEFFORT,COMPLETED,m8-1,784.15,"{'m1-1': 159.33, 'm2-1': 28.78, 'm3-1': 29.19, 'm4-1': 26.78, 'm5-1': 27.36, 'm6-1': 112.9, 'm7-1': 9.55, 'm8-1': 1.1}",1.6500000000000001,785.343,786.443,inf,894.15,894.15
766,T2,BESTEFFORT,COMPLETED,m8-1,784.616,"{'m1-1': 159.81, 'm2-1': 25.0, 'm3-1': 28.07, 'm4-1': 23.79, 'm5-1': 25.25, 'm6-1': 109.5, 'm7-1': 10.99, 'm8-1': 1.04}",1.56,786.443,787.483,inf,894.616,894.616
767,T1,BESTEFFORT,COMPLETED,m8-1,785.534,"{'m1-1': 156.98, 'm2-1': 24.21, 'm3-1': 25.14, 'm4-1': 25.49, 'm5-1': 24.93, 'm6-1': 99.76, 'm7-1': 9.45, 'm8-1': 1.04}",1.56,787.483,788.5229999999999,inf,895.534,895.534
768,T10,BESTEFFORT,COMPLETED,m8-1,786.973,"{'m1-1': 169.09, 'm2-1': 27.4, 'm3-1': 24.43, 'm4-1': 23.56, 'm5-1': 24.55, 'm6-1': 100.09, 'm7-1': 10.05, 'm8-1': 1.16}",1.7399999999999998,788.5229999999999,789.6829999999999,inf,896.973,896.973
769,T5,BESTEFFORT,COMPLETED,m8-1,788.118,"{'m1-1': 145.38, 'm2-1': 24.29, 'm3-1': 26.12, 'm4-1': 24.01, 'm5-1': 27.68, 'm6-1': 104.75, 'm7-1': 9.65, 'm8-1': 1.01}",1.5150000000000001,789.6829999999999,790.6929999999999,inf,898.118,898.118
770,T7,BESTEFFORT,COMPLETED,m8-1,788.238,"{'m1-1': 165.69, 'm2-1': 25.29, 'm3-1': 24.68, 'm4-1': 27.35, 'm5-1': 27.99, 'm6-1': 115.16, 'm7-1': 10.63, 'm8-1': 0.96}",1.44,790.6929999999999,791.6529999999999,inf,898.238,898.238
771,T5,BESTEFFORT,COMPLETED,m8-1,789.374,"{'m1-1': 143.61, 'm2-1': 27.45, 'm3-1': 27.66, 'm4-1': 27.49, 'm5-1': 26.32, 'm6-1': 110.13, 'm7-1': 11.04, 'm8-1': 1.04}",1.56,791.6529999999999,792.6929999999999,inf,899.374,899.374
772,T7,BESTEFFORT,COMPLETED,m8-1,789.835,"{'m1-1': 161.01, 'm2-1': 28.35, 'm3-1': 26.76, 'm4-1': 26.32, 'm5-1': 26.06, 'm6-1': 98.7, 'm7-1': 10.65, 'm8-1': 1.1}",1.6500000000000001,792.6929999999999,793.7929999999999,inf,899.835,899.835
773,T3,BESTEFFORT,COMPLETED,m8-1,792.212,"{'m1-1': 158.8, 'm2-1': 29.02, 'm3-1': 29.71, 'm4-1': 27.02, 'm5-1': 25.82, 'm6-1': 104.1, 'm7-1': 10.04, 'm8-1': 1.11}",1.665,793.7929999999999,794.9029999999999,inf,902.212,902.212
774,T4,BESTEFFORT,COMPLETED,m8-1,792.8,"{'m1-1': 166.72, 'm2-1': 27.68, 'm3-1': 28.02, 'm4-1': 26.6, 'm5-1': 25.34, 'm6-1': 103.41, 'm7-1': 9.83, 'm8-1': 1.05}",1.5750000000000002,794.9029999999999,795.9529999999999,inf,902.8,902.8
775,T9,BESTEFFORT,COMPLETED,m8-1,792.919,"{'m1-1': 165.44, 'm2-1': 26.7, 'm3-1': 26.52, 'm4-1': 27.22, 'm5-1': 25.59, 'm6-1': 107.93, 'm7-1': 11.26, 'm8-1': 1.08}",1.62,795.9529999999999,797.0329999999999,inf,902.919,902.919
776,T6,BESTEFFORT,COMPLETED,m7-1,793.077,"{'m1-1': 145.59, 'm2-1': 26.95, 'm3-1': 23.81, 'm4-1': 28.78, 'm5-1': 24.84, 'm6-1': 102.82, 'm7-1': 10.51, 'm8-1': 1.09}",15.765,793.077,803.587,inf,903.077,903.077
777,T5,BESTEFFORT,COMPLETED,m8-1,794.285,"{'m1-1': 159.74, 'm2-1': 25.77, 'm3-1': 26.97, 'm4-1': 24.04, 'm5-1': 28.13, 'm6-1': 98.31, 'm7-1': 10.0, 'm8-1': 0.99}",1.4849999999999999,797.0329999999999,798.0229999999999,inf,904.285,904.285
778,T5,BESTEFFORT,COMPLETED,m8-1,796.598,"{'m1-1': 148.46, 'm2-1': 25.19, 'm3-1': 27.16, 'm4-1': 25.85, 'm5-1': 28.05, 'm6-1': 109.46, 'm7-1': 11.14, 'm8-1': 0.98}",1.47,798.0229999999999,799.0029999999999,inf,906.598,906.598
779,T5,BESTEFFORT,COMPLETED,m8-1,796.875,"{'m1-1': 143.61, 'm2-1': 26.79, 'm3-1': 25.17, 'm4-1': 24.14, 'm5-1': 24.1, 'm6-1': 109.41, 'm7-1': 9.49, 'm8-1': 0.97}",1.455,799.0029999999999,799.973,inf,906.875,906.875
780,T7,BESTEFFORT,COMPLETED,m8-1,797.848,"{'m1-1': 174.27, 'm2-1': 29.25, 'm3-1': 26.71, 'm4-1': 27.38, 'm5-1': 25.36, 'm6-1': 106.97, 'm7-1': 9.99, 'm8-1': 1.01}",1.5150000000000001,799.973,800.983,inf,907.848,907.848
781,T4,BESTEFFORT,COMPLETED,m8-1,799.428,"{'m1-1': 172.03, 'm2-1': 25.13, 'm3-1': 25.67, 'm4-1': 24.69, 'm5-1': 26.48, 'm6-1': 103.93, 'm7-1': 10.45, 'm8-1': 1.02}",1.53,800.983,802.0029999999999,inf,909.428,909.428
782,T1,BESTEFFORT,COMPLETED,m8-1,799.629,"{'m1-1': 160.61, 'm2-1': 28.14, 'm3-1': 26.26, 'm4-1': 24.12, 'm5-1': 26.61, 'm6-1': 107.33, 'm7-1': 9.35, 'm8-1': 1.02}",1.53,802.0029999999999,803.0229999999999,inf,909.629,909.629
783,T5,BESTEFFORT,COMPLETED,m7-1,799.643,"{'m1-1': 137.92, 'm2-1': 24.54, 'm3-1': 28.53, 'm4-1': 24.32, 'm5-1': 27.91, 'm6-1': 102.17, 'm7-1': 10.87, 'm8-1': 1.1}",16.305,803.587,814.457,inf,909.643,909.643
784,T4,BESTEFFORT,COMPLETED,m8-1,801.349,"{'m1-1': 156.32, 'm2-1': 24.56, 'm3-1': 26.31, 'm4-1': 25.15, 'm5-1': 28.69, 'm6-1': 106.59, 'm7-1': 10.44, 'm8-1': 1.0}",1.5,803.0229999999999,804.0229999999999,inf,911.349,911.349
785,T3,BESTEFFORT,COMPLETED,m8-1,802.447,"{'m1-1': 152.44, 'm2-1': 29.31, 'm3-1': 29.74, 'm4-1': 24.36, 'm5-1': 27.67, 'm6-1': 101.11, 'm7-1': 10.02, 'm8-1': 1.09}",1.6350000000000002,804.0229999999999,805.1129999999999,inf,912.447,912.447
786,T9,BESTEFFORT,COMPLETED,m8-1,802.516,"{'m1-1': 162.47, 'm2-1': 26.51, 'm3-1': 26.57, 'm4-1': 24.99, 'm5-1': 25.36, 'm6-1': 100.29, 'm7-1': 11.24, 'm8-1': 1.06}",1.59,805.1129999999999,806.1729999999999,inf,912.516,912.516
787,T1,BESTEFFORT,COMPLETED,m8-1,803.152,"{'m1-1': 141.71, 'm2-1': 27.26, 'm3-1': 29.06, 'm4-1': 25.46, 'm5-1': 23.81, 'm6-1': 99.25, 'm7-1': 10.97, 'm8-1': 1.17}",1.755,806.1729999999999,807.3429999999998,inf,913.152,913.152
788,T4,BESTEFFORT,COMPLETED,m8-1,807.82,"{'m1-1': 155.95, 'm2-1': 24.74, 'm3-1': 25.02, 'm4-1': 24.09, 'm5-1': 29.21, 'm6-1': 101.99, 'm7-1': 10.85, 'm8-1': 0.95}",1.4249999999999998,807.82,808.7700000000001,inf,917.82,917.82
789,T1,BESTEFFORT,COMPLETED,m8-1,808.422,"{'m1-1': 155.98, 'm2-1': 26.85, 'm3-1': 29.42, 'm4-1': 24.38, 'm5-1': 26.0, 'm6-1': 102.41, 'm7-1': 10.05, 'm8-1': 1.14}",1.71,808.7700000000001,809.9100000000001,inf,918.422,918.422
790,T10,BESTEFFORT,COMPLETED,m8-1,809.794,"{'m1-1': 158.53, 'm2-1': 25.47, 'm3-1': 27.08, 'm4-1': 23.23, 'm5-1': 25.96, 'm6-1': 97.53, 'm7-1': 10.16, 'm8-1': 1.1}",1.6500000000000001,809.9100000000001,811.0100000000001,inf,919.794,919.794
791,T8,BESTEFFORT,COMPLETED,m8-1,812.366,"{'m1-1': 150.1, 'm2-1': 26.66, 'm3-1': 26.46, 'm4-1': 27.04, 'm5-1': 26.28, 'm6-1': 104.14, 'm7-1': 10.97, 'm8-1': 1.06}",1.59,812.366,813.4259999999999,inf,922.366,922.366
792,T5,BESTEFFORT,COMPLETED,m8-1,812.905,"{'m1-1': 157.16, 'm2-1': 26.66, 'm3-1': 27.57, 'm4-1': 25.54, 'm5-1': 27.91, 'm6-1': 107.46, 'm7-1': 10.44, 'm8-1': 1.03}",1.545,813.4259999999999,814.4559999999999,inf,922.905,922.905
793,T9,BESTEFFORT,COMPLETED,m8-1,813.238,"{'m1-1': 158.18, 'm2-1': 26.28, 'm3-1': 28.21, 'm4-1': 24.96, 'm5-1': 29.14, 'm6-1': 104.21, 'm7-1': 9.96, 'm8-1': 0.95}",1.4249999999999998,814.4559999999999,815.406,inf,923.238,923.238
794,T5,BESTEFFORT,COMPLETED,m8-1,813.342,"{'m1-1': 152.08, 'm2-1': 26.03, 'm3-1': 27.78, 'm4-1': 27.32, 'm5-1': 25.44, 'm6-1': 110.74, 'm7-1': 10.65, 'm8-1': 1.01}",1.5150000000000001,815.406,816.4159999999999,inf,923.342,923.342
795,T9,BESTEFFORT,COMPLETED,m8-1,815.418,"{'m1-1': 150.3, 'm2-1': 27.54, 'm3-1': 27.01, 'm4-1': 24.54, 'm5-1': 29.56, 'm6-1': 113.04, 'm7-1': 11.22, 'm8-1': 1.02}",1.53,816.4159999999999,817.4359999999999,inf,925.418,925.418
796,T6,BESTEFFORT,COMPLETED,m8-1,815.712,"{'m1-1': 145.61, 'm2-1': 27.0, 'm3-1': 24.15, 'm4-1': 29.07, 'm5-1': 24.21, 'm6-1': 113.59, 'm7-1': 10.04, 'm8-1': 1.01}",1.5150000000000001,817.4359999999999,818.4459999999999,inf,925.712,925.712
797,T3,BESTEFFORT,COMPLETED,m8-1,816.255,"{'m1-1': 153.8, 'm2-1': 26.57, 'm3-1': 28.08, 'm4-1': 25.58, 'm5-1': 25.27, 'm6-1': 98.84, 'm7-1': 10.97, 'm8-1': 1.04}",1.56,818.4459999999999,819.4859999999999,inf,926.255,926.255
798,T4,BESTEFFORT,COMPLETED,m8-1,819.4,"{'m1-1': 177.0, 'm2-1': 26.42, 'm3-1': 24.93, 'm4-1': 25.73, 'm5-1': 25.6, 'm6-1': 104.13, 'm7-1': 11.19, 'm8-1': 1.08}",1.62,819.4859999999999,820.5659999999999,inf,929.4,929.4
799,T3,BESTEFFORT,COMPLETED,m8-1,819.805,"{'m1-1': 149.42, 'm2-1': 25.05, 'm3-1': 29.66, 'm4-1': 25.05, 'm5-1': 27.88, 'm6-1': 98.84, 'm7-1': 9.39, 'm8-1': 0.97}",1.455,820.5659999999999,821.536,inf,929.805,929.805
800,T3,BESTEFFORT,COMPLETED,m8-1,820.834,"{'m1-1': 161.27, 'm2-1': 25.76, 'm3-1': 25.57, 'm4-1': 24.42, 'm5-1': 27.42, 'm6-1': 99.02, 'm7-1': 10.78, 'm8-1': 0.97}",1.455,821.536,822.506,inf,930.834,930.834
801,T7,BESTEFFORT,COMPLETED,m8-1,820.839,"{'m1-1': 149.05, 'm2-1': 27.56, 'm3-1': 26.12, 'm4-1': 27.82, 'm5-1': 26.76, 'm6-1': 112.26, 'm7-1': 10.41, 'm8-1': 1.02}",1.53,822.506,823.526,inf,930.839,930.839
802,T4,BESTEFFORT,COMPLETED,m8-1,821.129,"{'m1-1': 178.1, 'm2-1': 25.49, 'm3-1': 27.53, 'm4-1': 24.48, 'm5-1': 28.7, 'm6-1': 96.54, 'm7-1': 9.76, 'm8-1': 1.0}",1.5,823.526,824.526,inf,931.129,931.129
803,T8,BESTEFFORT,COMPLETED,m7-1,821.263,"{'m1-1': 142.73, 'm2-1': 25.22, 'm3-1': 28.4, 'm4-1': 26.52, 'm5-1': 26.9, 'm6-1': 101.5, 'm7-1': 10.69, 'm8-1': 0.98}",16.035,821.263,831.9530000000001,inf,931.263,931.263
804,T1,BESTEFFORT,COMPLETED,m8-1,821.717,"{'m1-1': 143.66, 'm2-1': 25.72, 'm3-1': 25.69, 'm4-1': 23.21, 'm5-1': 26.93, 'm6-1': 99.77, 'm7-1': 9.69, 'm8-1': 1.04}",1.56,824.526,825.5659999999999,inf,931.717,931.717
805,T4,BESTEFFORT,COMPLETED,m7-1,821.855,"{'m1-1': 179.1, 'm2-1': 27.62, 'm3-1': 28.15, 'm4-1': 27.46, 'm5-1': 26.77, 'm6-1': 111.1, 'm7-1': 9.96, 'm8-1': 1.05}",14.940000000000001,831.9530000000001,841.9130000000001,inf,931.855,931.855
806,T4,BESTEFFORT,COMPLETED,m4-1,821.996,"{'m1-1': 176.39, 'm2-1': 26.1, 'm3-1': 29.24, 'm4-1': 25.04, 'm5-1': 28.03, 'm6-1': 101.48, 'm7-1': 9.97, 'm8-1': 0.93}",37.56,821.996,847.036,inf,931.996,931.996
807,T2,BESTEFFORT,COMPLETED,m3-1,822.455,"{'m1-1': 161.17, 'm2-1': 24.88, 'm3-1': 25.24, 'm4-1': 25.23, 'm5-1': 24.15, 'm6-1': 112.0, 'm7-1': 10.49, 'm8-1': 1.1}",37.86,822.455,847.695,inf,932.455,932.455
808,T7,BESTEFFORT,COMPLETED,m8-1,823.017,"{'m1-1': 148.26, 'm2-1': 26.8, 'm3-1': 26.27, 'm4-1': 27.46, 'm5-1': 26.56, 'm6-1': 111.62, 'm7-1': 9.77, 'm8-1': 1.07}",1.605,825.5659999999999,826.636,inf,933.017,933.017
809,T8,BESTEFFORT,COMPLETED,m2-1,823.049,"{'m1-1': 166.92, 'm2-1': 24.03, 'm3-1': 28.35, 'm4-1': 25.85, 'm5-1': 27.68, 'm6-1': 109.25, 'm7-1': 9.53, 'm8-1': 1.04}",36.045,823.049,847.079,inf,933.049,933.049
810,T9,BESTEFFORT,COMPLETED,m8-1,825.086,"{'m1-1': 149.32, 'm2-1': 28.0, 'm3-1': 25.82, 'm4-1': 23.53, 'm5-1': 25.12, 'm6-1': 96.48, 'm7-1': 10.86, 'm8-1': 1.04}",1.56,826.636,827.6759999999999,inf,935.086,935.086
811,T6,BESTEFFORT,COMPLETED,m8-1,825.359,"{'m1-1': 157.67, 'm2-1': 26.94, 'm3-1': 23.51, 'm4-1': 24.92, 'm5-1': 27.96, 'm6-1': 108.2, 'm7-1': 10.32, 'm8-1': 0.99}",1.4849999999999999,827.6759999999999,828.6659999999999,inf,935.359,935.359
812,T3,BESTEFFORT,COMPLETED,m7-1,825.375,"{'m1-1': 148.89, 'm2-1': 27.12, 'm3-1': 28.59, 'm4-1': 24.13, 'm5-1': 25.12, 'm6-1': 108.15, 'm7-1': 10.23, 'm8-1': 1.13}",15.345,841.9130000000001,852.1430000000001,inf,935.375,935.375
813,T3,BESTEFFORT,COMPLETED,m8-1,826.045,"{'m1-1': 151.55, 'm2-1': 28.01, 'm3-1': 27.22, 'm4-1': 25.92, 'm5-1': 27.4, 'm6-1': 104.84, 'm7-1': 10.48, 'm8-1': 0.98}",1.47,828.6659999999999,829.646,inf,936.045,936.045
814,T8,BESTEFFORT,COMPLETED,m5-1,826.583,"{'m1-1': 156.97, 'm2-1': 24.84, 'm3-1': 27.5, 'm4-1': 27.54, 'm5-1': 29.54, 'm6-1': 102.34, 'm7-1': 9.5, 'm8-1': 0.98}",44.31,826.583,856.1229999999999,inf,936.583,936.583
815,T5,BESTEFFORT,COMPLETED,m7-1,826.625,"{'m1-1': 139.64, 'm2-1': 27.45, 'm3-1': 24.52, 'm4-1': 27.85, 'm5-1': 25.48, 'm6-1': 113.89, 'm7-1': 10.43, 'm8-1': 1.02}",15.645,852.1430000000001,862.5730000000001,inf,936.625,936.625
816,T9,BESTEFFORT,COMPLETED,m8-1,829.963,"{'m1-1': 146.81, 'm2-1': 26.6, 'm3-1': 25.27, 'm4-1': 23.46, 'm5-1': 25.57, 'm6-1': 99.56, 'm7-1': 11.2, 'm8-1': 0.98}",1.47,829.963,830.943,inf,939.963,939.963
817,T7,BESTEFFORT,COMPLETED,m8-1,830.499,"{'m1-1': 151.59, 'm2-1': 27.62, 'm3-1': 26.66, 'm4-1': 25.93, 'm5-1': 28.43, 'm6-1': 106.5, 'm7-1': 10.0, 'm8-1': 1.0}",1.5,830.943,831.943,inf,940.499,940.499
818,T5,BESTEFFORT,COMPLETED,m8-1,830.905,"{'m1-1': 154.17, 'm2-1': 27.76, 'm3-1': 27.65, 'm4-1': 23.91, 'm5-1': 26.7, 'm6-1': 110.16, 'm7-1': 9.73, 'm8-1': 0.95}",1.4249999999999998,831.943,832.893,inf,940.905,940.905
819,T2,BESTEFFORT,COMPLETED,m8-1,831.327,"{'m1-1': 159.17, 'm2-1': 24.28, 'm3-1': 25.53, 'm4-1': 25.83, 'm5-1': 27.24, 'm6-1': 104.38, 'm7-1': 10.68, 'm8-1': 1.05}",1.5750000000000002,832.893,833.943,inf,941.327,941.327
820,T7,BESTEFFORT,COMPLETED,m8-1,834.377,"{'m1-1': 158.62, 'm2-1': 28.49, 'm3-1': 23.35, 'm4-1': 25.23, 'm5-1': 24.66, 'm6-1': 111.56, 'm7-1': 11.27, 'm8-1': 1.1}",1.6500000000000001,834.377,835.477,inf,944.377,944.377
821,T6,BESTEFFORT,COMPLETED,m8-1,834.41,"{'m1-1': 164.4, 'm2-1': 28.7, 'm3-1': 26.49, 'm4-1': 26.0, 'm5-1': 25.6, 'm6-1': 109.58, 'm7-1': 9.91, 'm8-1': 1.16}",1.7399999999999998,835.477,836.637,inf,944.41,944.41
822,T8,BESTEFFORT,COMPLETED,m8-1,834.659,"{'m1-1': 143.94, 'm2-1': 26.07, 'm3-1': 25.29, 'm4-1': 27.46, 'm5-1': 28.71, 'm6-1': 113.67, 'm7-1': 10.82, 'm8-1': 1.11}",1.665,836.637,837.747,inf,944.659,944.659
823,T5,BESTEFFORT,COMPLETED,m8-1,837.067,"{'m1-1': 140.84, 'm2-1': 27.71, 'm3-1': 26.86, 'm4-1': 28.34, 'm5-1': 26.83, 'm6-1': 97.36, 'm7-1': 9.78, 'm8-1': 1.09}",1.6350000000000002,837.747,838.837,inf,947.067,947.067
824,T10,BESTEFFORT,COMPLETED,m8-1,838.02,"{'m1-1': 164.5, 'm2-1': 25.58, 'm3-1': 27.0, 'm4-1': 23.34, 'm5-1': 23.96, 'm6-1': 95.78, 'm7-1': 10.16, 'm8-1': 0.99}",1.4849999999999999,838.837,839.827,inf,948.02,948.02
825,T10,BESTEFFORT,COMPLETED,m8-1,839.269,"{'m1-1': 160.56, 'm2-1': 27.3, 'm3-1': 24.44, 'm4-1': 25.85, 'm5-1': 23.7, 'm6-1': 106.61, 'm7-1': 10.09, 'm8-1': 1.06}",1.59,839.827,840.887,inf,949.269,949.269
826,T7,BESTEFFORT,COMPLETED,m8-1,839.364,"{'m1-1': 159.87, 'm2-1': 26.3, 'm3-1': 26.3, 'm4-1': 27.72, 'm5-1': 28.67, 'm6-1': 98.83, 'm7-1': 10.93, 'm8-1': 1.02}",1.53,840.887,841.9069999999999,inf,949.364,949.364
827,T7,BESTEFFORT,COMPLETED,m8-1,839.398,"{'m1-1': 170.16, 'm2-1': 27.52, 'm3-1': 26.78, 'm4-1': 27.11, 'm5-1': 25.42, 'm6-1': 100.88, 'm7-1': 10.29, 'm8-1': 1.06}",1.59,841.9069999999999,842.9669999999999,inf,949.398,949.398
828,T1,BESTEFFORT,COMPLETED,m8-1,840.424,"{'m1-1': 163.48, 'm2-1': 28.39, 'm3-1': 29.33, 'm4-1': 25.25, 'm5-1': 24.53, 'm6-1': 99.12, 'm7-1': 10.98, 'm8-1': 1.12}",1.6800000000000002,842.9669999999999,844.0869999999999,inf,950.424,950.424
829,T9,BESTEFFORT,COMPLETED,m4-1,840.693,"{'m1-1': 151.5, 'm2-1': 26.94, 'm3-1': 24.45, 'm4-1': 26.51, 'm5-1': 29.3, 'm6-1': 96.89, 'm7-1': 10.37, 'm8-1': 1.07}",39.765,847.036,873.5459999999999,inf,950.693,950.693
830,T6,BESTEFFORT,COMPLETED,m8-1,841.506,"{'m1-1': 164.92, 'm2-1': 26.26, 'm3-1': 23.84, 'm4-1': 29.21, 'm5-1': 27.25, 'm6-1': 114.24, 'm7-1': 10.85, 'm8-1': 1.16}",1.7399999999999998,844.0869999999999,845.2469999999998,inf,951.506,951.506
831,T2,BESTEFFORT,COMPLETED,m8-1,841.957,"{'m1-1': 156.04, 'm2-1': 24.9, 'm3-1': 28.37, 'm4-1': 27.23, 'm5-1': 26.83, 'm6-1': 103.41, 'm7-1': 10.93, 'm8-1': 1.04}",1.56,845.2469999999998,846.2869999999998,inf,951.957,951.957
832,T9,BESTEFFORT,COMPLETED,m8-1,844.337,"{'m1-1': 153.71, 'm2-1': 25.61, 'm3-1': 28.21, 'm4-1': 23.03, 'm5-1': 27.05, 'm6-1': 111.18, 'm7-1': 10.97, 'm8-1': 1.05}",1.5750000000000002,846.2869999999998,847.3369999999998,inf,954.337,954.337
833,T7,BESTEFFORT,COMPLETED,m8-1,844.493,"{'m1-1': 154.71, 'm2-1': 27.62, 'm3-1': 25.34, 'm4-1': 24.55, 'm5-1': 28.61, 'm6-1': 105.96, 'm7-1': 10.5, 'm8-1': 1.01}",1.5150000000000001,847.3369999999998,848.3469999999998,inf,954.493,954.493
834,T3,BESTEFFORT,COMPLETED,m8-1,846.102,"{'m1-1': 158.84, 'm2-1': 28.01, 'm3-1': 27.63, 'm4-1': 24.58, 'm5-1': 24.18, 'm6-1': 104.96, 'm7-1': 10.43, 'm8-1': 1.0}",1.5,848.3469999999998,849.3469999999998,inf,956.102,956.102
835,T3,BESTEFFORT,COMPLETED,m8-1,846.354,"{'m1-1': 170.4, 'm2-1': 29.49, 'm3-1': 29.26, 'm4-1': 23.87, 'm5-1': 24.41, 'm6-1': 112.55, 'm7-1': 10.2, 'm8-1': 1.09}",1.6350000000000002,849.3469999999998,850.4369999999998,inf,956.354,956.354
836,T2,BESTEFFORT,COMPLETED,m2-1,846.69,"{'m1-1': 148.71, 'm2-1': 25.28, 'm3-1': 27.83, 'm4-1': 25.58, 'm5-1': 24.35, 'm6-1': 116.88, 'm7-1': 10.9, 'm8-1': 1.08}",37.92,847.079,872.3589999999999,inf,956.69,956.69
837,T9,BESTEFFORT,COMPLETED,m8-1,847.355,"{'m1-1': 166.49, 'm2-1': 29.28, 'm3-1': 24.47, 'm4-1': 25.26, 'm5-1': 28.44, 'm6-1': 105.27, 'm7-1': 10.53, 'm8-1': 0.97}",1.455,850.4369999999998,851.4069999999998,inf,957.355,957.355
838,T10,BESTEFFORT,COMPLETED,m8-1,849.276,"{'m1-1': 152.1, 'm2-1': 26.08, 'm3-1': 28.15, 'm4-1': 26.56, 'm5-1': 24.78, 'm6-1': 100.44, 'm7-1': 9.85, 'm8-1': 1.06}",1.59,851.4069999999998,852.4669999999998,inf,959.276,959.276
839,T3,BESTEFFORT,COMPLETED,m8-1,850.447,"{'m1-1': 164.34, 'm2-1': 24.87, 'm3-1': 28.49, 'm4-1': 24.57, 'm5-1': 24.99, 'm6-1': 103.04, 'm7-1': 10.58, 'm8-1': 1.01}",1.5150000000000001,852.4669999999998,853.4769999999997,inf,960.447,960.447
840,T10,BESTEFFORT,COMPLETED,m8-1,852.757,"{'m1-1': 168.2, 'm2-1': 26.16, 'm3-1': 24.59, 'm4-1': 26.11, 'm5-1': 26.24, 'm6-1': 105.85, 'm7-1': 10.17, 'm8-1': 1.03}",1.545,853.4769999999997,854.5069999999997,inf,962.757,962.757
841,T6,BESTEFFORT,COMPLETED,m8-1,855.122,"{'m1-1': 152.36, 'm2-1': 26.32, 'm3-1': 24.05, 'm4-1': 28.8, 'm5-1': 25.67, 'm6-1': 98.33, 'm7-1': 10.16, 'm8-1': 1.15}",1.7249999999999999,855.122,856.2719999999999,inf,965.122,965.122
842,T1,BESTEFFORT,COMPLETED,m8-1,855.446,"{'m1-1': 143.38, 'm2-1': 24.46, 'm3-1': 27.6, 'm4-1': 25.38, 'm5-1': 25.63, 'm6-1': 98.18, 'm7-1': 10.53, 'm8-1': 1.14}",1.71,856.2719999999999,857.4119999999999,inf,965.446,965.446
843,T8,BESTEFFORT,COMPLETED,m8-1,855.915,"{'m1-1': 154.29, 'm2-1': 24.72, 'm3-1': 27.25, 'm4-1': 27.1, 'm5-1': 27.26, 'm6-1': 111.79, 'm7-1': 10.44, 'm8-1': 1.14}",1.71,857.4119999999999,858.5519999999999,inf,965.915,965.915
844,T3,BESTEFFORT,COMPLETED,m8-1,856.219,"{'m1-1': 160.6, 'm2-1': 26.41, 'm3-1': 25.44, 'm4-1': 26.07, 'm5-1': 26.55, 'm6-1': 100.65, 'm7-1': 10.53, 'm8-1': 1.05}",1.5750000000000002,858.5519999999999,859.6019999999999,inf,966.219,966.219
845,T7,BESTEFFORT,COMPLETED,m8-1,857.537,"{'m1-1': 158.31, 'm2-1': 28.78, 'm3-1': 26.12, 'm4-1': 27.76, 'm5-1': 24.48, 'm6-1': 107.51, 'm7-1': 10.34, 'm8-1': 0.95}",1.4249999999999998,859.6019999999999,860.5519999999999,inf,967.537,967.537
846,T5,BESTEFFORT,COMPLETED,m8-1,857.863,"{'m1-1': 156.07, 'm2-1': 26.8, 'm3-1': 25.8, 'm4-1': 25.16, 'm5-1': 24.6, 'm6-1': 99.74, 'm7-1': 9.43, 'm8-1': 1.08}",1.62,860.5519999999999,861.632,inf,967.863,967.863
847,T2,BESTEFFORT,COMPLETED,m7-1,858.152,"{'m1-1': 151.94, 'm2-1': 25.25, 'm3-1': 24.71, 'm4-1': 24.56, 'm5-1': 25.96, 'm6-1': 112.71, 'm7-1': 11.0, 'm8-1': 1.1}",16.5,862.5730000000001,873.5730000000001,inf,968.152,968.152
848,T6,BESTEFFORT,COMPLETED,m8-1,859.649,"{'m1-1': 149.53, 'm2-1': 26.94, 'm3-1': 24.27, 'm4-1': 27.47, 'm5-1': 26.45, 'm6-1': 105.7, 'm7-1': 11.14, 'm8-1': 1.1}",1.6500000000000001,861.632,862.732,inf,969.649,969.649
849,T4,BESTEFFORT,COMPLETED,m8-1,861.515,"{'m1-1': 151.4, 'm2-1': 25.23, 'm3-1': 26.8, 'm4-1': 27.7, 'm5-1': 26.86, 'm6-1': 102.91, 'm7-1': 9.8, 'm8-1': 0.94}",1.41,862.732,863.672,inf,971.515,971.515
850,T10,BESTEFFORT,COMPLETED,m8-1,862.148,"{'m1-1': 153.78, 'm2-1': 24.5, 'm3-1': 24.89, 'm4-1': 24.79, 'm5-1': 24.42, 'm6-1': 103.15, 'm7-1': 10.74, 'm8-1': 1.05}",1.5750000000000002,863.672,864.722,inf,972.148,972.148
851,T3,BESTEFFORT,COMPLETED,m8-1,863.861,"{'m1-1': 154.24, 'm2-1': 27.76, 'm3-1': 28.11, 'm4-1': 25.13, 'm5-1': 26.91, 'm6-1': 108.15, 'm7-1': 9.8, 'm8-1': 1.07}",1.605,864.722,865.792,inf,973.861,973.861
852,T10,BESTEFFORT,COMPLETED,m8-1,863.956,"{'m1-1': 171.42, 'm2-1': 26.89, 'm3-1': 24.37, 'm4-1': 26.1, 'm5-1': 26.61, 'm6-1': 106.29, 'm7-1': 9.97, 'm8-1': 1.13}",1.6949999999999998,865.792,866.922,inf,973.956,973.956
853,T9,BESTEFFORT,COMPLETED,m8-1,866.339,"{'m1-1': 157.11, 'm2-1': 28.78, 'm3-1': 26.83, 'm4-1': 25.17, 'm5-1': 27.72, 'm6-1': 96.57, 'm7-1': 11.2, 'm8-1': 0.96}",1.44,866.922,867.8820000000001,inf,976.339,976.339
854,T9,BESTEFFORT,COMPLETED,m8-1,866.523,"{'m1-1': 155.43, 'm2-1': 26.59, 'm3-1': 25.82, 'm4-1': 26.02, 'm5-1': 27.04, 'm6-1': 113.0, 'm7-1': 11.21, 'm8-1': 0.96}",1.44,867.8820000000001,868.8420000000001,inf,976.523,976.523
855,T1,BESTEFFORT,COMPLETED,m8-1,866.986,"{'m1-1': 147.53, 'm2-1': 28.47, 'm3-1': 26.96, 'm4-1': 24.91, 'm5-1': 26.84, 'm6-1': 93.9, 'm7-1': 10.97, 'm8-1': 1.1}",1.6500000000000001,868.8420000000001,869.9420000000001,inf,976.986,976.986
856,T2,BESTEFFORT,COMPLETED,m8-1,869.322,"{'m1-1': 153.54, 'm2-1': 26.84, 'm3-1': 24.77, 'm4-1': 24.51, 'm5-1': 26.26, 'm6-1': 102.64, 'm7-1': 9.85, 'm8-1': 1.0}",1.5,869.9420000000001,870.9420000000001,inf,979.322,979.322
857,T5,BESTEFFORT,COMPLETED,m8-1,869.561,"{'m1-1': 143.37, 'm2-1': 27.63, 'm3-1': 27.31, 'm4-1': 24.5, 'm5-1': 24.22, 'm6-1': 98.45, 'm7-1': 10.92, 'm8-1': 1.05}",1.5750000000000002,870.9420000000001,871.9920000000001,inf,979.561,979.561
858,T5,BESTEFFORT,COMPLETED,m8-1,872.192,"{'m1-1': 155.71, 'm2-1': 25.6, 'm3-1': 26.94, 'm4-1': 25.19, 'm5-1': 26.4, 'm6-1': 98.39, 'm7-1': 10.61, 'm8-1': 1.07}",1.605,872.192,873.2620000000001,inf,982.192,982.192
859,T2,BESTEFFORT,COMPLETED,m8-1,872.897,"{'m1-1': 146.02, 'm2-1': 27.49, 'm3-1': 26.1, 'm4-1': 26.27, 'm5-1': 24.5, 'm6-1': 115.52, 'm7-1': 10.83, 'm8-1': 1.02}",1.53,873.2620000000001,874.282,inf,982.897,982.897
860,T1,BESTEFFORT,COMPLETED,m8-1,876.197,"{'m1-1': 164.33, 'm2-1': 28.35, 'm3-1': 25.46, 'm4-1': 23.35, 'm5-1': 26.48, 'm6-1': 107.42, 'm7-1': 9.35, 'm8-1': 1.17}",1.755,876.197,877.367,inf,986.197,986.197
861,T3,BESTEFFORT,COMPLETED,m8-1,876.551,"{'m1-1': 167.11, 'm2-1': 24.98, 'm3-1': 27.94, 'm4-1': 28.02, 'm5-1': 25.71, 'm6-1': 98.25, 'm7-1': 9.62, 'm8-1': 1.04}",1.56,877.367,878.4069999999999,inf,986.551,986.551
862,T10,BESTEFFORT,COMPLETED,m8-1,878.141,"{'m1-1': 161.46, 'm2-1': 23.33, 'm3-1': 26.32, 'm4-1': 23.53, 'm5-1': 23.69, 'm6-1': 95.62, 'm7-1': 10.76, 'm8-1': 1.06}",1.59,878.4069999999999,879.4669999999999,inf,988.141,988.141
863,T3,BESTEFFORT,COMPLETED,m8-1,878.859,"{'m1-1': 143.7, 'm2-1': 26.47, 'm3-1': 27.97, 'm4-1': 24.28, 'm5-1': 26.74, 'm6-1': 111.31, 'm7-1': 10.59, 'm8-1': 0.96}",1.44,879.4669999999999,880.4269999999999,inf,988.859,988.859
864,T10,BESTEFFORT,COMPLETED,m8-1,879.627,"{'m1-1': 161.29, 'm2-1': 24.88, 'm3-1': 24.9, 'm4-1': 23.33, 'm5-1': 23.91, 'm6-1': 104.79, 'm7-1': 10.72, 'm8-1': 1.03}",1.545,880.4269999999999,881.4569999999999,inf,989.627,989.627
865,T4,BESTEFFORT,COMPLETED,m8-1,879.649,"{'m1-1': 170.41, 'm2-1': 27.07, 'm3-1': 28.65, 'm4-1': 27.27, 'm5-1': 29.15, 'm6-1': 101.75, 'm7-1': 9.79, 'm8-1': 1.08}",1.62,881.4569999999999,882.5369999999999,inf,989.649,989.649
866,T9,BESTEFFORT,COMPLETED,m8-1,880.054,"{'m1-1': 166.71, 'm2-1': 29.03, 'm3-1': 27.44, 'm4-1': 27.22, 'm5-1': 26.6, 'm6-1': 98.77, 'm7-1': 10.53, 'm8-1': 1.03}",1.545,882.5369999999999,883.5669999999999,inf,990.054,990.054
867,T4,BESTEFFORT,COMPLETED,m8-1,880.938,"{'m1-1': 162.95, 'm2-1': 27.18, 'm3-1': 25.92, 'm4-1': 27.36, 'm5-1': 25.0, 'm6-1': 101.89, 'm7-1': 11.3, 'm8-1': 1.0}",1.5,883.5669999999999,884.5669999999999,inf,990.938,990.938
868,T3,BESTEFFORT,COMPLETED,m8-1,882.133,"{'m1-1': 145.72, 'm2-1': 26.44, 'm3-1': 26.94, 'm4-1': 27.82, 'm5-1': 28.17, 'm6-1': 97.97, 'm7-1': 10.95, 'm8-1': 1.11}",1.665,884.5669999999999,885.6769999999999,inf,992.133,992.133
869,T7,BESTEFFORT,COMPLETED,m8-1,883.909,"{'m1-1': 166.72, 'm2-1': 26.13, 'm3-1': 26.07, 'm4-1': 27.83, 'm5-1': 27.99, 'm6-1': 113.53, 'm7-1': 10.6, 'm8-1': 1.04}",1.56,885.6769999999999,886.7169999999999,inf,993.909,993.909
870,T9,BESTEFFORT,COMPLETED,m8-1,884.651,"{'m1-1': 150.29, 'm2-1': 28.13, 'm3-1': 24.41, 'm4-1': 25.49, 'm5-1': 27.04, 'm6-1': 103.04, 'm7-1': 10.77, 'm8-1': 1.03}",1.545,886.7169999999999,887.7469999999998,inf,994.651,994.651
871,T7,BESTEFFORT,COMPLETED,m8-1,884.652,"{'m1-1': 166.59, 'm2-1': 28.57, 'm3-1': 26.57, 'm4-1': 24.9, 'm5-1': 25.68, 'm6-1': 103.69, 'm7-1': 9.9, 'm8-1': 1.02}",1.53,887.7469999999998,888.7669999999998,inf,994.652,994.652
872,T7,BESTEFFORT,COMPLETED,m8-1,885.876,"{'m1-1': 151.47, 'm2-1': 26.67, 'm3-1': 24.57, 'm4-1': 26.28, 'm5-1': 24.76, 'm6-1': 115.53, 'm7-1': 11.17, 'm8-1': 1.0}",1.5,888.7669999999998,889.7669999999998,inf,995.876,995.876
873,T9,BESTEFFORT,COMPLETED,m8-1,886.779,"{'m1-1': 148.44, 'm2-1': 26.7, 'm3-1': 27.33, 'm4-1': 26.29, 'm5-1': 25.09, 'm6-1': 99.59, 'm7-1': 10.0, 'm8-1': 1.01}",1.5150000000000001,889.7669999999998,890.7769999999998,inf,996.779,996.779
874,T6,BESTEFFORT,COMPLETED,m7-1,887.111,"{'m1-1': 165.16, 'm2-1': 25.34, 'm3-1': 25.77, 'm4-1': 25.88, 'm5-1': 28.04, 'm6-1': 109.77, 'm7-1': 11.51, 'm8-1': 1.09}",17.265,887.111,898.621,inf,997.111,997.111
875,T5,BESTEFFORT,COMPLETED,m7-1,887.355,"{'m1-1': 158.58, 'm2-1': 24.71, 'm3-1': 28.36, 'm4-1': 24.59, 'm5-1': 25.94, 'm6-1': 111.5, 'm7-1': 9.88, 'm8-1': 1.1}",14.82,898.621,908.501,inf,997.355,997.355
876,T10,BESTEFFORT,COMPLETED,m8-1,889.493,"{'m1-1': 158.32, 'm2-1': 26.41, 'm3-1': 24.91, 'm4-1': 25.3, 'm5-1': 23.57, 'm6-1': 98.67, 'm7-1': 10.78, 'm8-1': 1.02}",1.53,890.7769999999998,891.7969999999998,inf,999.493,999.493
877,T4,BESTEFFORT,COMPLETED,m8-1,893.067,"{'m1-1': 167.85, 'm2-1': 25.27, 'm3-1': 27.03, 'm4-1': 24.09, 'm5-1': 25.64, 'm6-1': 107.7, 'm7-1': 9.62, 'm8-1': 1.01}",1.5150000000000001,893.067,894.077,inf,1003.067,1003.067
878,T3,BESTEFFORT,COMPLETED,m8-1,893.258,"{'m1-1': 167.8, 'm2-1': 27.92, 'm3-1': 28.18, 'm4-1': 24.91, 'm5-1': 27.34, 'm6-1': 97.16, 'm7-1': 10.45, 'm8-1': 1.05}",1.5750000000000002,894.077,895.127,inf,1003.258,1003.258
879,T1,BESTEFFORT,COMPLETED,m8-1,894.068,"{'m1-1': 148.72, 'm2-1': 28.13, 'm3-1': 26.17, 'm4-1': 23.3, 'm5-1': 26.35, 'm6-1': 98.86, 'm7-1': 10.29, 'm8-1': 1.12}",1.6800000000000002,895.127,896.247,inf,1004.068,1004.068
880,T5,BESTEFFORT,COMPLETED,m8-1,894.345,"{'m1-1': 149.65, 'm2-1': 27.7, 'm3-1': 28.74, 'm4-1': 24.63, 'm5-1': 28.16, 'm6-1': 108.12, 'm7-1': 9.72, 'm8-1': 1.09}",1.6350000000000002,896.247,897.337,inf,1004.345,1004.345
881,T6,BESTEFFORT,COMPLETED,m8-1,894.64,"{'m1-1': 160.51, 'm2-1': 25.03, 'm3-1': 24.08, 'm4-1': 26.72, 'm5-1': 27.62, 'm6-1': 101.31, 'm7-1': 9.7, 'm8-1': 1.15}",1.7249999999999999,897.337,898.487,inf,1004.64,1004.64
882,T10,BESTEFFORT,COMPLETED,m8-1,896.258,"{'m1-1': 162.16, 'm2-1': 25.66, 'm3-1': 25.34, 'm4-1': 24.79, 'm5-1': 25.5, 'm6-1': 96.48, 'm7-1': 11.21, 'm8-1': 1.15}",1.7249999999999999,898.487,899.637,inf,1006.258,1006.258
883,T6,BESTEFFORT,COMPLETED,m8-1,896.856,"{'m1-1': 148.9, 'm2-1': 26.35, 'm3-1': 23.17, 'm4-1': 28.34, 'm5-1': 25.7, 'm6-1': 107.76, 'm7-1': 10.18, 'm8-1': 1.06}",1.59,899.637,900.6969999999999,inf,1006.856,1006.856
884,T3,BESTEFFORT,COMPLETED,m7-1,897.25,"{'m1-1': 161.95, 'm2-1': 26.52, 'm3-1': 28.21, 'm4-1': 24.24, 'm5-1': 25.68, 'm6-1': 104.46, 'm7-1': 10.4, 'm8-1': 1.05}",15.600000000000001,908.501,918.901,inf,1007.25,1007.25
885,T7,BESTEFFORT,COMPLETED,m8-1,897.994,"{'m1-1': 169.88, 'm2-1': 25.5, 'm3-1': 25.75, 'm4-1': 25.11, 'm5-1': 24.6, 'm6-1': 111.84, 'm7-1': 9.8, 'm8-1': 1.04}",1.56,900.6969999999999,901.7369999999999,inf,1007.994,1007.994
886,T5,BESTEFFORT,COMPLETED,m4-1,898.355,"{'m1-1': 152.4, 'm2-1': 26.67, 'm3-1': 25.6, 'm4-1': 26.29, 'm5-1': 25.25, 'm6-1': 110.73, 'm7-1': 10.31, 'm8-1': 1.02}",39.435,898.355,924.645,inf,1008.355,1008.355
887,T7,BESTEFFORT,COMPLETED,m8-1,898.611,"{'m1-1': 167.0, 'm2-1': 26.46, 'm3-1': 27.34, 'm4-1': 26.05, 'm5-1': 26.02, 'm6-1': 113.39, 'm7-1': 11.08, 'm8-1': 0.96}",1.44,901.7369999999999,902.6969999999999,inf,1008.611,1008.611
888,T5,BESTEFFORT,COMPLETED,m3-1,898.836,"{'m1-1': 153.75, 'm2-1': 27.14, 'm3-1': 24.58, 'm4-1': 26.24, 'm5-1': 26.92, 'm6-1': 111.48, 'm7-1': 10.36, 'm8-1': 0.98}",36.87,898.836,923.416,inf,1008.836,1008.836
889,T4,BESTEFFORT,COMPLETED,m8-1,900.282,"{'m1-1': 167.19, 'm2-1': 25.4, 'm3-1': 26.39, 'm4-1': 26.88, 'm5-1': 28.1, 'm6-1': 96.42, 'm7-1': 10.25, 'm8-1': 0.94}",1.41,902.6969999999999,903.637,inf,1010.282,1010.282
890,T9,BESTEFFORT,COMPLETED,m8-1,902.745,"{'m1-1': 161.06, 'm2-1': 26.62, 'm3-1': 25.76, 'm4-1': 24.42, 'm5-1': 28.52, 'm6-1': 111.02, 'm7-1': 11.37, 'm8-1': 1.1}",1.6500000000000001,903.637,904.737,inf,1012.745,1012.745
891,T5,BESTEFFORT,COMPLETED,m8-1,903.283,"{'m1-1': 160.12, 'm2-1': 26.58, 'm3-1': 25.12, 'm4-1': 26.59, 'm5-1': 25.6, 'm6-1': 111.79, 'm7-1': 10.1, 'm8-1': 0.95}",1.4249999999999998,904.737,905.687,inf,1013.283,1013.283
892,T1,BESTEFFORT,COMPLETED,m8-1,904.564,"{'m1-1': 142.02, 'm2-1': 26.78, 'm3-1': 27.34, 'm4-1': 26.1, 'm5-1': 24.37, 'm6-1': 102.58, 'm7-1': 10.14, 'm8-1': 0.99}",1.4849999999999999,905.687,906.677,inf,1014.564,1014.564
893,T10,BESTEFFORT,COMPLETED,m8-1,905.217,"{'m1-1': 149.21, 'm2-1': 25.72, 'm3-1': 27.23, 'm4-1': 24.38, 'm5-1': 24.48, 'm6-1': 108.5, 'm7-1': 9.93, 'm8-1': 1.05}",1.5750000000000002,906.677,907.727,inf,1015.217,1015.217
894,T3,BESTEFFORT,COMPLETED,m8-1,905.477,"{'m1-1': 160.15, 'm2-1': 25.29, 'm3-1': 25.72, 'm4-1': 26.48, 'm5-1': 25.53, 'm6-1': 98.28, 'm7-1': 9.87, 'm8-1': 1.08}",1.62,907.727,908.807,inf,1015.477,1015.477
895,T6,BESTEFFORT,COMPLETED,m8-1,906.688,"{'m1-1': 157.67, 'm2-1': 25.46, 'm3-1': 24.66, 'm4-1': 28.05, 'm5-1': 24.29, 'm6-1': 107.06, 'm7-1': 11.43, 'm8-1': 1.01}",1.5150000000000001,908.807,909.817,inf,1016.688,1016.688
896,T4,BESTEFFORT,COMPLETED,m8-1,907.067,"{'m1-1': 150.82, 'm2-1': 24.02, 'm3-1': 28.17, 'm4-1': 24.6, 'm5-1': 25.07, 'm6-1': 108.7, 'm7-1': 10.15, 'm8-1': 1.04}",1.56,909.817,910.857,inf,1017.067,1017.067
897,T7,BESTEFFORT,COMPLETED,m8-1,907.997,"{'m1-1': 165.08, 'm2-1': 29.41, 'm3-1': 26.25, 'm4-1': 24.26, 'm5-1': 27.67, 'm6-1': 108.66, 'm7-1': 10.55, 'm8-1': 1.1}",1.6500000000000001,910.857,911.957,inf,1017.997,1017.997
898,T4,BESTEFFORT,COMPLETED,m8-1,909.546,"{'m1-1': 170.7, 'm2-1': 26.13, 'm3-1': 27.12, 'm4-1': 24.94, 'm5-1': 26.8, 'm6-1': 97.35, 'm7-1': 9.89, 'm8-1': 1.09}",1.6350000000000002,911.957,913.047,inf,1019.546,1019.546
899,T9,BESTEFFORT,COMPLETED,m8-1,913.532,"{'m1-1': 161.5, 'm2-1': 25.18, 'm3-1': 27.28, 'm4-1': 26.16, 'm5-1': 27.91, 'm6-1': 98.25, 'm7-1': 11.4, 'm8-1': 0.95}",1.4249999999999998,913.532,914.4820000000001,inf,1023.532,1023.532
900,T5,BESTEFFORT,COMPLETED,m8-1,913.988,"{'m1-1': 139.35, 'm2-1': 26.81, 'm3-1': 25.78, 'm4-1': 26.98, 'm5-1': 28.17, 'm6-1': 106.32, 'm7-1': 9.52, 'm8-1': 1.1}",1.6500000000000001,914.4820000000001,915.5820000000001,inf,1023.988,1023.988
901,T6,BESTEFFORT,COMPLETED,m8-1,914.812,"{'m1-1': 148.54, 'm2-1': 24.81, 'm3-1': 25.56, 'm4-1': 27.4, 'm5-1': 26.89, 'm6-1': 102.99, 'm7-1': 10.93, 'm8-1': 1.02}",1.53,915.5820000000001,916.6020000000001,inf,1024.812,1024.812
902,T2,BESTEFFORT,COMPLETED,m8-1,916.365,"{'m1-1': 157.55, 'm2-1': 26.25, 'm3-1': 26.49, 'm4-1': 26.3, 'm5-1': 24.53, 'm6-1': 108.65, 'm7-1': 10.26, 'm8-1': 1.07}",1.605,916.6020000000001,917.6720000000001,inf,1026.365,1026.365
903,T4,BESTEFFORT,COMPLETED,m8-1,917.804,"{'m1-1': 158.61, 'm2-1': 25.68, 'm3-1': 25.59, 'm4-1': 26.82, 'm5-1': 29.57, 'm6-1': 104.13, 'm7-1': 9.7, 'm8-1': 1.0}",1.5,917.804,918.804,inf,1027.804,1027.804
904,T3,BESTEFFORT,COMPLETED,m8-1,919.068,"{'m1-1': 165.82, 'm2-1': 28.02, 'm3-1': 29.02, 'm4-1': 24.08, 'm5-1': 25.92, 'm6-1': 108.63, 'm7-1': 10.67, 'm8-1': 1.01}",1.5150000000000001,919.068,920.078,inf,1029.068,1029.068
905,T9,BESTEFFORT,COMPLETED,m8-1,919.171,"{'m1-1': 157.71, 'm2-1': 26.19, 'm3-1': 28.53, 'm4-1': 25.6, 'm5-1': 26.39, 'm6-1': 104.86, 'm7-1': 11.4, 'm8-1': 1.03}",1.545,920.078,921.108,inf,1029.171,1029.171
906,T10,BESTEFFORT,COMPLETED,m8-1,919.873,"{'m1-1': 151.7, 'm2-1': 25.26, 'm3-1': 25.11, 'm4-1': 27.44, 'm5-1': 26.92, 'm6-1': 103.02, 'm7-1': 10.12, 'm8-1': 1.01}",1.5150000000000001,921.108,922.1179999999999,inf,1029.873,1029.873
907,T5,BESTEFFORT,COMPLETED,m8-1,920.31,"{'m1-1': 151.27, 'm2-1': 26.65, 'm3-1': 26.94, 'm4-1': 24.36, 'm5-1': 24.31, 'm6-1': 103.31, 'm7-1': 10.39, 'm8-1': 1.01}",1.5150000000000001,922.1179999999999,923.1279999999999,inf,1030.31,1030.31
908,T10,BESTEFFORT,COMPLETED,m8-1,920.431,"{'m1-1': 147.02, 'm2-1': 24.5, 'm3-1': 24.39, 'm4-1': 26.8, 'm5-1': 26.41, 'm6-1': 105.95, 'm7-1': 11.4, 'm8-1': 1.03}",1.545,923.1279999999999,924.1579999999999,inf,1030.431,1030.431
909,T10,BESTEFFORT,COMPLETED,m8-1,922.899,"{'m1-1': 146.25, 'm2-1': 24.94, 'm3-1': 25.95, 'm4-1': 26.05, 'm5-1': 25.69, 'm6-1': 104.16, 'm7-1': 11.08, 'm8-1': 1.1}",1.6500000000000001,924.1579999999999,925.2579999999999,inf,1032.899,1032.899
910,T1,BESTEFFORT,COMPLETED,m8-1,923.152,"{'m1-1': 151.59, 'm2-1': 26.24, 'm3-1': 29.33, 'm4-1': 26.59, 'm5-1': 27.33, 'm6-1': 95.57, 'm7-1': 10.35, 'm8-1': 0.99}",1.4849999999999999,925.2579999999999,926.2479999999999,inf,1033.152,1033.152
911,T1,BESTEFFORT,COMPLETED,m8-1,924.141,"{'m1-1': 150.15, 'm2-1': 27.46, 'm3-1': 25.63, 'm4-1': 26.35, 'm5-1': 27.48, 'm6-1': 97.96, 'm7-1': 9.58, 'm8-1': 1.04}",1.56,926.2479999999999,927.2879999999999,inf,1034.141,1034.141
912,T4,BESTEFFORT,COMPLETED,m8-1,924.519,"{'m1-1': 162.8, 'm2-1': 24.04, 'm3-1': 26.14, 'm4-1': 26.6, 'm5-1': 29.4, 'm6-1': 96.97, 'm7-1': 9.79, 'm8-1': 1.07}",1.605,927.2879999999999,928.358,inf,1034.519,1034.519
913,T4,BESTEFFORT,COMPLETED,m7-1,924.76,"{'m1-1': 156.51, 'm2-1': 27.78, 'm3-1': 26.36, 'm4-1': 25.61, 'm5-1': 29.25, 'm6-1': 112.05, 'm7-1': 9.82, 'm8-1': 1.01}",14.73,924.76,934.58,inf,1034.76,1034.76
914,T10,BESTEFFORT,COMPLETED,m8-1,925.695,"{'m1-1': 160.06, 'm2-1': 27.27, 'm3-1': 28.39, 'm4-1': 25.21, 'm5-1': 24.22, 'm6-1': 102.57, 'm7-1': 10.25, 'm8-1': 1.01}",1.5150000000000001,928.358,929.3679999999999,inf,1035.6950000000002,1035.6950000000002
915,T1,BESTEFFORT,COMPLETED,m8-1,930.784,"{'m1-1': 164.57, 'm2-1': 24.97, 'm3-1': 26.51, 'm4-1': 25.35, 'm5-1': 23.71, 'm6-1': 110.82, 'm7-1': 9.66, 'm8-1': 1.11}",1.665,930.784,931.894,inf,1040.784,1040.784
916,T4,BESTEFFORT,COMPLETED,m8-1,931.1,"{'m1-1': 164.16, 'm2-1': 26.11, 'm3-1': 27.06, 'm4-1': 28.38, 'm5-1': 26.82, 'm6-1': 104.62, 'm7-1': 10.24, 'm8-1': 1.07}",1.605,931.894,932.964,inf,1041.1,1041.1
917,T1,BESTEFFORT,COMPLETED,m8-1,931.699,"{'m1-1': 146.94, 'm2-1': 25.35, 'm3-1': 28.53, 'm4-1': 24.92, 'm5-1': 25.65, 'm6-1': 103.57, 'm7-1': 10.22, 'm8-1': 1.05}",1.5750000000000002,932.964,934.014,inf,1041.699,1041.699
918,T3,BESTEFFORT,COMPLETED,m8-1,932.361,"{'m1-1': 169.64, 'm2-1': 26.98, 'm3-1': 26.31, 'm4-1': 27.32, 'm5-1': 27.12, 'm6-1': 104.26, 'm7-1': 9.68, 'm8-1': 0.95}",1.4249999999999998,934.014,934.964,inf,1042.3609999999999,1042.3609999999999
919,T1,BESTEFFORT,COMPLETED,m8-1,933.782,"{'m1-1': 147.72, 'm2-1': 28.23, 'm3-1': 26.26, 'm4-1': 26.67, 'm5-1': 26.22, 'm6-1': 96.75, 'm7-1': 10.87, 'm8-1': 1.11}",1.665,934.964,936.0740000000001,inf,1043.7820000000002,1043.7820000000002
920,T1,BESTEFFORT,COMPLETED,m8-1,937.706,"{'m1-1': 155.62, 'm2-1': 25.91, 'm3-1': 25.59, 'm4-1': 23.02, 'm5-1': 26.94, 'm6-1': 99.02, 'm7-1': 10.71, 'm8-1': 1.1}",1.6500000000000001,937.706,938.806,inf,1047.7060000000001,1047.7060000000001
921,T3,BESTEFFORT,COMPLETED,m8-1,939.566,"{'m1-1': 165.34, 'm2-1': 24.94, 'm3-1': 26.72, 'm4-1': 24.35, 'm5-1': 24.0, 'm6-1': 100.66, 'm7-1': 10.62, 'm8-1': 1.06}",1.59,939.566,940.626,inf,1049.566,1049.566
922,T2,BESTEFFORT,COMPLETED,m8-1,940.161,"{'m1-1': 158.35, 'm2-1': 28.38, 'm3-1': 26.37, 'm4-1': 23.9, 'm5-1': 26.48, 'm6-1': 112.25, 'm7-1': 10.67, 'm8-1': 1.14}",1.71,940.626,941.766,inf,1050.161,1050.161
923,T1,BESTEFFORT,COMPLETED,m8-1,940.299,"{'m1-1': 155.22, 'm2-1': 26.94, 'm3-1': 27.13, 'm4-1': 23.5, 'm5-1': 25.92, 'm6-1': 101.23, 'm7-1': 9.67, 'm8-1': 1.13}",1.6949999999999998,941.766,942.896,inf,1050.299,1050.299
924,T10,BESTEFFORT,COMPLETED,m8-1,945.232,"{'m1-1': 152.17, 'm2-1': 25.91, 'm3-1': 24.4, 'm4-1': 26.82, 'm5-1': 24.52, 'm6-1': 105.98, 'm7-1': 11.48, 'm8-1': 1.08}",1.62,945.232,946.312,inf,1055.232,1055.232
925,T2,BESTEFFORT,COMPLETED,m8-1,945.425,"{'m1-1': 148.02, 'm2-1': 24.83, 'm3-1': 26.43, 'm4-1': 25.12, 'm5-1': 25.06, 'm6-1': 107.67, 'm7-1': 10.91, 'm8-1': 1.09}",1.6350000000000002,946.312,947.402,inf,1055.425,1055.425
926,T5,BESTEFFORT,COMPLETED,m8-1,947.628,"{'m1-1': 152.83, 'm2-1': 25.44, 'm3-1': 26.94, 'm4-1': 26.12, 'm5-1': 24.44, 'm6-1': 96.3, 'm7-1': 11.12, 'm8-1': 1.05}",1.5750000000000002,947.628,948.678,inf,1057.6280000000002,1057.6280000000002
927,T4,BESTEFFORT,COMPLETED,m8-1,949.061,"{'m1-1': 153.26, 'm2-1': 25.85, 'm3-1': 27.43, 'm4-1': 24.55, 'm5-1': 27.04, 'm6-1': 101.59, 'm7-1': 11.06, 'm8-1': 0.95}",1.4249999999999998,949.061,950.0110000000001,inf,1059.0610000000001,1059.0610000000001
928,T9,BESTEFFORT,COMPLETED,m8-1,949.204,"{'m1-1': 164.29, 'm2-1': 27.4, 'm3-1': 28.53, 'm4-1': 25.44, 'm5-1': 27.89, 'm6-1': 112.97, 'm7-1': 10.95, 'm8-1': 0.99}",1.4849999999999999,950.0110000000001,951.0010000000001,inf,1059.204,1059.204
929,T3,BESTEFFORT,COMPLETED,m8-1,952.222,"{'m1-1': 165.44, 'm2-1': 28.1, 'm3-1': 26.21, 'm4-1': 26.49, 'm5-1': 25.32, 'm6-1': 100.66, 'm7-1': 10.48, 'm8-1': 1.06}",1.59,952.222,953.2819999999999,inf,1062.222,1062.222
930,T4,BESTEFFORT,COMPLETED,m8-1,957.042,"{'m1-1': 164.44, 'm2-1': 24.27, 'm3-1': 25.36, 'm4-1': 25.1, 'm5-1': 29.2, 'm6-1': 101.71, 'm7-1': 9.55, 'm8-1': 0.93}",1.395,957.042,957.972,inf,1067.042,1067.042
931,T9,BESTEFFORT,COMPLETED,m8-1,958.328,"{'m1-1': 166.35, 'm2-1': 26.19, 'm3-1': 26.1, 'm4-1': 26.34, 'm5-1': 29.47, 'm6-1': 98.2, 'm7-1': 10.18, 'm8-1': 1.07}",1.605,958.328,959.398,inf,1068.328,1068.328
932,T4,BESTEFFORT,COMPLETED,m8-1,958.402,"{'m1-1': 157.41, 'm2-1': 25.73, 'm3-1': 25.93, 'm4-1': 26.21, 'm5-1': 25.01, 'm6-1': 101.71, 'm7-1': 9.74, 'm8-1': 1.01}",1.5150000000000001,959.398,960.408,inf,1068.402,1068.402
933,T6,BESTEFFORT,COMPLETED,m8-1,958.812,"{'m1-1': 157.21, 'm2-1': 27.69, 'm3-1': 24.81, 'm4-1': 28.8, 'm5-1': 28.1, 'm6-1': 106.06, 'm7-1': 11.02, 'm8-1': 1.02}",1.53,960.408,961.428,inf,1068.812,1068.812
934,T2,BESTEFFORT,COMPLETED,m8-1,959.03,"{'m1-1': 162.83, 'm2-1': 25.52, 'm3-1': 26.66, 'm4-1': 25.93, 'm5-1': 24.71, 'm6-1': 113.71, 'm7-1': 11.22, 'm8-1': 0.98}",1.47,961.428,962.408,inf,1069.03,1069.03
935,T1,BESTEFFORT,COMPLETED,m8-1,960.22,"{'m1-1': 153.36, 'm2-1': 26.26, 'm3-1': 25.62, 'm4-1': 24.21, 'm5-1': 24.39, 'm6-1': 109.44, 'm7-1': 10.91, 'm8-1': 1.17}",1.755,962.408,963.578,inf,1070.22,1070.22
936,T7,BESTEFFORT,COMPLETED,m8-1,960.486,"{'m1-1': 152.72, 'm2-1': 26.67, 'm3-1': 23.45, 'm4-1': 27.26, 'm5-1': 25.06, 'm6-1': 108.92, 'm7-1': 10.48, 'm8-1': 0.97}",1.455,963.578,964.548,inf,1070.4859999999999,1070.4859999999999
937,T1,BESTEFFORT,COMPLETED,m8-1,962.998,"{'m1-1': 154.27, 'm2-1': 28.47, 'm3-1': 29.58, 'm4-1': 22.99, 'm5-1': 26.93, 'm6-1': 110.32, 'm7-1': 10.6, 'm8-1': 1.04}",1.56,964.548,965.588,inf,1072.998,1072.998
938,T9,BESTEFFORT,COMPLETED,m8-1,964.642,"{'m1-1': 149.59, 'm2-1': 29.32, 'm3-1': 28.27, 'm4-1': 25.2, 'm5-1': 28.03, 'm6-1': 109.61, 'm7-1': 10.56, 'm8-1': 1.11}",1.665,965.588,966.698,inf,1074.642,1074.642
939,T10,BESTEFFORT,COMPLETED,m8-1,965.002,"{'m1-1': 164.08, 'm2-1': 24.05, 'm3-1': 27.3, 'm4-1': 25.51, 'm5-1': 24.57, 'm6-1': 94.36, 'm7-1': 10.98, 'm8-1': 0.99}",1.4849999999999999,966.698,967.688,inf,1075.002,1075.002
940,T1,BESTEFFORT,COMPLETED,m8-1,965.824,"{'m1-1': 165.52, 'm2-1': 27.46, 'm3-1': 27.62, 'm4-1': 25.49, 'm5-1': 23.55, 'm6-1': 99.18, 'm7-1': 10.29, 'm8-1': 1.11}",1.665,967.688,968.798,inf,1075.824,1075.824
941,T3,BESTEFFORT,COMPLETED,m8-1,967.468,"{'m1-1': 161.92, 'm2-1': 29.01, 'm3-1': 29.26, 'm4-1': 27.37, 'm5-1': 24.1, 'm6-1': 101.62, 'm7-1': 10.82, 'm8-1': 1.06}",1.59,968.798,969.858,inf,1077.4679999999998,1077.4679999999998
942,T9,BESTEFFORT,COMPLETED,m8-1,967.557,"{'m1-1': 154.02, 'm2-1': 27.92, 'm3-1': 28.07, 'm4-1': 23.99, 'm5-1': 25.58, 'm6-1': 111.66, 'm7-1': 11.38, 'm8-1': 1.11}",1.665,969.858,970.968,inf,1077.557,1077.557
943,T6,BESTEFFORT,COMPLETED,m8-1,969.834,"{'m1-1': 154.06, 'm2-1': 26.19, 'm3-1': 25.05, 'm4-1': 28.58, 'm5-1': 25.12, 'm6-1': 111.81, 'm7-1': 11.38, 'm8-1': 1.14}",1.71,970.968,972.108,inf,1079.8339999999998,1079.8339999999998
944,T5,BESTEFFORT,COMPLETED,m8-1,970.637,"{'m1-1': 152.91, 'm2-1': 26.78, 'm3-1': 27.94, 'm4-1': 24.06, 'm5-1': 26.3, 'm6-1': 113.59, 'm7-1': 11.09, 'm8-1': 1.11}",1.665,972.108,973.218,inf,1080.637,1080.637
945,T6,BESTEFFORT,COMPLETED,m8-1,976.652,"{'m1-1': 146.51, 'm2-1': 25.7, 'm3-1': 25.88, 'm4-1': 27.2, 'm5-1': 25.06, 'm6-1': 99.15, 'm7-1': 10.63, 'm8-1': 1.11}",1.665,976.652,977.7620000000001,inf,1086.652,1086.652
946,T5,BESTEFFORT,COMPLETED,m8-1,976.708,"{'m1-1': 157.37, 'm2-1': 27.99, 'm3-1': 25.88, 'm4-1': 25.76, 'm5-1': 26.99, 'm6-1': 109.14, 'm7-1': 10.38, 'm8-1': 1.0}",1.5,977.7620000000001,978.7620000000001,inf,1086.708,1086.708
947,T7,BESTEFFORT,COMPLETED,m8-1,977.12,"{'m1-1': 165.58, 'm2-1': 29.09, 'm3-1': 26.68, 'm4-1': 25.46, 'm5-1': 26.75, 'm6-1': 111.08, 'm7-1': 11.07, 'm8-1': 0.97}",1.455,978.7620000000001,979.7320000000001,inf,1087.12,1087.12
948,T1,BESTEFFORT,COMPLETED,m8-1,979.258,"{'m1-1': 161.9, 'm2-1': 25.34, 'm3-1': 25.88, 'm4-1': 24.95, 'm5-1': 25.68, 'm6-1': 110.91, 'm7-1': 10.67, 'm8-1': 1.17}",1.755,979.7320000000001,980.902,inf,1089.258,1089.258
949,T10,BESTEFFORT,COMPLETED,m8-1,980.281,"{'m1-1': 167.31, 'm2-1': 26.7, 'm3-1': 28.0, 'm4-1': 26.65, 'm5-1': 26.94, 'm6-1': 103.55, 'm7-1': 11.21, 'm8-1': 1.0}",1.5,980.902,981.902,inf,1090.281,1090.281
950,T6,BESTEFFORT,COMPLETED,m8-1,981.187,"{'m1-1': 145.69, 'm2-1': 26.14, 'm3-1': 26.19, 'm4-1': 27.92, 'm5-1': 27.08, 'm6-1': 106.16, 'm7-1': 10.87, 'm8-1': 0.99}",1.4849999999999999,981.902,982.892,inf,1091.187,1091.187
951,T7,BESTEFFORT,COMPLETED,m8-1,983.083,"{'m1-1': 151.5, 'm2-1': 28.11, 'm3-1': 25.96, 'm4-1': 27.87, 'm5-1': 27.16, 'm6-1': 103.49, 'm7-1': 11.29, 'm8-1': 0.94}",1.41,983.083,984.023,inf,1093.083,1093.083
952,T2,BESTEFFORT,COMPLETED,m8-1,985.502,"{'m1-1': 143.78, 'm2-1': 25.89, 'm3-1': 25.5, 'm4-1': 24.79, 'm5-1': 25.15, 'm6-1': 111.26, 'm7-1': 11.27, 'm8-1': 1.0}",1.5,985.502,986.502,inf,1095.502,1095.502
953,T10,BESTEFFORT,COMPLETED,m8-1,990.629,"{'m1-1': 158.32, 'm2-1': 23.99, 'm3-1': 23.89, 'm4-1': 26.32, 'm5-1': 26.26, 'm6-1': 105.98, 'm7-1': 10.05, 'm8-1': 1.06}",1.59,990.629,991.689,inf,1100.629,1100.629
954,T2,BESTEFFORT,COMPLETED,m8-1,993.676,"{'m1-1': 163.2, 'm2-1': 25.97, 'm3-1': 28.18, 'm4-1': 25.03, 'm5-1': 25.77, 'm6-1': 107.3, 'm7-1': 10.88, 'm8-1': 1.07}",1.605,993.676,994.7460000000001,inf,1103.676,1103.676
955,T6,BESTEFFORT,COMPLETED,m8-1,996.022,"{'m1-1': 162.58, 'm2-1': 26.4, 'm3-1': 26.3, 'm4-1': 25.24, 'm5-1': 26.12, 'm6-1': 112.46, 'm7-1': 10.63, 'm8-1': 1.1}",1.6500000000000001,996.022,997.1220000000001,inf,1106.022,1106.022
956,T4,BESTEFFORT,COMPLETED,m8-1,996.08,"{'m1-1': 170.93, 'm2-1': 24.84, 'm3-1': 29.35, 'm4-1': 27.08, 'm5-1': 25.12, 'm6-1': 111.18, 'm7-1': 10.07, 'm8-1': 1.06}",1.59,997.1220000000001,998.182,inf,1106.08,1106.08
957,T10,BESTEFFORT,COMPLETED,m8-1,998.681,"{'m1-1': 164.92, 'm2-1': 26.78, 'm3-1': 27.88, 'm4-1': 23.51, 'm5-1': 25.19, 'm6-1': 94.76, 'm7-1': 9.97, 'm8-1': 1.06}",1.59,998.681,999.741,inf,1108.681,1108.681
958,T5,BESTEFFORT,COMPLETED,m8-1,998.914,"{'m1-1': 156.61, 'm2-1': 28.31, 'm3-1': 26.06, 'm4-1': 27.96, 'm5-1': 24.82, 'm6-1': 103.36, 'm7-1': 10.41, 'm8-1': 1.09}",1.6350000000000002,999.741,1000.831,inf,1108.914,1108.914
959,T1,BESTEFFORT,COMPLETED,m8-1,998.977,"{'m1-1': 158.51, 'm2-1': 24.31, 'm3-1': 28.8, 'm4-1': 25.63, 'm5-1': 24.34, 'm6-1': 100.45, 'm7-1': 9.64, 'm8-1': 1.16}",1.7399999999999998,1000.831,1001.991,inf,1108.9769999999999,1108.9769999999999
960,T2,BESTEFFORT,COMPLETED,m8-1,999.531,"{'m1-1': 142.49, 'm2-1': 24.12, 'm3-1': 26.52, 'm4-1': 25.16, 'm5-1': 26.26, 'm6-1': 112.7, 'm7-1': 10.7, 'm8-1': 1.01}",1.5150000000000001,1001.991,1003.001,inf,1109.531,1109.531
961,T3,BESTEFFORT,COMPLETED,m8-1,1000.476,"{'m1-1': 149.22, 'm2-1': 24.94, 'm3-1': 27.92, 'm4-1': 24.1, 'm5-1': 28.26, 'm6-1': 103.51, 'm7-1': 9.94, 'm8-1': 1.0}",1.5,1003.001,1004.001,inf,1110.476,1110.476
962,T2,BESTEFFORT,COMPLETED,m7-1,1000.779,"{'m1-1': 159.62, 'm2-1': 26.18, 'm3-1': 26.12, 'm4-1': 23.28, 'm5-1': 26.24, 'm6-1': 111.68, 'm7-1': 10.94, 'm8-1': 1.02}",16.41,1000.779,1011.719,inf,1110.779,1110.779
963,T4,BESTEFFORT,COMPLETED,m8-1,1000.847,"{'m1-1': 155.68, 'm2-1': 28.08, 'm3-1': 28.63, 'm4-1': 24.9, 'm5-1': 27.1, 'm6-1': 100.72, 'm7-1': 10.38, 'm8-1': 1.08}",1.62,1004.001,1005.081,inf,1110.847,1110.847
964,T3,BESTEFFORT,COMPLETED,m7-1,1000.906,"{'m1-1': 162.84, 'm2-1': 28.9, 'm3-1': 29.56, 'm4-1': 27.15, 'm5-1': 25.23, 'm6-1': 105.28, 'm7-1': 10.84, 'm8-1': 0.98}",16.259999999999998,1011.719,1022.5590000000001,inf,1110.906,1110.906
965,T6,BESTEFFORT,COMPLETED,m3-1,1001.12,"{'m1-1': 168.19, 'm2-1': 27.27, 'm3-1': 27.08, 'm4-1': 25.57, 'm5-1': 27.76, 'm6-1': 100.51, 'm7-1': 10.7, 'm8-1': 1.0}",40.62,1001.12,1028.2,inf,1111.12,1111.12
966,T4,BESTEFFORT,COMPLETED,m8-1,1002.472,"{'m1-1': 165.11, 'm2-1': 25.29, 'm3-1': 26.61, 'm4-1': 27.13, 'm5-1': 28.57, 'm6-1': 109.6, 'm7-1': 9.86, 'm8-1': 1.04}",1.56,1005.081,1006.121,inf,1112.472,1112.472
967,T6,BESTEFFORT,COMPLETED,m5-1,1002.552,"{'m1-1': 163.09, 'm2-1': 26.69, 'm3-1': 24.1, 'm4-1': 28.24, 'm5-1': 27.25, 'm6-1': 116.0, 'm7-1': 11.06, 'm8-1': 1.12}",40.875,1002.552,1029.8020000000001,inf,1112.5520000000001,1112.5520000000001
968,T2,BESTEFFORT,COMPLETED,m8-1,1003.552,"{'m1-1': 150.1, 'm2-1': 27.86, 'm3-1': 23.87, 'm4-1': 25.27, 'm5-1': 28.13, 'm6-1': 103.18, 'm7-1': 9.83, 'm8-1': 1.06}",1.59,1006.121,1007.1809999999999,inf,1113.5520000000001,1113.5520000000001
969,T7,BESTEFFORT,COMPLETED,m8-1,1006.819,"{'m1-1': 159.83, 'm2-1': 25.1, 'm3-1': 25.32, 'm4-1': 23.85, 'm5-1': 24.97, 'm6-1': 99.14, 'm7-1': 9.85, 'm8-1': 1.01}",1.5150000000000001,1007.1809999999999,1008.1909999999999,inf,1116.819,1116.819
970,T4,BESTEFFORT,COMPLETED,m8-1,1009.016,"{'m1-1': 171.66, 'm2-1': 25.29, 'm3-1': 25.12, 'm4-1': 24.86, 'm5-1': 29.58, 'm6-1': 101.29, 'm7-1': 11.26, 'm8-1': 1.06}",1.59,1009.016,1010.0759999999999,inf,1119.016,1119.016
971,T6,BESTEFFORT,COMPLETED,m8-1,1009.347,"{'m1-1': 163.23, 'm2-1': 29.21, 'm3-1': 23.25, 'm4-1': 27.68, 'm5-1': 26.06, 'm6-1': 102.75, 'm7-1': 11.12, 'm8-1': 1.12}",1.6800000000000002,1010.0759999999999,1011.1959999999999,inf,1119.347,1119.347
972,T2,BESTEFFORT,COMPLETED,m8-1,1009.913,"{'m1-1': 143.35, 'm2-1': 27.5, 'm3-1': 23.97, 'm4-1': 24.93, 'm5-1': 24.34, 'm6-1': 105.36, 'm7-1': 10.98, 'm8-1': 1.14}",1.71,1011.1959999999999,1012.3359999999999,inf,1119.913,1119.913
973,T5,BESTEFFORT,COMPLETED,m8-1,1012.047,"{'m1-1': 151.3, 'm2-1': 27.96, 'm3-1': 28.1, 'm4-1': 28.03, 'm5-1': 24.55, 'm6-1': 113.93, 'm7-1': 10.54, 'm8-1': 0.99}",1.4849999999999999,1012.3359999999999,1013.3259999999999,inf,1122.047,1122.047
974,T5,BESTEFFORT,COMPLETED,m8-1,1012.99,"{'m1-1': 150.0, 'm2-1': 24.79, 'm3-1': 28.76, 'm4-1': 25.76, 'm5-1': 24.64, 'm6-1': 112.59, 'm7-1': 10.1, 'm8-1': 0.96}",1.44,1013.3259999999999,1014.286,inf,1122.99,1122.99
975,T4,BESTEFFORT,COMPLETED,m8-1,1014.659,"{'m1-1': 162.04, 'm2-1': 24.32, 'm3-1': 27.41, 'm4-1': 28.14, 'm5-1': 26.51, 'm6-1': 99.07, 'm7-1': 10.43, 'm8-1': 1.06}",1.59,1014.659,1015.7189999999999,inf,1124.659,1124.659
976,T6,BESTEFFORT,COMPLETED,m8-1,1017.77,"{'m1-1': 151.06, 'm2-1': 27.11, 'm3-1': 23.72, 'm4-1': 27.15, 'm5-1': 26.9, 'm6-1': 110.03, 'm7-1': 10.38, 'm8-1': 1.15}",1.7249999999999999,1017.77,1018.92,inf,1127.77,1127.77
977,T7,BESTEFFORT,COMPLETED,m8-1,1023.323,"{'m1-1': 159.42, 'm2-1': 25.19, 'm3-1': 25.98, 'm4-1': 27.98, 'm5-1': 26.97, 'm6-1': 112.2, 'm7-1': 10.5, 'm8-1': 1.04}",1.56,1023.323,1024.363,inf,1133.3229999999999,1133.3229999999999
978,T1,BESTEFFORT,COMPLETED,m8-1,1023.827,"{'m1-1': 165.07, 'm2-1': 28.43, 'm3-1': 27.47, 'm4-1': 27.04, 'm5-1': 27.26, 'm6-1': 100.2, 'm7-1': 10.26, 'm8-1': 1.11}",1.665,1024.363,1025.473,inf,1133.827,1133.827
979,T6,BESTEFFORT,COMPLETED,m8-1,1026.14,"{'m1-1': 150.97, 'm2-1': 28.06, 'm3-1': 27.08, 'm4-1': 24.84, 'm5-1': 25.46, 'm6-1': 98.19, 'm7-1': 10.86, 'm8-1': 1.14}",1.71,1026.14,1027.2800000000002,inf,1136.14,1136.14
980,T7,BESTEFFORT,COMPLETED,m8-1,1026.165,"{'m1-1': 160.8, 'm2-1': 27.03, 'm3-1': 23.88, 'm4-1': 25.68, 'm5-1': 25.3, 'm6-1': 110.46, 'm7-1': 9.93, 'm8-1': 1.02}",1.53,1027.2800000000002,1028.3000000000002,inf,1136.165,1136.165
981,T4,BESTEFFORT,COMPLETED,m8-1,1027.768,"{'m1-1': 161.73, 'm2-1': 27.87, 'm3-1': 27.76, 'm4-1': 24.03, 'm5-1': 29.3, 'm6-1': 101.98, 'm7-1': 10.74, 'm8-1': 1.0}",1.5,1028.3000000000002,1029.3000000000002,inf,1137.768,1137.768
982,T6,BESTEFFORT,COMPLETED,m8-1,1029.925,"{'m1-1': 162.74, 'm2-1': 29.09, 'm3-1': 23.34, 'm4-1': 25.41, 'm5-1': 24.47, 'm6-1': 105.33, 'm7-1': 9.99, 'm8-1': 0.99}",1.4849999999999999,1029.925,1030.915,inf,1139.925,1139.925
983,T6,BESTEFFORT,COMPLETED,m8-1,1031.91,"{'m1-1': 169.09, 'm2-1': 27.9, 'm3-1': 24.87, 'm4-1': 27.79, 'm5-1': 25.29, 'm6-1': 111.22, 'm7-1': 10.79, 'm8-1': 1.12}",1.6800000000000002,1031.91,1033.03,inf,1141.91,1141.91
984,T4,BESTEFFORT,COMPLETED,m8-1,1033.008,"{'m1-1': 163.0, 'm2-1': 24.21, 'm3-1': 26.79, 'm4-1': 24.25, 'm5-1': 28.08, 'm6-1': 108.81, 'm7-1': 10.55, 'm8-1': 1.0}",1.5,1033.03,1034.03,inf,1143.008,1143.008
985,T2,BESTEFFORT,COMPLETED,m8-1,1035.259,"{'m1-1': 150.48, 'm2-1': 25.72, 'm3-1': 27.94, 'm4-1': 26.15, 'm5-1': 27.56, 'm6-1': 115.95, 'm7-1': 11.1, 'm8-1': 1.11}",1.665,1035.259,1036.369,inf,1145.259,1145.259
986,T7,BESTEFFORT,COMPLETED,m8-1,1037.952,"{'m1-1': 171.53, 'm2-1': 28.16, 'm3-1': 26.11, 'm4-1': 25.97, 'm5-1': 26.68, 'm6-1': 110.41, 'm7-1': 9.77, 'm8-1': 1.0}",1.5,1037.952,1038.952,inf,1147.952,1147.952
987,T7,BESTEFFORT,COMPLETED,m8-1,1039.839,"{'m1-1': 149.39, 'm2-1': 27.48, 'm3-1': 26.92, 'm4-1': 27.03, 'm5-1': 25.57, 'm6-1': 114.8, 'm7-1': 11.0, 'm8-1': 0.97}",1.455,1039.839,1040.809,inf,1149.839,1149.839
988,T6,BESTEFFORT,COMPLETED,m8-1,1040.612,"{'m1-1': 149.91, 'm2-1': 25.56, 'm3-1': 26.2, 'm4-1': 25.83, 'm5-1': 27.73, 'm6-1': 109.81, 'm7-1': 11.48, 'm8-1': 1.11}",1.665,1040.809,1041.9189999999999,inf,1150.612,1150.612
989,T4,BESTEFFORT,COMPLETED,m8-1,1044.373,"{'m1-1': 155.71, 'm2-1': 25.06, 'm3-1': 27.93, 'm4-1': 24.8, 'm5-1': 27.37, 'm6-1': 104.16, 'm7-1': 10.99, 'm8-1': 0.93}",1.395,1044.373,1045.303,inf,1154.373,1154.373
990,T2,BESTEFFORT,COMPLETED,m8-1,1044.559,"{'m1-1': 148.53, 'm2-1': 27.95, 'm3-1': 24.95, 'm4-1': 27.4, 'm5-1': 25.43, 'm6-1': 117.4, 'm7-1': 11.07, 'm8-1': 1.12}",1.6800000000000002,1045.303,1046.423,inf,1154.559,1154.559
991,T1,BESTEFFORT,COMPLETED,m8-1,1047.899,"{'m1-1': 163.85, 'm2-1': 26.97, 'm3-1': 29.08, 'm4-1': 26.72, 'm5-1': 26.52, 'm6-1': 93.66, 'm7-1': 10.64, 'm8-1': 1.09}",1.6350000000000002,1047.899,1048.9889999999998,inf,1157.899,1157.899
992,T2,BESTEFFORT,COMPLETED,m8-1,1049.914,"{'m1-1': 161.55, 'm2-1': 24.1, 'm3-1': 25.18, 'm4-1': 25.61, 'm5-1': 27.69, 'm6-1': 100.26, 'm7-1': 10.89, 'm8-1': 1.08}",1.62,1049.914,1050.994,inf,1159.914,1159.914
993,T4,BESTEFFORT,COMPLETED,m8-1,1051.816,"{'m1-1': 176.78, 'm2-1': 25.31, 'm3-1': 26.47, 'm4-1': 28.36, 'm5-1': 29.42, 'm6-1': 94.33, 'm7-1': 10.8, 'm8-1': 1.09}",1.6350000000000002,1051.816,1052.906,inf,1161.816,1161.816
994,T1,BESTEFFORT,COMPLETED,m8-1,1083.265,"{'m1-1': 167.6, 'm2-1': 28.27, 'm3-1': 26.0, 'm4-1': 26.31, 'm5-1': 25.5, 'm6-1': 100.28, 'm7-1': 11.01, 'm8-1': 1.14}",1.71,1083.265,1084.4050000000002,inf,1193.265,1193.265
995,T1,BESTEFFORT,COMPLETED,m8-1,1084.386,"{'m1-1': 148.79, 'm2-1': 27.49, 'm3-1': 27.97, 'm4-1': 23.59, 'm5-1': 27.51, 'm6-1': 96.04, 'm7-1': 9.66, 'm8-1': 1.13}",1.6949999999999998,1084.4050000000002,1085.5350000000003,inf,1194.386,1194.386
996,T1,BESTEFFORT,COMPLETED,m8-1,1086.856,"{'m1-1': 162.8, 'm2-1': 28.47, 'm3-1': 28.99, 'm4-1': 25.0, 'm5-1': 26.43, 'm6-1': 102.16, 'm7-1': 10.22, 'm8-1': 1.04}",1.56,1086.856,1087.896,inf,1196.856,1196.856
997,T1,BESTEFFORT,COMPLETED,m8-1,1088.727,"{'m1-1': 148.71, 'm2-1': 24.82, 'm3-1': 26.1, 'm4-1': 27.16, 'm5-1': 26.29, 'm6-1': 105.49, 'm7-1': 10.9, 'm8-1': 1.04}",1.56,1088.727,1089.767,inf,1198.727,1198.727
998,T1,BESTEFFORT,COMPLETED,m8-1,1090.287,"{'m1-1': 150.24, 'm2-1': 25.38, 'm3-1': 26.51, 'm4-1': 23.48, 'm5-1': 24.62, 'm6-1': 103.75, 'm7-1': 10.44, 'm8-1': 1.05}",1.5750000000000002,1090.287,1091.337,inf,1200.287,1200.287
999,T1,BESTEFFORT,COMPLETED,m8-1,1096.536,"{'m1-1': 167.82, 'm2-1': 28.21, 'm3-1': 26.51, 'm4-1': 24.81, 'm5-1': 26.46, 'm6-1': 104.48, 'm7-1': 9.62, 'm8-1': 1.09}",1.6350000000000002,1096.536,1097.626,inf,1206.536,1206.536
