id,type,urgency,status,assigned_machine,arrival_time,execution_time,energy_usage,start_time,completion_time,missed_time,deadline,extended_deadline
0,T4,BESTEFFORT,COMPLETED,m1-1,0.286,"{'m1-1': 1.0, 'm2-1': 114.83, 'm3-1': 109.61, 'm4-1': 9.63, 'm5-1': 11.67, 'm6-1': 11.59, 'm7-1': 113.88, 'm8-1': 95.78}",1.5,0.286,1.286,inf,150.286,150.286
1,T1,BESTEFFORT,COMPLETED,m1-1,0.368,"{'m1-1': 1.02, 'm2-1': 118.25, 'm3-1': 101.14, 'm4-1': 9.66, 'm5-1': 9.47, 'm6-1': 9.6, 'm7-1': 100.2, 'm8-1': 112.36}",1.53,1.286,2.306,inf,150.368,150.368
2,T4,BESTEFFORT,COMPLETED,m1-1,0.464,"{'m1-1': 1.0, 'm2-1': 106.13, 'm3-1': 103.27, 'm4-1': 9.8, 'm5-1': 11.32, 'm6-1': 11.15, 'm7-1': 114.94, 'm8-1': 110.56}",1.5,2.306,3.306,inf,150.464,150.464
3,T1,BESTEFFORT,COMPLETED,m1-1,0.853,"{'m1-1': 1.17, 'm2-1': 112.45, 'm3-1': 107.99, 'm4-1': 9.75, 'm5-1': 10.54, 'm6-1': 10.97, 'm7-1': 109.68, 'm8-1': 98.28}",1.755,3.306,4.476,inf,150.853,150.853
4,T4,BESTEFFORT,COMPLETED,m1-1,1.995,"{'m1-1': 1.02, 'm2-1': 102.78, 'm3-1': 104.92, 'm4-1': 11.04, 'm5-1': 11.5, 'm6-1': 11.02, 'm7-1': 104.24, 'm8-1': 98.18}",1.53,4.476,5.496,inf,151.995,151.995
5,T3,BESTEFFORT,COMPLETED,m4-1,2.054,"{'m1-1': 0.96, 'm2-1': 106.3, 'm3-1': 115.27, 'm4-1': 11.29, 'm5-1': 11.08, 'm6-1': 11.18, 'm7-1': 98.55, 'm8-1': 107.09}",16.935,2.054,13.344,inf,152.054,152.054
6,T2,BESTEFFORT,COMPLETED,m1-1,2.504,"{'m1-1': 1.0, 'm2-1': 107.72, 'm3-1': 106.55, 'm4-1': 11.24, 'm5-1': 10.64, 'm6-1': 11.59, 'm7-1': 102.02, 'm8-1': 109.95}",1.5,5.496,6.496,inf,152.504,152.504
7,T1,BESTEFFORT,COMPLETED,m5-1,2.581,"{'m1-1': 1.16, 'm2-1': 107.34, 'm3-1': 108.61, 'm4-1': 10.88, 'm5-1': 9.57, 'm6-1': 9.64, 'm7-1': 97.89, 'm8-1': 101.41}",14.355,2.581,12.151,inf,152.581,152.581
8,T3,BESTEFFORT,COMPLETED,m6-1,2.587,"{'m1-1': 1.04, 'm2-1': 109.49, 'm3-1': 117.06, 'm4-1': 10.86, 'm5-1': 11.37, 'm6-1': 9.95, 'm7-1': 108.73, 'm8-1': 100.38}",14.924999999999999,2.587,12.536999999999999,inf,152.587,152.587
9,T1,BESTEFFORT,COMPLETED,m5-1,2.924,"{'m1-1': 1.16, 'm2-1': 116.36, 'm3-1': 117.93, 'm4-1': 10.91, 'm5-1': 10.87, 'm6-1': 11.22, 'm7-1': 93.73, 'm8-1': 96.99}",16.305,12.151,23.021,inf,152.924,152.924
10,T1,BESTEFFORT,COMPLETED,m4-1,2.939,"{'m1-1': 1.13, 'm2-1': 118.89, 'm3-1': 111.75, 'm4-1': 11.28, 'm5-1': 9.81, 'm6-1': 10.82, 'm7-1': 95.6, 'm8-1': 95.97}",16.919999999999998,13.344,24.624,inf,152.939,152.939
11,T2,BESTEFFORT,COMPLETED,m6-1,3.286,"{'m1-1': 0.98, 'm2-1': 107.56, 'm3-1': 94.62, 'm4-1': 10.92, 'm5-1': 10.95, 'm6-1': 10.53, 'm7-1': 102.01, 'm8-1': 109.7}",15.794999999999998,12.536999999999999,23.067,inf,153.286,153.286
12,T3,BESTEFFORT,COMPLETED,m1-1,3.405,"{'m1-1': 1.01, 'm2-1': 101.68, 'm3-1': 101.18, 'm4-1': 10.68, 'm5-1': 10.23, 'm6-1': 9.77, 'm7-1': 110.45, 'm8-1': 110.09}",1.5150000000000001,6.496,7.506,inf,153.405,153.405
13,T4,BESTEFFORT,COMPLETED,m4-1,3.648,"{'m1-1': 1.15, 'm2-1': 103.34, 'm3-1': 109.39, 'm4-1': 10.61, 'm5-1': 11.06, 'm6-1': 11.41, 'm7-1': 104.15, 'm8-1': 100.23}",15.915,24.624,35.233999999999995,inf,153.648,153.648
14,T1,BESTEFFORT,COMPLETED,m5-1,3.765,"{'m1-1': 1.17, 'm2-1': 109.52, 'm3-1': 111.04, 'm4-1': 11.38, 'm5-1': 10.35, 'm6-1': 9.6, 'm7-1': 100.07, 'm8-1': 100.4}",15.524999999999999,23.021,33.371,inf,153.765,153.765
15,T2,BESTEFFORT,COMPLETED,m6-1,3.784,"{'m1-1': 0.99, 'm2-1': 107.7, 'm3-1': 100.92, 'm4-1': 10.72, 'm5-1': 10.57, 'm6-1': 11.04, 'm7-1': 99.67, 'm8-1': 101.3}",16.56,23.067,34.107,inf,153.784,153.784
16,T3,BESTEFFORT,COMPLETED,m4-1,3.97,"{'m1-1': 1.05, 'm2-1': 108.03, 'm3-1': 100.95, 'm4-1': 11.12, 'm5-1': 11.12, 'm6-1': 9.74, 'm7-1': 100.1, 'm8-1': 93.92}",16.68,35.233999999999995,46.35399999999999,inf,153.97,153.97
17,T4,BESTEFFORT,COMPLETED,m1-1,4.63,"{'m1-1': 1.13, 'm2-1': 108.14, 'm3-1': 108.59, 'm4-1': 10.01, 'm5-1': 11.15, 'm6-1': 10.47, 'm7-1': 102.89, 'm8-1': 97.79}",1.6949999999999998,7.506,8.636,inf,154.63,154.63
18,T3,BESTEFFORT,COMPLETED,m5-1,5.1,"{'m1-1': 1.01, 'm2-1': 94.04, 'm3-1': 117.84, 'm4-1': 10.77, 'm5-1': 11.34, 'm6-1': 11.24, 'm7-1': 109.7, 'm8-1': 106.92}",17.009999999999998,33.371,44.711,inf,155.1,155.1
19,T1,BESTEFFORT,COMPLETED,m6-1,5.103,"{'m1-1': 1.16, 'm2-1': 102.6, 'm3-1': 107.99, 'm4-1': 10.76, 'm5-1': 10.91, 'm6-1': 10.96, 'm7-1': 103.04, 'm8-1': 104.28}",16.44,34.107,45.067,inf,155.103,155.103
20,T2,BESTEFFORT,COMPLETED,m3-1,5.455,"{'m1-1': 1.0, 'm2-1': 105.09, 'm3-1': 102.87, 'm4-1': 11.49, 'm5-1': 10.38, 'm6-1': 10.99, 'm7-1': 109.46, 'm8-1': 93.98}",154.305,5.455,108.325,inf,155.455,155.455
21,T4,BESTEFFORT,COMPLETED,m1-1,5.557,"{'m1-1': 1.11, 'm2-1': 103.26, 'm3-1': 94.29, 'm4-1': 10.24, 'm5-1': 11.52, 'm6-1': 11.27, 'm7-1': 109.77, 'm8-1': 101.68}",1.665,8.636,9.745999999999999,inf,155.557,155.557
22,T2,BESTEFFORT,COMPLETED,m8-1,5.637,"{'m1-1': 0.97, 'm2-1': 97.88, 'm3-1': 101.24, 'm4-1': 10.64, 'm5-1': 10.31, 'm6-1': 10.94, 'm7-1': 116.31, 'm8-1': 103.82}",155.73,5.637,109.457,inf,155.637,155.637
23,T3,BESTEFFORT,COMPLETED,m7-1,6.274,"{'m1-1': 1.03, 'm2-1': 105.57, 'm3-1': 112.38, 'm4-1': 11.67, 'm5-1': 10.24, 'm6-1': 10.92, 'm7-1': 106.14, 'm8-1': 105.57}",159.21,6.274,112.414,inf,156.274,156.274
24,T1,BESTEFFORT,COMPLETED,m2-1,6.298,"{'m1-1': 1.09, 'm2-1': 111.46, 'm3-1': 107.37, 'm4-1': 9.89, 'm5-1': 10.46, 'm6-1': 11.16, 'm7-1': 104.53, 'm8-1': 98.71}",167.19,6.298,117.758,inf,156.298,156.298
25,T1,BESTEFFORT,MISSED,m7-1,6.409,"{'m1-1': 1.18, 'm2-1': 111.01, 'm3-1': 107.67, 'm4-1': 10.88, 'm5-1': 10.83, 'm6-1': 10.28, 'm7-1': 107.44, 'm8-1': 95.45}",65.99249999999998,112.414,inf,156.409,156.409,156.409
26,T1,BESTEFFORT,COMPLETED,m1-1,6.597,"{'m1-1': 1.09, 'm2-1': 112.25, 'm3-1': 107.03, 'm4-1': 9.78, 'm5-1': 10.43, 'm6-1': 10.31, 'm7-1': 103.4, 'm8-1': 101.51}",1.6350000000000002,9.745999999999999,10.835999999999999,inf,156.597,156.597
27,T3,BESTEFFORT,MISSED,m3-1,6.611,"{'m1-1': 1.0, 'm2-1': 101.16, 'm3-1': 116.12, 'm4-1': 10.25, 'm5-1': 11.72, 'm6-1': 9.74, 'm7-1': 98.02, 'm8-1': 93.79}",72.42899999999997,108.325,inf,156.611,156.611,156.611
28,T1,BESTEFFORT,MISSED,m8-1,6.794,"{'m1-1': 1.09, 'm2-1': 109.55, 'm3-1': 112.02, 'm4-1': 10.2, 'm5-1': 10.17, 'm6-1': 10.84, 'm7-1': 94.93, 'm8-1': 105.28}",71.00550000000003,109.457,inf,156.794,156.794,156.794
29,T3,BESTEFFORT,MISSED,m2-1,6.869,"{'m1-1': 1.09, 'm2-1': 100.51, 'm3-1': 101.44, 'm4-1': 10.22, 'm5-1': 11.67, 'm6-1': 10.92, 'm7-1': 113.21, 'm8-1': 101.11}",58.666500000000006,117.758,inf,156.869,156.869,156.869
30,T2,BESTEFFORT,MISSED,m3-1,7.359,"{'m1-1': 1.0, 'm2-1': 109.25, 'm3-1': 102.1, 'm4-1': 11.33, 'm5-1': 10.75, 'm6-1': 10.64, 'm7-1': 102.8, 'm8-1': 102.12}",1.1220000000000283,156.611,inf,157.359,157.359,157.359
31,T1,BESTEFFORT,MISSED,m7-1,7.497,"{'m1-1': 1.0, 'm2-1': 112.52, 'm3-1': 112.02, 'm4-1': 10.18, 'm5-1': 10.81, 'm6-1': 10.24, 'm7-1': 96.15, 'm8-1': 103.21}",1.6320000000000334,156.409,inf,157.497,157.497,157.497
32,T4,BESTEFFORT,COMPLETED,m1-1,7.726,"{'m1-1': 1.05, 'm2-1': 117.22, 'm3-1': 100.26, 'm4-1': 9.85, 'm5-1': 10.98, 'm6-1': 10.31, 'm7-1': 111.14, 'm8-1': 107.98}",1.5750000000000002,10.835999999999999,11.886,inf,157.726,157.726
33,T2,BESTEFFORT,MISSED,m8-1,8.413,"{'m1-1': 1.04, 'm2-1': 112.45, 'm3-1': 102.35, 'm4-1': 11.05, 'm5-1': 11.53, 'm6-1': 11.0, 'm7-1': 109.41, 'm8-1': 93.78}",2.4284999999999997,156.794,inf,158.413,158.413,158.413
34,T1,BESTEFFORT,MISSED,m7-1,8.446,"{'m1-1': 1.14, 'm2-1': 112.89, 'm3-1': 100.72, 'm4-1': 11.22, 'm5-1': 10.56, 'm6-1': 10.62, 'm7-1': 102.28, 'm8-1': 110.07}",1.4234999999999758,157.497,inf,158.446,158.446,158.446
35,T1,BESTEFFORT,COMPLETED,m1-1,8.659,"{'m1-1': 1.06, 'm2-1': 116.35, 'm3-1': 106.41, 'm4-1': 9.82, 'm5-1': 10.51, 'm6-1': 9.96, 'm7-1': 95.49, 'm8-1': 97.17}",1.59,11.886,12.946,inf,158.659,158.659
36,T3,BESTEFFORT,MISSED,m2-1,8.666,"{'m1-1': 0.98, 'm2-1': 94.59, 'm3-1': 111.38, 'm4-1': 10.29, 'm5-1': 10.08, 'm6-1': 10.1, 'm7-1': 113.54, 'm8-1': 103.7}",2.6954999999999956,156.869,inf,158.666,158.666,158.666
37,T3,BESTEFFORT,MISSED,m8-1,8.836,"{'m1-1': 1.08, 'm2-1': 94.1, 'm3-1': 113.56, 'm4-1': 11.4, 'm5-1': 11.72, 'm6-1': 10.27, 'm7-1': 109.25, 'm8-1': 93.24}",0.6345000000000027,158.413,inf,158.836,158.836,158.836
38,T4,BESTEFFORT,MISSED,m3-1,9.149,"{'m1-1': 1.12, 'm2-1': 114.64, 'm3-1': 99.75, 'm4-1': 10.56, 'm5-1': 11.25, 'm6-1': 10.15, 'm7-1': 115.24, 'm8-1': 110.13}",2.684999999999988,157.359,inf,159.149,159.149,159.149
39,T2,BESTEFFORT,MISSED,m2-1,9.214,"{'m1-1': 1.02, 'm2-1': 110.91, 'm3-1': 111.69, 'm4-1': 11.58, 'm5-1': 10.5, 'm6-1': 10.44, 'm7-1': 111.79, 'm8-1': 101.23}",0.8220000000000027,158.666,inf,159.214,159.214,159.214
40,T4,BESTEFFORT,COMPLETED,m1-1,9.349,"{'m1-1': 1.14, 'm2-1': 107.4, 'm3-1': 101.17, 'm4-1': 10.44, 'm5-1': 9.92, 'm6-1': 10.43, 'm7-1': 99.06, 'm8-1': 105.71}",1.71,12.946,14.086,inf,159.349,159.349
41,T4,BESTEFFORT,COMPLETED,m1-1,9.512,"{'m1-1': 1.05, 'm2-1': 117.62, 'm3-1': 104.46, 'm4-1': 9.92, 'm5-1': 10.15, 'm6-1': 11.68, 'm7-1': 99.25, 'm8-1': 95.42}",1.5750000000000002,14.086,15.136000000000001,inf,159.512,159.512
42,T4,BESTEFFORT,COMPLETED,m1-1,10.084,"{'m1-1': 1.03, 'm2-1': 103.92, 'm3-1': 102.68, 'm4-1': 10.18, 'm5-1': 11.51, 'm6-1': 10.28, 'm7-1': 108.93, 'm8-1': 100.79}",1.545,15.136000000000001,16.166,inf,160.084,160.084
43,T4,BESTEFFORT,COMPLETED,m5-1,10.571,"{'m1-1': 1.16, 'm2-1': 118.52, 'm3-1': 108.6, 'm4-1': 9.6, 'm5-1': 11.3, 'm6-1': 10.6, 'm7-1': 117.35, 'm8-1': 112.91}",16.950000000000003,44.711,56.010999999999996,inf,160.571,160.571
44,T2,BESTEFFORT,COMPLETED,m6-1,11.115,"{'m1-1': 1.07, 'm2-1': 108.63, 'm3-1': 99.55, 'm4-1': 11.53, 'm5-1': 11.54, 'm6-1': 10.34, 'm7-1': 111.21, 'm8-1': 101.99}",15.51,45.067,55.407,inf,161.115,161.115
45,T4,BESTEFFORT,COMPLETED,m1-1,11.428,"{'m1-1': 1.1, 'm2-1': 113.83, 'm3-1': 99.35, 'm4-1': 10.2, 'm5-1': 10.51, 'm6-1': 11.31, 'm7-1': 107.82, 'm8-1': 108.24}",1.6500000000000001,16.166,17.266000000000002,inf,161.428,161.428
46,T3,BESTEFFORT,COMPLETED,m4-1,11.462,"{'m1-1': 1.02, 'm2-1': 96.07, 'm3-1': 110.66, 'm4-1': 10.33, 'm5-1': 10.41, 'm6-1': 10.34, 'm7-1': 106.03, 'm8-1': 109.84}",15.495000000000001,46.35399999999999,56.68399999999999,inf,161.462,161.462
47,T4,BESTEFFORT,COMPLETED,m1-1,11.586,"{'m1-1': 1.09, 'm2-1': 103.38, 'm3-1': 110.37, 'm4-1': 10.38, 'm5-1': 10.68, 'm6-1': 10.82, 'm7-1': 100.1, 'm8-1': 98.84}",1.6350000000000002,17.266000000000002,18.356,inf,161.586,161.586
48,T1,BESTEFFORT,COMPLETED,m1-1,11.639,"{'m1-1': 1.12, 'm2-1': 105.56, 'm3-1': 115.44, 'm4-1': 10.32, 'm5-1': 10.08, 'm6-1': 10.9, 'm7-1': 108.39, 'm8-1': 103.57}",1.6800000000000002,18.356,19.476000000000003,inf,161.639,161.639
49,T2,BESTEFFORT,COMPLETED,m1-1,11.977,"{'m1-1': 1.06, 'm2-1': 105.14, 'm3-1': 96.68, 'm4-1': 9.95, 'm5-1': 11.34, 'm6-1': 10.94, 'm7-1': 100.7, 'm8-1': 109.32}",1.59,19.476000000000003,20.536,inf,161.977,161.977
50,T3,BESTEFFORT,COMPLETED,m1-1,12.024,"{'m1-1': 0.95, 'm2-1': 106.03, 'm3-1': 103.25, 'm4-1': 10.1, 'm5-1': 11.1, 'm6-1': 10.42, 'm7-1': 108.33, 'm8-1': 108.28}",1.4249999999999998,20.536,21.486,inf,162.024,162.024
51,T3,BESTEFFORT,COMPLETED,m1-1,12.738,"{'m1-1': 1.11, 'm2-1': 97.17, 'm3-1': 109.15, 'm4-1': 10.15, 'm5-1': 11.8, 'm6-1': 11.35, 'm7-1': 111.49, 'm8-1': 98.41}",1.665,21.486,22.596,inf,162.738,162.738
52,T4,BESTEFFORT,COMPLETED,m1-1,12.746,"{'m1-1': 1.15, 'm2-1': 116.89, 'm3-1': 100.5, 'm4-1': 10.2, 'm5-1': 10.8, 'm6-1': 10.4, 'm7-1': 111.31, 'm8-1': 107.43}",1.7249999999999999,22.596,23.746,inf,162.746,162.746
53,T3,BESTEFFORT,COMPLETED,m1-1,13.006,"{'m1-1': 1.04, 'm2-1': 97.0, 'm3-1': 108.36, 'm4-1': 10.02, 'm5-1': 11.32, 'm6-1': 9.91, 'm7-1': 109.36, 'm8-1': 110.09}",1.56,23.746,24.785999999999998,inf,163.006,163.006
54,T2,BESTEFFORT,COMPLETED,m1-1,13.16,"{'m1-1': 1.06, 'm2-1': 109.87, 'm3-1': 94.35, 'm4-1': 9.92, 'm5-1': 11.16, 'm6-1': 10.25, 'm7-1': 109.24, 'm8-1': 93.96}",1.59,24.785999999999998,25.845999999999997,inf,163.16,163.16
55,T4,BESTEFFORT,COMPLETED,m1-1,13.379,"{'m1-1': 1.1, 'm2-1': 110.72, 'm3-1': 109.08, 'm4-1': 9.51, 'm5-1': 10.94, 'm6-1': 11.12, 'm7-1': 111.22, 'm8-1': 108.88}",1.6500000000000001,25.845999999999997,26.945999999999998,inf,163.379,163.379
56,T3,BESTEFFORT,COMPLETED,m5-1,13.435,"{'m1-1': 1.06, 'm2-1': 110.81, 'm3-1': 104.34, 'm4-1': 11.61, 'm5-1': 11.7, 'm6-1': 11.21, 'm7-1': 98.21, 'm8-1': 93.34}",17.549999999999997,56.010999999999996,67.711,inf,163.435,163.435
57,T1,BESTEFFORT,COMPLETED,m6-1,13.503,"{'m1-1': 1.01, 'm2-1': 113.32, 'm3-1': 117.52, 'm4-1': 11.3, 'm5-1': 10.23, 'm6-1': 10.34, 'm7-1': 94.24, 'm8-1': 95.16}",15.51,55.407,65.747,inf,163.503,163.503
58,T3,BESTEFFORT,COMPLETED,m1-1,13.612,"{'m1-1': 1.11, 'm2-1': 103.3, 'm3-1': 100.09, 'm4-1': 10.37, 'm5-1': 11.32, 'm6-1': 9.88, 'm7-1': 109.36, 'm8-1': 105.02}",1.665,26.945999999999998,28.055999999999997,inf,163.612,163.612
59,T3,BESTEFFORT,COMPLETED,m4-1,13.882,"{'m1-1': 0.96, 'm2-1': 105.24, 'm3-1': 118.0, 'm4-1': 10.4, 'm5-1': 10.63, 'm6-1': 10.23, 'm7-1': 107.64, 'm8-1': 107.92}",15.600000000000001,56.68399999999999,67.08399999999999,inf,163.882,163.882
60,T4,BESTEFFORT,COMPLETED,m1-1,14.223,"{'m1-1': 1.07, 'm2-1': 111.44, 'm3-1': 98.19, 'm4-1': 10.8, 'm5-1': 11.44, 'm6-1': 10.66, 'm7-1': 111.22, 'm8-1': 109.48}",1.605,28.055999999999997,29.125999999999998,inf,164.223,164.223
61,T1,BESTEFFORT,COMPLETED,m1-1,14.677,"{'m1-1': 1.17, 'm2-1': 114.4, 'm3-1': 117.09, 'm4-1': 10.02, 'm5-1': 9.89, 'm6-1': 11.03, 'm7-1': 97.19, 'm8-1': 96.22}",1.755,29.125999999999998,30.296,inf,164.677,164.677
62,T1,BESTEFFORT,COMPLETED,m1-1,15.153,"{'m1-1': 1.1, 'm2-1': 107.41, 'm3-1': 104.72, 'm4-1': 10.47, 'm5-1': 10.21, 'm6-1': 9.69, 'm7-1': 96.17, 'm8-1': 97.03}",1.6500000000000001,30.296,31.396,inf,165.153,165.153
63,T1,BESTEFFORT,COMPLETED,m1-1,15.171,"{'m1-1': 1.02, 'm2-1': 116.73, 'm3-1': 116.81, 'm4-1': 10.94, 'm5-1': 9.84, 'm6-1': 11.04, 'm7-1': 95.14, 'm8-1': 105.51}",1.53,31.396,32.416000000000004,inf,165.171,165.171
64,T4,BESTEFFORT,COMPLETED,m1-1,15.26,"{'m1-1': 1.14, 'm2-1': 117.04, 'm3-1': 104.45, 'm4-1': 10.62, 'm5-1': 10.44, 'm6-1': 11.06, 'm7-1': 110.48, 'm8-1': 95.06}",1.71,32.416000000000004,33.556000000000004,inf,165.26,165.26
65,T1,BESTEFFORT,COMPLETED,m1-1,15.3,"{'m1-1': 1.17, 'm2-1': 116.46, 'm3-1': 108.6, 'm4-1': 10.44, 'm5-1': 10.43, 'm6-1': 9.86, 'm7-1': 95.7, 'm8-1': 106.74}",1.755,33.556000000000004,34.726000000000006,inf,165.3,165.3
66,T2,BESTEFFORT,COMPLETED,m1-1,15.669,"{'m1-1': 1.04, 'm2-1': 103.4, 'm3-1': 98.18, 'm4-1': 10.48, 'm5-1': 11.6, 'm6-1': 9.85, 'm7-1': 114.13, 'm8-1': 93.88}",1.56,34.726000000000006,35.766000000000005,inf,165.669,165.669
67,T3,BESTEFFORT,COMPLETED,m1-1,16.185,"{'m1-1': 0.94, 'm2-1': 108.62, 'm3-1': 117.31, 'm4-1': 11.52, 'm5-1': 11.34, 'm6-1': 10.09, 'm7-1': 113.96, 'm8-1': 99.0}",1.41,35.766000000000005,36.706,inf,166.185,166.185
68,T4,BESTEFFORT,COMPLETED,m5-1,16.545,"{'m1-1': 1.18, 'm2-1': 115.08, 'm3-1': 96.07, 'm4-1': 10.2, 'm5-1': 11.11, 'm6-1': 10.76, 'm7-1': 106.24, 'm8-1': 104.03}",16.665,67.711,78.821,inf,166.54500000000002,166.54500000000002
69,T1,BESTEFFORT,COMPLETED,m1-1,16.568,"{'m1-1': 1.17, 'm2-1': 109.68, 'm3-1': 107.51, 'm4-1': 10.92, 'm5-1': 10.33, 'm6-1': 10.74, 'm7-1': 109.11, 'm8-1': 102.35}",1.755,36.706,37.876000000000005,inf,166.568,166.568
70,T1,BESTEFFORT,COMPLETED,m6-1,16.947,"{'m1-1': 1.05, 'm2-1': 113.87, 'm3-1': 118.1, 'm4-1': 9.66, 'm5-1': 10.61, 'm6-1': 10.43, 'm7-1': 96.67, 'm8-1': 102.92}",15.645,65.747,76.17699999999999,inf,166.947,166.947
71,T3,BESTEFFORT,COMPLETED,m1-1,17.602,"{'m1-1': 1.03, 'm2-1': 94.41, 'm3-1': 108.57, 'm4-1': 11.26, 'm5-1': 10.73, 'm6-1': 10.48, 'm7-1': 108.11, 'm8-1': 106.17}",1.545,37.876000000000005,38.906000000000006,inf,167.602,167.602
72,T4,BESTEFFORT,COMPLETED,m4-1,17.687,"{'m1-1': 1.12, 'm2-1': 102.33, 'm3-1': 97.71, 'm4-1': 11.22, 'm5-1': 9.93, 'm6-1': 11.26, 'm7-1': 102.37, 'm8-1': 104.54}",16.830000000000002,67.08399999999999,78.30399999999999,inf,167.687,167.687
73,T4,BESTEFFORT,COMPLETED,m1-1,17.886,"{'m1-1': 1.03, 'm2-1': 102.0, 'm3-1': 94.58, 'm4-1': 10.33, 'm5-1': 11.44, 'm6-1': 11.66, 'm7-1': 112.25, 'm8-1': 108.29}",1.545,38.906000000000006,39.93600000000001,inf,167.886,167.886
74,T4,BESTEFFORT,COMPLETED,m1-1,18.012,"{'m1-1': 1.08, 'm2-1': 105.59, 'm3-1': 102.72, 'm4-1': 11.02, 'm5-1': 11.56, 'm6-1': 10.31, 'm7-1': 101.61, 'm8-1': 108.24}",1.62,39.93600000000001,41.016000000000005,inf,168.012,168.012
75,T2,BESTEFFORT,COMPLETED,m1-1,18.111,"{'m1-1': 0.95, 'm2-1': 109.9, 'm3-1': 110.96, 'm4-1': 10.07, 'm5-1': 10.39, 'm6-1': 10.61, 'm7-1': 114.27, 'm8-1': 108.02}",1.4249999999999998,41.016000000000005,41.96600000000001,inf,168.111,168.111
76,T4,BESTEFFORT,COMPLETED,m1-1,18.29,"{'m1-1': 1.07, 'm2-1': 112.18, 'm3-1': 99.34, 'm4-1': 11.19, 'm5-1': 10.88, 'm6-1': 10.14, 'm7-1': 113.71, 'm8-1': 103.85}",1.605,41.96600000000001,43.03600000000001,inf,168.29,168.29
77,T4,BESTEFFORT,COMPLETED,m1-1,18.298,"{'m1-1': 1.16, 'm2-1': 102.2, 'm3-1': 106.2, 'm4-1': 11.08, 'm5-1': 10.51, 'm6-1': 10.88, 'm7-1': 114.46, 'm8-1': 107.48}",1.7399999999999998,43.03600000000001,44.196000000000005,inf,168.298,168.298
78,T2,BESTEFFORT,COMPLETED,m1-1,18.702,"{'m1-1': 1.08, 'm2-1': 109.24, 'm3-1': 107.98, 'm4-1': 10.02, 'm5-1': 11.22, 'm6-1': 9.85, 'm7-1': 100.3, 'm8-1': 103.65}",1.62,44.196000000000005,45.276,inf,168.702,168.702
79,T1,BESTEFFORT,COMPLETED,m1-1,18.712,"{'m1-1': 1.1, 'm2-1': 110.47, 'm3-1': 110.87, 'm4-1': 10.28, 'm5-1': 10.84, 'm6-1': 10.32, 'm7-1': 108.04, 'm8-1': 101.19}",1.6500000000000001,45.276,46.376000000000005,inf,168.712,168.712
80,T4,BESTEFFORT,COMPLETED,m1-1,18.745,"{'m1-1': 1.11, 'm2-1': 114.36, 'm3-1': 109.39, 'm4-1': 10.58, 'm5-1': 11.38, 'm6-1': 10.47, 'm7-1': 113.26, 'm8-1': 98.6}",1.665,46.376000000000005,47.486000000000004,inf,168.745,168.745
81,T1,BESTEFFORT,COMPLETED,m1-1,18.776,"{'m1-1': 1.05, 'm2-1': 107.42, 'm3-1': 117.11, 'm4-1': 10.54, 'm5-1': 10.69, 'm6-1': 9.61, 'm7-1': 97.26, 'm8-1': 98.36}",1.5750000000000002,47.486000000000004,48.536,inf,168.776,168.776
82,T3,BESTEFFORT,COMPLETED,m5-1,18.813,"{'m1-1': 1.02, 'm2-1': 103.37, 'm3-1': 102.29, 'm4-1': 10.72, 'm5-1': 10.86, 'm6-1': 11.2, 'm7-1': 101.93, 'm8-1': 105.02}",16.29,78.821,89.681,inf,168.813,168.813
83,T4,BESTEFFORT,COMPLETED,m6-1,18.903,"{'m1-1': 1.18, 'm2-1': 109.64, 'm3-1': 95.21, 'm4-1': 10.62, 'm5-1': 11.67, 'm6-1': 11.65, 'm7-1': 114.54, 'm8-1': 95.19}",17.475,76.17699999999999,87.827,inf,168.903,168.903
84,T3,BESTEFFORT,COMPLETED,m1-1,19.133,"{'m1-1': 0.95, 'm2-1': 109.01, 'm3-1': 110.32, 'm4-1': 10.99, 'm5-1': 10.85, 'm6-1': 10.48, 'm7-1': 106.03, 'm8-1': 96.46}",1.4249999999999998,48.536,49.486000000000004,inf,169.133,169.133
85,T4,BESTEFFORT,COMPLETED,m4-1,19.685,"{'m1-1': 1.14, 'm2-1': 114.44, 'm3-1': 105.45, 'm4-1': 11.14, 'm5-1': 10.45, 'm6-1': 11.48, 'm7-1': 108.09, 'm8-1': 109.49}",16.71,78.30399999999999,89.44399999999999,inf,169.685,169.685
86,T1,BESTEFFORT,COMPLETED,m1-1,19.896,"{'m1-1': 1.17, 'm2-1': 110.36, 'm3-1': 113.4, 'm4-1': 10.87, 'm5-1': 10.12, 'm6-1': 10.64, 'm7-1': 101.85, 'm8-1': 101.07}",1.755,49.486000000000004,50.656000000000006,inf,169.89600000000002,169.89600000000002
87,T3,BESTEFFORT,COMPLETED,m1-1,20.242,"{'m1-1': 1.07, 'm2-1': 108.15, 'm3-1': 116.31, 'm4-1': 10.31, 'm5-1': 11.63, 'm6-1': 10.57, 'm7-1': 110.81, 'm8-1': 97.56}",1.605,50.656000000000006,51.726000000000006,inf,170.242,170.242
88,T2,BESTEFFORT,COMPLETED,m1-1,20.417,"{'m1-1': 1.04, 'm2-1': 109.83, 'm3-1': 96.76, 'm4-1': 11.24, 'm5-1': 10.63, 'm6-1': 11.61, 'm7-1': 101.74, 'm8-1': 102.14}",1.56,51.726000000000006,52.766000000000005,inf,170.417,170.417
89,T3,BESTEFFORT,COMPLETED,m1-1,20.565,"{'m1-1': 1.0, 'm2-1': 96.65, 'm3-1': 106.26, 'm4-1': 10.78, 'm5-1': 11.49, 'm6-1': 11.32, 'm7-1': 101.28, 'm8-1': 97.98}",1.5,52.766000000000005,53.766000000000005,inf,170.565,170.565
90,T3,BESTEFFORT,COMPLETED,m1-1,20.774,"{'m1-1': 1.08, 'm2-1': 105.12, 'm3-1': 109.48, 'm4-1': 10.31, 'm5-1': 11.53, 'm6-1': 10.23, 'm7-1': 105.59, 'm8-1': 108.92}",1.62,53.766000000000005,54.846000000000004,inf,170.774,170.774
91,T2,BESTEFFORT,COMPLETED,m1-1,21.252,"{'m1-1': 0.94, 'm2-1': 111.42, 'm3-1': 109.19, 'm4-1': 11.48, 'm5-1': 11.4, 'm6-1': 11.21, 'm7-1': 112.66, 'm8-1': 107.41}",1.41,54.846000000000004,55.786,inf,171.252,171.252
92,T3,BESTEFFORT,COMPLETED,m1-1,21.39,"{'m1-1': 1.04, 'm2-1': 93.5, 'm3-1': 111.38, 'm4-1': 11.39, 'm5-1': 9.98, 'm6-1': 10.68, 'm7-1': 101.02, 'm8-1': 94.71}",1.56,55.786,56.826,inf,171.39,171.39
93,T4,BESTEFFORT,COMPLETED,m1-1,21.631,"{'m1-1': 1.11, 'm2-1': 104.0, 'm3-1': 109.65, 'm4-1': 10.87, 'm5-1': 10.06, 'm6-1': 11.68, 'm7-1': 114.47, 'm8-1': 98.06}",1.665,56.826,57.936,inf,171.631,171.631
94,T4,BESTEFFORT,COMPLETED,m1-1,21.854,"{'m1-1': 1.03, 'm2-1': 114.7, 'm3-1': 106.65, 'm4-1': 10.68, 'm5-1': 10.68, 'm6-1': 10.62, 'm7-1': 112.11, 'm8-1': 98.58}",1.545,57.936,58.966,inf,171.85399999999998,171.85399999999998
95,T1,BESTEFFORT,COMPLETED,m6-1,21.912,"{'m1-1': 1.07, 'm2-1': 112.46, 'm3-1': 106.73, 'm4-1': 10.52, 'm5-1': 10.15, 'm6-1': 11.32, 'm7-1': 102.16, 'm8-1': 105.46}",16.98,87.827,99.14699999999999,inf,171.912,171.912
96,T4,BESTEFFORT,COMPLETED,m1-1,21.999,"{'m1-1': 1.02, 'm2-1': 109.7, 'm3-1': 104.7, 'm4-1': 10.76, 'm5-1': 11.65, 'm6-1': 10.36, 'm7-1': 116.54, 'm8-1': 99.11}",1.53,58.966,59.986000000000004,inf,171.999,171.999
97,T3,BESTEFFORT,COMPLETED,m5-1,22.05,"{'m1-1': 1.06, 'm2-1': 105.94, 'm3-1': 99.53, 'm4-1': 11.75, 'm5-1': 11.4, 'm6-1': 9.84, 'm7-1': 113.33, 'm8-1': 95.91}",17.1,89.681,101.081,inf,172.05,172.05
98,T2,BESTEFFORT,COMPLETED,m4-1,22.067,"{'m1-1': 1.08, 'm2-1': 108.24, 'm3-1': 108.1, 'm4-1': 11.02, 'm5-1': 11.78, 'm6-1': 9.83, 'm7-1': 110.84, 'm8-1': 109.59}",16.53,89.44399999999999,100.46399999999998,inf,172.067,172.067
99,T1,BESTEFFORT,COMPLETED,m1-1,22.18,"{'m1-1': 1.12, 'm2-1': 117.89, 'm3-1': 110.36, 'm4-1': 9.65, 'm5-1': 10.62, 'm6-1': 11.4, 'm7-1': 100.0, 'm8-1': 106.27}",1.6800000000000002,59.986000000000004,61.106,inf,172.18,172.18
100,T4,BESTEFFORT,COMPLETED,m1-1,22.239,"{'m1-1': 1.17, 'm2-1': 113.91, 'm3-1': 103.62, 'm4-1': 10.06, 'm5-1': 10.77, 'm6-1': 11.16, 'm7-1': 100.27, 'm8-1': 107.33}",1.755,61.106,62.276,inf,172.239,172.239
101,T1,BESTEFFORT,COMPLETED,m1-1,22.748,"{'m1-1': 1.09, 'm2-1': 107.26, 'm3-1': 111.05, 'm4-1': 10.15, 'm5-1': 11.02, 'm6-1': 11.33, 'm7-1': 95.33, 'm8-1': 95.45}",1.6350000000000002,62.276,63.36600000000001,inf,172.748,172.748
102,T3,BESTEFFORT,COMPLETED,m1-1,23.084,"{'m1-1': 1.08, 'm2-1': 106.07, 'm3-1': 113.64, 'm4-1': 10.79, 'm5-1': 11.73, 'm6-1': 10.11, 'm7-1': 107.75, 'm8-1': 100.28}",1.62,63.36600000000001,64.44600000000001,inf,173.084,173.084
103,T2,BESTEFFORT,COMPLETED,m1-1,24.286,"{'m1-1': 0.95, 'm2-1': 109.77, 'm3-1': 96.23, 'm4-1': 10.73, 'm5-1': 11.84, 'm6-1': 10.69, 'm7-1': 106.84, 'm8-1': 102.44}",1.4249999999999998,64.44600000000001,65.39600000000002,inf,174.286,174.286
104,T2,BESTEFFORT,COMPLETED,m1-1,24.413,"{'m1-1': 0.94, 'm2-1': 105.62, 'm3-1': 107.54, 'm4-1': 10.12, 'm5-1': 10.27, 'm6-1': 10.49, 'm7-1': 105.98, 'm8-1': 100.95}",1.41,65.39600000000002,66.33600000000001,inf,174.413,174.413
105,T3,BESTEFFORT,COMPLETED,m1-1,25.461,"{'m1-1': 1.03, 'm2-1': 101.97, 'm3-1': 101.8, 'm4-1': 11.45, 'm5-1': 10.3, 'm6-1': 9.77, 'm7-1': 106.24, 'm8-1': 106.23}",1.545,66.33600000000001,67.36600000000001,inf,175.461,175.461
106,T2,BESTEFFORT,COMPLETED,m1-1,25.509,"{'m1-1': 1.03, 'm2-1': 104.17, 'm3-1': 111.07, 'm4-1': 9.84, 'm5-1': 10.69, 'm6-1': 11.08, 'm7-1': 116.45, 'm8-1': 98.78}",1.545,67.36600000000001,68.39600000000002,inf,175.50900000000001,175.50900000000001
107,T4,BESTEFFORT,COMPLETED,m1-1,25.857,"{'m1-1': 1.03, 'm2-1': 115.65, 'm3-1': 101.6, 'm4-1': 10.09, 'm5-1': 11.03, 'm6-1': 10.08, 'm7-1': 103.44, 'm8-1': 111.22}",1.545,68.39600000000002,69.42600000000002,inf,175.857,175.857
108,T3,BESTEFFORT,COMPLETED,m6-1,26.038,"{'m1-1': 1.0, 'm2-1': 106.03, 'm3-1': 100.57, 'm4-1': 11.29, 'm5-1': 10.9, 'm6-1': 11.05, 'm7-1': 109.41, 'm8-1': 97.19}",16.575000000000003,99.14699999999999,110.19699999999999,inf,176.038,176.038
109,T3,BESTEFFORT,COMPLETED,m1-1,26.617,"{'m1-1': 1.0, 'm2-1': 109.56, 'm3-1': 107.06, 'm4-1': 10.84, 'm5-1': 10.52, 'm6-1': 10.56, 'm7-1': 107.66, 'm8-1': 94.85}",1.5,69.42600000000002,70.42600000000002,inf,176.617,176.617
110,T2,BESTEFFORT,COMPLETED,m4-1,26.635,"{'m1-1': 1.1, 'm2-1': 110.54, 'm3-1': 98.13, 'm4-1': 10.2, 'm5-1': 10.23, 'm6-1': 9.85, 'm7-1': 113.89, 'm8-1': 94.47}",15.299999999999999,100.46399999999998,110.66399999999999,inf,176.635,176.635
111,T3,BESTEFFORT,COMPLETED,m1-1,26.666,"{'m1-1': 1.08, 'm2-1': 95.55, 'm3-1': 117.76, 'm4-1': 11.19, 'm5-1': 11.45, 'm6-1': 11.16, 'm7-1': 105.37, 'm8-1': 110.05}",1.62,70.42600000000002,71.50600000000001,inf,176.666,176.666
112,T2,BESTEFFORT,COMPLETED,m5-1,27.008,"{'m1-1': 1.08, 'm2-1': 110.52, 'm3-1': 98.77, 'm4-1': 11.19, 'm5-1': 10.79, 'm6-1': 10.57, 'm7-1': 112.56, 'm8-1': 101.21}",16.185,101.081,111.87100000000001,inf,177.008,177.008
113,T3,BESTEFFORT,COMPLETED,m1-1,27.364,"{'m1-1': 0.99, 'm2-1': 97.93, 'm3-1': 113.29, 'm4-1': 11.42, 'm5-1': 11.06, 'm6-1': 10.56, 'm7-1': 98.87, 'm8-1': 109.57}",1.4849999999999999,71.50600000000001,72.49600000000001,inf,177.364,177.364
114,T2,BESTEFFORT,COMPLETED,m1-1,27.474,"{'m1-1': 0.93, 'm2-1': 99.2, 'm3-1': 106.68, 'm4-1': 10.44, 'm5-1': 11.34, 'm6-1': 10.7, 'm7-1': 112.28, 'm8-1': 106.08}",1.395,72.49600000000001,73.42600000000002,inf,177.474,177.474
115,T4,BESTEFFORT,COMPLETED,m1-1,27.811,"{'m1-1': 1.01, 'm2-1': 102.2, 'm3-1': 107.24, 'm4-1': 9.72, 'm5-1': 11.46, 'm6-1': 11.26, 'm7-1': 113.35, 'm8-1': 99.24}",1.5150000000000001,73.42600000000002,74.43600000000002,inf,177.811,177.811
116,T1,BESTEFFORT,COMPLETED,m1-1,27.939,"{'m1-1': 1.08, 'm2-1': 107.08, 'm3-1': 100.15, 'm4-1': 9.91, 'm5-1': 10.76, 'm6-1': 11.36, 'm7-1': 106.95, 'm8-1': 99.18}",1.62,74.43600000000002,75.51600000000002,inf,177.939,177.939
117,T4,BESTEFFORT,COMPLETED,m1-1,28.574,"{'m1-1': 1.13, 'm2-1': 103.49, 'm3-1': 101.46, 'm4-1': 11.14, 'm5-1': 10.4, 'm6-1': 10.34, 'm7-1': 103.64, 'm8-1': 95.01}",1.6949999999999998,75.51600000000002,76.64600000000002,inf,178.574,178.574
118,T2,BESTEFFORT,COMPLETED,m1-1,28.809,"{'m1-1': 0.96, 'm2-1': 99.06, 'm3-1': 102.84, 'm4-1': 9.9, 'm5-1': 11.57, 'm6-1': 11.25, 'm7-1': 100.06, 'm8-1': 104.97}",1.44,76.64600000000002,77.60600000000001,inf,178.809,178.809
119,T4,BESTEFFORT,COMPLETED,m1-1,29.144,"{'m1-1': 1.01, 'm2-1': 106.13, 'm3-1': 101.55, 'm4-1': 10.66, 'm5-1': 10.4, 'm6-1': 11.0, 'm7-1': 106.88, 'm8-1': 98.84}",1.5150000000000001,77.60600000000001,78.61600000000001,inf,179.144,179.144
120,T2,BESTEFFORT,COMPLETED,m1-1,29.268,"{'m1-1': 0.98, 'm2-1': 102.5, 'm3-1': 105.33, 'm4-1': 10.58, 'm5-1': 11.41, 'm6-1': 10.6, 'm7-1': 109.19, 'm8-1': 99.75}",1.47,78.61600000000001,79.59600000000002,inf,179.268,179.268
121,T2,BESTEFFORT,COMPLETED,m6-1,29.296,"{'m1-1': 1.01, 'm2-1': 103.91, 'm3-1': 96.6, 'm4-1': 10.36, 'm5-1': 10.85, 'm6-1': 11.33, 'm7-1': 100.68, 'm8-1': 108.41}",16.995,110.19699999999999,121.52699999999999,inf,179.296,179.296
122,T4,BESTEFFORT,COMPLETED,m1-1,29.351,"{'m1-1': 1.01, 'm2-1': 105.03, 'm3-1': 102.98, 'm4-1': 9.82, 'm5-1': 11.4, 'm6-1': 11.7, 'm7-1': 104.43, 'm8-1': 98.1}",1.5150000000000001,79.59600000000002,80.60600000000002,inf,179.351,179.351
123,T2,BESTEFFORT,COMPLETED,m1-1,29.433,"{'m1-1': 1.05, 'm2-1': 97.76, 'm3-1': 100.95, 'm4-1': 9.86, 'm5-1': 11.24, 'm6-1': 9.78, 'm7-1': 102.9, 'm8-1': 105.05}",1.5750000000000002,80.60600000000002,81.65600000000002,inf,179.433,179.433
124,T4,BESTEFFORT,COMPLETED,m4-1,29.691,"{'m1-1': 1.09, 'm2-1': 104.31, 'm3-1': 102.06, 'm4-1': 10.56, 'm5-1': 11.32, 'm6-1': 10.08, 'm7-1': 99.21, 'm8-1': 99.95}",15.84,110.66399999999999,121.22399999999999,inf,179.691,179.691
125,T2,BESTEFFORT,COMPLETED,m1-1,29.938,"{'m1-1': 1.03, 'm2-1': 109.56, 'm3-1': 96.76, 'm4-1': 10.49, 'm5-1': 10.26, 'm6-1': 10.26, 'm7-1': 105.81, 'm8-1': 98.17}",1.545,81.65600000000002,82.68600000000002,inf,179.938,179.938
126,T3,BESTEFFORT,COMPLETED,m5-1,29.95,"{'m1-1': 1.04, 'm2-1': 106.42, 'm3-1': 117.36, 'm4-1': 10.5, 'm5-1': 11.31, 'm6-1': 10.75, 'm7-1': 108.66, 'm8-1': 103.0}",16.965,111.87100000000001,123.18100000000001,inf,179.95,179.95
127,T1,BESTEFFORT,COMPLETED,m1-1,30.147,"{'m1-1': 1.05, 'm2-1': 100.67, 'm3-1': 111.72, 'm4-1': 9.73, 'm5-1': 10.24, 'm6-1': 10.02, 'm7-1': 98.0, 'm8-1': 105.23}",1.5750000000000002,82.68600000000002,83.73600000000002,inf,180.147,180.147
128,T3,BESTEFFORT,COMPLETED,m1-1,30.22,"{'m1-1': 0.98, 'm2-1': 94.1, 'm3-1': 102.56, 'm4-1': 10.95, 'm5-1': 11.84, 'm6-1': 11.0, 'm7-1': 108.65, 'm8-1': 104.21}",1.47,83.73600000000002,84.71600000000002,inf,180.22,180.22
129,T3,BESTEFFORT,COMPLETED,m1-1,30.225,"{'m1-1': 0.96, 'm2-1': 98.78, 'm3-1': 109.56, 'm4-1': 11.49, 'm5-1': 10.03, 'm6-1': 11.53, 'm7-1': 99.85, 'm8-1': 96.85}",1.44,84.71600000000002,85.67600000000002,inf,180.225,180.225
130,T4,BESTEFFORT,COMPLETED,m1-1,30.678,"{'m1-1': 1.1, 'm2-1': 108.86, 'm3-1': 94.77, 'm4-1': 10.47, 'm5-1': 10.76, 'm6-1': 10.96, 'm7-1': 111.05, 'm8-1': 101.2}",1.6500000000000001,85.67600000000002,86.77600000000001,inf,180.678,180.678
131,T4,BESTEFFORT,COMPLETED,m1-1,31.118,"{'m1-1': 1.06, 'm2-1': 118.68, 'm3-1': 110.12, 'm4-1': 10.42, 'm5-1': 11.53, 'm6-1': 11.49, 'm7-1': 109.58, 'm8-1': 110.53}",1.59,86.77600000000001,87.83600000000001,inf,181.118,181.118
132,T1,BESTEFFORT,COMPLETED,m1-1,31.128,"{'m1-1': 1.12, 'm2-1': 111.58, 'm3-1': 106.13, 'm4-1': 10.97, 'm5-1': 9.79, 'm6-1': 9.62, 'm7-1': 96.74, 'm8-1': 96.87}",1.6800000000000002,87.83600000000001,88.95600000000002,inf,181.128,181.128
133,T1,BESTEFFORT,COMPLETED,m1-1,31.248,"{'m1-1': 1.16, 'm2-1': 107.2, 'm3-1': 105.64, 'm4-1': 10.68, 'm5-1': 10.67, 'm6-1': 11.35, 'm7-1': 97.59, 'm8-1': 112.9}",1.7399999999999998,88.95600000000002,90.11600000000001,inf,181.248,181.248
134,T2,BESTEFFORT,COMPLETED,m1-1,31.296,"{'m1-1': 0.98, 'm2-1': 102.8, 'm3-1': 102.82, 'm4-1': 11.03, 'm5-1': 11.2, 'm6-1': 11.49, 'm7-1': 117.23, 'm8-1': 98.32}",1.47,90.11600000000001,91.09600000000002,inf,181.296,181.296
135,T2,BESTEFFORT,COMPLETED,m6-1,31.424,"{'m1-1': 1.0, 'm2-1': 108.13, 'm3-1': 95.5, 'm4-1': 10.22, 'm5-1': 10.69, 'm6-1': 10.84, 'm7-1': 107.82, 'm8-1': 100.98}",16.259999999999998,121.52699999999999,132.367,inf,181.424,181.424
136,T1,BESTEFFORT,COMPLETED,m1-1,31.866,"{'m1-1': 1.18, 'm2-1': 100.6, 'm3-1': 107.08, 'm4-1': 9.98, 'm5-1': 9.47, 'm6-1': 10.15, 'm7-1': 96.17, 'm8-1': 111.67}",1.77,91.09600000000002,92.27600000000002,inf,181.86599999999999,181.86599999999999
137,T4,BESTEFFORT,COMPLETED,m1-1,32.425,"{'m1-1': 1.18, 'm2-1': 112.95, 'm3-1': 96.74, 'm4-1': 10.92, 'm5-1': 10.04, 'm6-1': 10.71, 'm7-1': 100.97, 'm8-1': 97.64}",1.77,92.27600000000002,93.45600000000003,inf,182.425,182.425
138,T1,BESTEFFORT,COMPLETED,m4-1,32.799,"{'m1-1': 1.09, 'm2-1': 103.76, 'm3-1': 100.54, 'm4-1': 9.73, 'm5-1': 9.8, 'm6-1': 10.73, 'm7-1': 101.08, 'm8-1': 99.83}",14.595,121.22399999999999,130.95399999999998,inf,182.799,182.799
139,T1,BESTEFFORT,COMPLETED,m5-1,33.091,"{'m1-1': 1.15, 'm2-1': 111.1, 'm3-1': 105.9, 'm4-1': 10.47, 'm5-1': 10.73, 'm6-1': 10.63, 'm7-1': 99.18, 'm8-1': 97.87}",16.095,123.18100000000001,133.911,inf,183.091,183.091
140,T4,BESTEFFORT,COMPLETED,m1-1,33.239,"{'m1-1': 1.1, 'm2-1': 105.46, 'm3-1': 110.14, 'm4-1': 9.86, 'm5-1': 11.58, 'm6-1': 10.52, 'm7-1': 102.5, 'm8-1': 110.0}",1.6500000000000001,93.45600000000003,94.55600000000003,inf,183.239,183.239
141,T2,BESTEFFORT,COMPLETED,m1-1,33.371,"{'m1-1': 1.11, 'm2-1': 104.76, 'm3-1': 104.09, 'm4-1': 10.89, 'm5-1': 10.56, 'm6-1': 10.49, 'm7-1': 100.74, 'm8-1': 101.56}",1.665,94.55600000000003,95.66600000000003,inf,183.371,183.371
142,T2,BESTEFFORT,COMPLETED,m1-1,33.595,"{'m1-1': 0.94, 'm2-1': 108.77, 'm3-1': 101.28, 'm4-1': 10.52, 'm5-1': 10.4, 'm6-1': 11.42, 'm7-1': 109.95, 'm8-1': 93.85}",1.41,95.66600000000003,96.60600000000002,inf,183.595,183.595
143,T1,BESTEFFORT,COMPLETED,m1-1,34.072,"{'m1-1': 1.0, 'm2-1': 102.46, 'm3-1': 103.58, 'm4-1': 10.36, 'm5-1': 9.6, 'm6-1': 10.07, 'm7-1': 106.95, 'm8-1': 104.82}",1.5,96.60600000000002,97.60600000000002,inf,184.072,184.072
144,T2,BESTEFFORT,COMPLETED,m1-1,34.151,"{'m1-1': 0.98, 'm2-1': 104.37, 'm3-1': 107.04, 'm4-1': 9.92, 'm5-1': 11.28, 'm6-1': 10.64, 'm7-1': 110.09, 'm8-1': 103.2}",1.47,97.60600000000002,98.58600000000003,inf,184.151,184.151
145,T2,BESTEFFORT,COMPLETED,m1-1,34.26,"{'m1-1': 0.95, 'm2-1': 107.94, 'm3-1': 101.36, 'm4-1': 10.77, 'm5-1': 10.32, 'm6-1': 11.57, 'm7-1': 105.98, 'm8-1': 100.52}",1.4249999999999998,98.58600000000003,99.53600000000003,inf,184.26,184.26
146,T1,BESTEFFORT,COMPLETED,m1-1,34.293,"{'m1-1': 1.16, 'm2-1': 100.62, 'm3-1': 105.57, 'm4-1': 9.66, 'm5-1': 10.89, 'm6-1': 10.57, 'm7-1': 94.0, 'm8-1': 104.26}",1.7399999999999998,99.53600000000003,100.69600000000003,inf,184.293,184.293
147,T1,BESTEFFORT,COMPLETED,m1-1,34.313,"{'m1-1': 1.02, 'm2-1': 104.92, 'm3-1': 102.26, 'm4-1': 10.59, 'm5-1': 9.84, 'm6-1': 10.83, 'm7-1': 101.47, 'm8-1': 109.79}",1.53,100.69600000000003,101.71600000000002,inf,184.313,184.313
148,T1,BESTEFFORT,COMPLETED,m1-1,34.832,"{'m1-1': 1.12, 'm2-1': 105.58, 'm3-1': 114.22, 'm4-1': 9.65, 'm5-1': 9.59, 'm6-1': 10.3, 'm7-1': 108.96, 'm8-1': 102.06}",1.6800000000000002,101.71600000000002,102.83600000000003,inf,184.832,184.832
149,T3,BESTEFFORT,COMPLETED,m6-1,34.97,"{'m1-1': 1.08, 'm2-1': 109.09, 'm3-1': 115.89, 'm4-1': 10.65, 'm5-1': 10.86, 'm6-1': 10.45, 'm7-1': 102.96, 'm8-1': 93.24}",15.674999999999999,132.367,142.81699999999998,inf,184.97,184.97
150,T1,BESTEFFORT,COMPLETED,m1-1,35.427,"{'m1-1': 1.1, 'm2-1': 118.0, 'm3-1': 110.3, 'm4-1': 11.37, 'm5-1': 10.79, 'm6-1': 10.38, 'm7-1': 99.48, 'm8-1': 95.8}",1.6500000000000001,102.83600000000003,103.93600000000002,inf,185.427,185.427
151,T3,BESTEFFORT,COMPLETED,m4-1,35.609,"{'m1-1': 0.99, 'm2-1': 106.75, 'm3-1': 105.38, 'm4-1': 11.29, 'm5-1': 11.04, 'm6-1': 9.75, 'm7-1': 101.96, 'm8-1': 107.9}",16.935,130.95399999999998,142.24399999999997,inf,185.609,185.609
152,T3,BESTEFFORT,COMPLETED,m1-1,35.679,"{'m1-1': 0.95, 'm2-1': 106.93, 'm3-1': 101.65, 'm4-1': 10.0, 'm5-1': 10.78, 'm6-1': 11.4, 'm7-1': 113.18, 'm8-1': 110.19}",1.4249999999999998,103.93600000000002,104.88600000000002,inf,185.679,185.679
153,T4,BESTEFFORT,COMPLETED,m5-1,36.093,"{'m1-1': 1.17, 'm2-1': 106.22, 'm3-1': 100.36, 'm4-1': 10.43, 'm5-1': 10.63, 'm6-1': 11.04, 'm7-1': 116.47, 'm8-1': 99.4}",15.945,133.911,144.541,inf,186.09300000000002,186.09300000000002
154,T4,BESTEFFORT,COMPLETED,m1-1,36.26,"{'m1-1': 1.06, 'm2-1': 103.8, 'm3-1': 97.16, 'm4-1': 10.58, 'm5-1': 11.66, 'm6-1': 11.7, 'm7-1': 102.31, 'm8-1': 97.36}",1.59,104.88600000000002,105.94600000000003,inf,186.26,186.26
155,T1,BESTEFFORT,COMPLETED,m1-1,36.294,"{'m1-1': 1.14, 'm2-1': 112.25, 'm3-1': 101.45, 'm4-1': 10.53, 'm5-1': 9.93, 'm6-1': 9.86, 'm7-1': 100.08, 'm8-1': 110.57}",1.71,105.94600000000003,107.08600000000003,inf,186.29399999999998,186.29399999999998
156,T3,BESTEFFORT,COMPLETED,m1-1,36.312,"{'m1-1': 0.95, 'm2-1': 97.91, 'm3-1': 112.6, 'm4-1': 10.67, 'm5-1': 10.5, 'm6-1': 9.9, 'm7-1': 113.82, 'm8-1': 109.76}",1.4249999999999998,107.08600000000003,108.03600000000003,inf,186.312,186.312
157,T3,BESTEFFORT,COMPLETED,m1-1,36.471,"{'m1-1': 1.1, 'm2-1': 100.3, 'm3-1': 106.7, 'm4-1': 10.11, 'm5-1': 10.18, 'm6-1': 11.41, 'm7-1': 105.05, 'm8-1': 105.57}",1.6500000000000001,108.03600000000003,109.13600000000002,inf,186.471,186.471
158,T2,BESTEFFORT,COMPLETED,m1-1,37.509,"{'m1-1': 1.04, 'm2-1': 101.69, 'm3-1': 100.72, 'm4-1': 10.59, 'm5-1': 11.06, 'm6-1': 11.26, 'm7-1': 98.95, 'm8-1': 92.91}",1.56,109.13600000000002,110.17600000000003,inf,187.50900000000001,187.50900000000001
159,T4,BESTEFFORT,COMPLETED,m1-1,38.525,"{'m1-1': 1.15, 'm2-1': 118.11, 'm3-1': 97.99, 'm4-1': 10.84, 'm5-1': 11.12, 'm6-1': 11.5, 'm7-1': 105.6, 'm8-1': 101.98}",1.7249999999999999,110.17600000000003,111.32600000000004,inf,188.525,188.525
160,T4,BESTEFFORT,COMPLETED,m1-1,38.721,"{'m1-1': 1.11, 'm2-1': 117.11, 'm3-1': 96.38, 'm4-1': 10.2, 'm5-1': 10.97, 'm6-1': 11.79, 'm7-1': 105.98, 'm8-1': 97.7}",1.665,111.32600000000004,112.43600000000004,inf,188.721,188.721
161,T2,BESTEFFORT,MISSED,m3-1,38.875,"{'m1-1': 0.94, 'm2-1': 111.14, 'm3-1': 111.62, 'm4-1': 10.68, 'm5-1': 10.56, 'm6-1': 10.17, 'm7-1': 115.42, 'm8-1': 101.11}",44.589,159.149,inf,188.875,188.875,188.875
162,T3,BESTEFFORT,COMPLETED,m1-1,39.369,"{'m1-1': 0.98, 'm2-1': 95.36, 'm3-1': 106.88, 'm4-1': 10.7, 'm5-1': 11.54, 'm6-1': 11.45, 'm7-1': 111.42, 'm8-1': 93.24}",1.47,112.43600000000004,113.41600000000004,inf,189.369,189.369
163,T4,BESTEFFORT,MISSED,m8-1,39.624,"{'m1-1': 1.15, 'm2-1': 112.19, 'm3-1': 101.36, 'm4-1': 9.8, 'm5-1': 11.77, 'm6-1': 10.33, 'm7-1': 100.44, 'm8-1': 101.33}",46.181999999999974,158.836,inf,189.624,189.624,189.624
164,T1,BESTEFFORT,COMPLETED,m1-1,39.625,"{'m1-1': 1.16, 'm2-1': 111.1, 'm3-1': 100.41, 'm4-1': 10.87, 'm5-1': 10.06, 'm6-1': 9.72, 'm7-1': 102.18, 'm8-1': 102.03}",1.7399999999999998,113.41600000000004,114.57600000000004,inf,189.625,189.625
165,T4,BESTEFFORT,COMPLETED,m6-1,39.667,"{'m1-1': 1.11, 'm2-1': 104.96, 'm3-1': 107.09, 'm4-1': 9.47, 'm5-1': 10.43, 'm6-1': 10.02, 'm7-1': 110.08, 'm8-1': 97.91}",15.03,142.81699999999998,152.837,inf,189.667,189.667
166,T2,BESTEFFORT,COMPLETED,m4-1,40.551,"{'m1-1': 1.02, 'm2-1': 112.37, 'm3-1': 110.04, 'm4-1': 10.58, 'm5-1': 11.06, 'm6-1': 10.57, 'm7-1': 102.02, 'm8-1': 101.37}",15.870000000000001,142.24399999999997,152.82399999999998,inf,190.551,190.551
167,T4,BESTEFFORT,COMPLETED,m1-1,40.727,"{'m1-1': 1.01, 'm2-1': 118.52, 'm3-1': 103.26, 'm4-1': 10.64, 'm5-1': 11.16, 'm6-1': 11.79, 'm7-1': 102.31, 'm8-1': 108.48}",1.5150000000000001,114.57600000000004,115.58600000000004,inf,190.727,190.727
168,T3,BESTEFFORT,COMPLETED,m5-1,40.819,"{'m1-1': 1.07, 'm2-1': 108.38, 'm3-1': 116.19, 'm4-1': 11.26, 'm5-1': 11.58, 'm6-1': 10.36, 'm7-1': 107.61, 'm8-1': 109.81}",17.37,144.541,156.121,inf,190.81900000000002,190.81900000000002
169,T4,BESTEFFORT,MISSED,m7-1,41.183,"{'m1-1': 1.12, 'm2-1': 105.34, 'm3-1': 95.87, 'm4-1': 11.18, 'm5-1': 11.29, 'm6-1': 10.07, 'm7-1': 115.92, 'm8-1': 101.39}",49.10549999999999,158.446,inf,191.183,191.183,191.183
170,T1,BESTEFFORT,COMPLETED,m1-1,41.591,"{'m1-1': 1.08, 'm2-1': 117.4, 'm3-1': 103.52, 'm4-1': 10.38, 'm5-1': 10.45, 'm6-1': 10.6, 'm7-1': 104.6, 'm8-1': 110.62}",1.62,115.58600000000004,116.66600000000004,inf,191.591,191.591
171,T3,BESTEFFORT,COMPLETED,m1-1,42.265,"{'m1-1': 1.02, 'm2-1': 105.44, 'm3-1': 104.32, 'm4-1': 10.05, 'm5-1': 11.35, 'm6-1': 10.86, 'm7-1': 109.72, 'm8-1': 108.67}",1.53,116.66600000000004,117.68600000000004,inf,192.265,192.265
172,T2,BESTEFFORT,COMPLETED,m1-1,42.754,"{'m1-1': 1.08, 'm2-1': 110.27, 'm3-1': 103.12, 'm4-1': 11.32, 'm5-1': 11.16, 'm6-1': 10.3, 'm7-1': 106.28, 'm8-1': 100.45}",1.62,117.68600000000004,118.76600000000003,inf,192.754,192.754
173,T1,BESTEFFORT,COMPLETED,m1-1,42.761,"{'m1-1': 1.02, 'm2-1': 112.55, 'm3-1': 114.73, 'm4-1': 9.78, 'm5-1': 9.39, 'm6-1': 9.97, 'm7-1': 106.5, 'm8-1': 107.72}",1.53,118.76600000000003,119.78600000000003,inf,192.761,192.761
174,T4,BESTEFFORT,COMPLETED,m1-1,42.771,"{'m1-1': 1.11, 'm2-1': 102.81, 'm3-1': 102.54, 'm4-1': 10.66, 'm5-1': 10.88, 'm6-1': 11.56, 'm7-1': 102.39, 'm8-1': 101.47}",1.665,119.78600000000003,120.89600000000003,inf,192.77100000000002,192.77100000000002
175,T4,BESTEFFORT,COMPLETED,m1-1,42.782,"{'m1-1': 1.17, 'm2-1': 106.17, 'm3-1': 106.61, 'm4-1': 10.64, 'm5-1': 10.67, 'm6-1': 11.79, 'm7-1': 103.99, 'm8-1': 102.73}",1.755,120.89600000000003,122.06600000000003,inf,192.78199999999998,192.78199999999998
176,T4,BESTEFFORT,MISSED,m2-1,43.436,"{'m1-1': 1.01, 'm2-1': 109.88, 'm3-1': 94.35, 'm4-1': 10.45, 'm5-1': 11.51, 'm6-1': 10.5, 'm7-1': 107.68, 'm8-1': 107.05}",51.33300000000001,159.214,inf,193.436,193.436,193.436
177,T4,BESTEFFORT,COMPLETED,m1-1,43.538,"{'m1-1': 1.12, 'm2-1': 103.19, 'm3-1': 108.43, 'm4-1': 10.26, 'm5-1': 10.18, 'm6-1': 10.78, 'm7-1': 111.81, 'm8-1': 108.01}",1.6800000000000002,122.06600000000003,123.18600000000004,inf,193.538,193.538
178,T4,BESTEFFORT,COMPLETED,m1-1,43.675,"{'m1-1': 1.17, 'm2-1': 113.52, 'm3-1': 95.91, 'm4-1': 10.16, 'm5-1': 11.15, 'm6-1': 10.65, 'm7-1': 113.89, 'm8-1': 108.99}",1.755,123.18600000000004,124.35600000000004,inf,193.675,193.675
179,T2,BESTEFFORT,COMPLETED,m1-1,44.633,"{'m1-1': 1.06, 'm2-1': 107.74, 'm3-1': 109.56, 'm4-1': 10.98, 'm5-1': 11.88, 'm6-1': 10.48, 'm7-1': 114.0, 'm8-1': 104.94}",1.59,124.35600000000004,125.41600000000004,inf,194.633,194.633
180,T1,BESTEFFORT,COMPLETED,m4-1,44.762,"{'m1-1': 1.17, 'm2-1': 118.07, 'm3-1': 102.08, 'm4-1': 9.73, 'm5-1': 10.08, 'm6-1': 10.1, 'm7-1': 110.48, 'm8-1': 111.15}",14.595,152.82399999999998,162.55399999999997,inf,194.762,194.762
181,T1,BESTEFFORT,COMPLETED,m6-1,45.19,"{'m1-1': 1.04, 'm2-1': 109.97, 'm3-1': 114.46, 'm4-1': 10.95, 'm5-1': 9.53, 'm6-1': 10.94, 'm7-1': 95.3, 'm8-1': 96.13}",16.41,152.837,163.777,inf,195.19,195.19
182,T4,BESTEFFORT,COMPLETED,m1-1,45.386,"{'m1-1': 1.17, 'm2-1': 106.17, 'm3-1': 110.37, 'm4-1': 10.76, 'm5-1': 10.22, 'm6-1': 11.19, 'm7-1': 107.33, 'm8-1': 108.67}",1.755,125.41600000000004,126.58600000000004,inf,195.386,195.386
183,T1,BESTEFFORT,COMPLETED,m5-1,45.402,"{'m1-1': 1.04, 'm2-1': 102.3, 'm3-1': 100.61, 'm4-1': 9.73, 'm5-1': 10.9, 'm6-1': 10.98, 'm7-1': 105.99, 'm8-1': 101.05}",16.35,156.121,167.02100000000002,inf,195.402,195.402
184,T1,BESTEFFORT,COMPLETED,m1-1,45.439,"{'m1-1': 1.01, 'm2-1': 109.39, 'm3-1': 118.27, 'm4-1': 11.18, 'm5-1': 10.73, 'm6-1': 10.29, 'm7-1': 103.12, 'm8-1': 98.09}",1.5150000000000001,126.58600000000004,127.59600000000005,inf,195.439,195.439
185,T2,BESTEFFORT,COMPLETED,m1-1,45.592,"{'m1-1': 0.98, 'm2-1': 105.44, 'm3-1': 107.64, 'm4-1': 9.91, 'm5-1': 11.02, 'm6-1': 10.09, 'm7-1': 107.43, 'm8-1': 103.53}",1.47,127.59600000000005,128.57600000000005,inf,195.59199999999998,195.59199999999998
186,T3,BESTEFFORT,COMPLETED,m1-1,45.64,"{'m1-1': 0.97, 'm2-1': 108.72, 'm3-1': 103.5, 'm4-1': 11.78, 'm5-1': 10.96, 'm6-1': 10.32, 'm7-1': 98.6, 'm8-1': 97.86}",1.455,128.57600000000005,129.54600000000005,inf,195.64,195.64
187,T2,BESTEFFORT,COMPLETED,m1-1,46.067,"{'m1-1': 1.09, 'm2-1': 99.48, 'm3-1': 95.53, 'm4-1': 9.82, 'm5-1': 11.65, 'm6-1': 11.1, 'm7-1': 106.77, 'm8-1': 104.58}",1.6350000000000002,129.54600000000005,130.63600000000005,inf,196.067,196.067
188,T4,BESTEFFORT,COMPLETED,m1-1,46.311,"{'m1-1': 1.17, 'm2-1': 115.67, 'm3-1': 94.19, 'm4-1': 10.23, 'm5-1': 10.68, 'm6-1': 10.21, 'm7-1': 114.12, 'm8-1': 100.54}",1.755,130.63600000000005,131.80600000000004,inf,196.311,196.311
189,T1,BESTEFFORT,COMPLETED,m1-1,46.703,"{'m1-1': 1.13, 'm2-1': 111.64, 'm3-1': 110.02, 'm4-1': 10.16, 'm5-1': 10.42, 'm6-1': 11.37, 'm7-1': 100.87, 'm8-1': 95.89}",1.6949999999999998,131.80600000000004,132.93600000000004,inf,196.703,196.703
190,T1,BESTEFFORT,COMPLETED,m1-1,46.852,"{'m1-1': 1.16, 'm2-1': 103.76, 'm3-1': 107.39, 'm4-1': 10.89, 'm5-1': 11.05, 'm6-1': 11.04, 'm7-1': 103.14, 'm8-1': 102.15}",1.7399999999999998,132.93600000000004,134.09600000000003,inf,196.852,196.852
191,T2,BESTEFFORT,COMPLETED,m1-1,46.91,"{'m1-1': 1.07, 'm2-1': 111.98, 'm3-1': 101.09, 'm4-1': 10.33, 'm5-1': 11.34, 'm6-1': 10.31, 'm7-1': 108.46, 'm8-1': 102.04}",1.605,134.09600000000003,135.16600000000003,inf,196.91,196.91
192,T1,BESTEFFORT,COMPLETED,m4-1,48.211,"{'m1-1': 1.11, 'm2-1': 117.79, 'm3-1': 109.86, 'm4-1': 9.82, 'm5-1': 10.55, 'm6-1': 9.9, 'm7-1': 98.72, 'm8-1': 109.04}",14.73,162.55399999999997,172.37399999999997,inf,198.211,198.211
193,T2,BESTEFFORT,COMPLETED,m1-1,48.662,"{'m1-1': 1.08, 'm2-1': 109.21, 'm3-1': 106.43, 'm4-1': 11.65, 'm5-1': 11.83, 'm6-1': 9.96, 'm7-1': 99.39, 'm8-1': 105.34}",1.62,135.16600000000003,136.24600000000004,inf,198.662,198.662
194,T3,BESTEFFORT,COMPLETED,m6-1,48.762,"{'m1-1': 1.07, 'm2-1': 96.46, 'm3-1': 114.76, 'm4-1': 10.73, 'm5-1': 10.97, 'm6-1': 10.08, 'm7-1': 109.41, 'm8-1': 106.88}",15.120000000000001,163.777,173.857,inf,198.762,198.762
195,T1,BESTEFFORT,COMPLETED,m1-1,49.074,"{'m1-1': 1.04, 'm2-1': 116.42, 'm3-1': 99.77, 'm4-1': 9.84, 'm5-1': 10.1, 'm6-1': 9.76, 'm7-1': 97.58, 'm8-1': 109.67}",1.56,136.24600000000004,137.28600000000003,inf,199.074,199.074
196,T4,BESTEFFORT,COMPLETED,m5-1,49.688,"{'m1-1': 1.13, 'm2-1': 110.34, 'm3-1': 106.31, 'm4-1': 10.84, 'm5-1': 11.21, 'm6-1': 10.53, 'm7-1': 102.31, 'm8-1': 96.39}",16.815,167.02100000000002,178.23100000000002,inf,199.688,199.688
197,T1,BESTEFFORT,COMPLETED,m1-1,49.876,"{'m1-1': 1.04, 'm2-1': 116.23, 'm3-1': 108.61, 'm4-1': 10.08, 'm5-1': 10.76, 'm6-1': 10.77, 'm7-1': 108.56, 'm8-1': 100.5}",1.56,137.28600000000003,138.32600000000002,inf,199.876,199.876
198,T4,BESTEFFORT,COMPLETED,m1-1,50.87,"{'m1-1': 1.17, 'm2-1': 112.71, 'm3-1': 97.81, 'm4-1': 10.96, 'm5-1': 11.61, 'm6-1': 10.58, 'm7-1': 116.85, 'm8-1': 96.59}",1.755,138.32600000000002,139.496,inf,200.87,200.87
199,T3,BESTEFFORT,COMPLETED,m1-1,51.676,"{'m1-1': 0.97, 'm2-1': 96.55, 'm3-1': 115.78, 'm4-1': 11.16, 'm5-1': 10.13, 'm6-1': 10.85, 'm7-1': 111.43, 'm8-1': 95.19}",1.455,139.496,140.466,inf,201.676,201.676
200,T1,BESTEFFORT,COMPLETED,m1-1,52.273,"{'m1-1': 1.09, 'm2-1': 116.85, 'm3-1': 117.39, 'm4-1': 10.42, 'm5-1': 9.89, 'm6-1': 11.18, 'm7-1': 105.56, 'm8-1': 96.05}",1.6350000000000002,140.466,141.556,inf,202.273,202.273
201,T3,BESTEFFORT,COMPLETED,m1-1,52.951,"{'m1-1': 1.04, 'm2-1': 107.89, 'm3-1': 105.22, 'm4-1': 10.84, 'm5-1': 11.33, 'm6-1': 10.44, 'm7-1': 113.21, 'm8-1': 105.46}",1.56,141.556,142.596,inf,202.951,202.951
202,T2,BESTEFFORT,COMPLETED,m1-1,53.504,"{'m1-1': 1.11, 'm2-1': 109.61, 'm3-1': 106.22, 'm4-1': 11.42, 'm5-1': 10.05, 'm6-1': 10.28, 'm7-1': 105.16, 'm8-1': 101.86}",1.665,142.596,143.70600000000002,inf,203.504,203.504
203,T1,BESTEFFORT,COMPLETED,m1-1,54.009,"{'m1-1': 1.11, 'm2-1': 102.45, 'm3-1': 104.64, 'm4-1': 10.6, 'm5-1': 10.17, 'm6-1': 10.56, 'm7-1': 101.32, 'm8-1': 96.77}",1.665,143.70600000000002,144.81600000000003,inf,204.00900000000001,204.00900000000001
204,T2,BESTEFFORT,COMPLETED,m1-1,54.081,"{'m1-1': 1.1, 'm2-1': 111.08, 'm3-1': 111.5, 'm4-1': 11.46, 'm5-1': 10.65, 'm6-1': 10.06, 'm7-1': 104.25, 'm8-1': 100.83}",1.6500000000000001,144.81600000000003,145.91600000000003,inf,204.08100000000002,204.08100000000002
205,T2,BESTEFFORT,COMPLETED,m4-1,54.229,"{'m1-1': 1.04, 'm2-1': 106.69, 'm3-1': 101.27, 'm4-1': 11.34, 'm5-1': 10.42, 'm6-1': 10.99, 'm7-1': 116.43, 'm8-1': 102.12}",17.009999999999998,172.37399999999997,183.71399999999997,inf,204.22899999999998,204.22899999999998
206,T4,BESTEFFORT,COMPLETED,m1-1,54.577,"{'m1-1': 1.15, 'm2-1': 118.63, 'm3-1': 107.54, 'm4-1': 10.39, 'm5-1': 11.1, 'm6-1': 10.4, 'm7-1': 115.75, 'm8-1': 104.39}",1.7249999999999999,145.91600000000003,147.06600000000003,inf,204.577,204.577
207,T2,BESTEFFORT,COMPLETED,m6-1,54.794,"{'m1-1': 1.08, 'm2-1': 105.66, 'm3-1': 94.34, 'm4-1': 10.79, 'm5-1': 10.32, 'm6-1': 11.41, 'm7-1': 103.6, 'm8-1': 108.6}",17.115000000000002,173.857,185.267,inf,204.79399999999998,204.79399999999998
208,T2,BESTEFFORT,COMPLETED,m1-1,55.099,"{'m1-1': 0.95, 'm2-1': 113.57, 'm3-1': 108.54, 'm4-1': 10.92, 'm5-1': 11.18, 'm6-1': 11.16, 'm7-1': 110.34, 'm8-1': 101.36}",1.4249999999999998,147.06600000000003,148.01600000000002,inf,205.099,205.099
209,T3,BESTEFFORT,COMPLETED,m5-1,55.217,"{'m1-1': 1.07, 'm2-1': 102.6, 'm3-1': 105.67, 'm4-1': 11.19, 'm5-1': 11.01, 'm6-1': 11.1, 'm7-1': 100.95, 'm8-1': 95.01}",16.515,178.23100000000002,189.241,inf,205.21699999999998,205.21699999999998
210,T4,BESTEFFORT,COMPLETED,m1-1,55.306,"{'m1-1': 1.17, 'm2-1': 100.19, 'm3-1': 95.32, 'm4-1': 11.19, 'm5-1': 11.27, 'm6-1': 11.54, 'm7-1': 99.06, 'm8-1': 97.32}",1.755,148.01600000000002,149.186,inf,205.30599999999998,205.30599999999998
211,T2,BESTEFFORT,COMPLETED,m1-1,55.479,"{'m1-1': 1.06, 'm2-1': 103.62, 'm3-1': 108.35, 'm4-1': 10.27, 'm5-1': 11.82, 'm6-1': 10.38, 'm7-1': 107.44, 'm8-1': 103.62}",1.59,149.186,150.246,inf,205.47899999999998,205.47899999999998
212,T4,BESTEFFORT,COMPLETED,m1-1,56.05,"{'m1-1': 1.18, 'm2-1': 118.91, 'm3-1': 109.01, 'm4-1': 10.15, 'm5-1': 10.09, 'm6-1': 11.7, 'm7-1': 108.82, 'm8-1': 97.39}",1.77,150.246,151.42600000000002,inf,206.05,206.05
213,T4,BESTEFFORT,COMPLETED,m1-1,56.175,"{'m1-1': 1.11, 'm2-1': 117.09, 'm3-1': 97.36, 'm4-1': 10.14, 'm5-1': 11.15, 'm6-1': 11.08, 'm7-1': 111.31, 'm8-1': 101.63}",1.665,151.42600000000002,152.53600000000003,inf,206.175,206.175
214,T4,BESTEFFORT,COMPLETED,m1-1,56.578,"{'m1-1': 1.18, 'm2-1': 105.29, 'm3-1': 102.98, 'm4-1': 10.24, 'm5-1': 10.49, 'm6-1': 10.11, 'm7-1': 101.7, 'm8-1': 106.15}",1.77,152.53600000000003,153.71600000000004,inf,206.578,206.578
215,T4,BESTEFFORT,COMPLETED,m1-1,56.897,"{'m1-1': 1.15, 'm2-1': 102.6, 'm3-1': 95.02, 'm4-1': 10.4, 'm5-1': 10.33, 'm6-1': 10.34, 'm7-1': 108.8, 'm8-1': 100.9}",1.7249999999999999,153.71600000000004,154.86600000000004,inf,206.897,206.897
216,T2,BESTEFFORT,COMPLETED,m1-1,56.961,"{'m1-1': 1.02, 'm2-1': 106.54, 'm3-1': 102.04, 'm4-1': 10.6, 'm5-1': 10.88, 'm6-1': 10.49, 'm7-1': 100.74, 'm8-1': 94.13}",1.53,154.86600000000004,155.88600000000005,inf,206.961,206.961
217,T1,BESTEFFORT,COMPLETED,m1-1,57.884,"{'m1-1': 1.14, 'm2-1': 105.65, 'm3-1': 111.66, 'm4-1': 9.62, 'm5-1': 9.65, 'm6-1': 9.97, 'm7-1': 103.02, 'm8-1': 107.24}",1.71,155.88600000000005,157.02600000000004,inf,207.88400000000001,207.88400000000001
218,T3,BESTEFFORT,COMPLETED,m4-1,58.18,"{'m1-1': 1.01, 'm2-1': 94.02, 'm3-1': 105.54, 'm4-1': 11.6, 'm5-1': 10.24, 'm6-1': 11.56, 'm7-1': 111.0, 'm8-1': 105.18}",17.4,183.71399999999997,195.31399999999996,inf,208.18,208.18
219,T2,BESTEFFORT,COMPLETED,m6-1,58.491,"{'m1-1': 1.04, 'm2-1': 96.93, 'm3-1': 95.5, 'm4-1': 11.62, 'm5-1': 10.85, 'm6-1': 10.35, 'm7-1': 107.82, 'm8-1': 107.58}",15.524999999999999,185.267,195.617,inf,208.49099999999999,208.49099999999999
220,T4,BESTEFFORT,COMPLETED,m1-1,58.936,"{'m1-1': 1.0, 'm2-1': 116.5, 'm3-1': 109.65, 'm4-1': 10.7, 'm5-1': 10.94, 'm6-1': 10.99, 'm7-1': 105.59, 'm8-1': 106.38}",1.5,157.02600000000004,158.02600000000004,inf,208.936,208.936
221,T4,BESTEFFORT,COMPLETED,m1-1,59.027,"{'m1-1': 1.17, 'm2-1': 110.76, 'm3-1': 103.36, 'm4-1': 10.52, 'm5-1': 10.19, 'm6-1': 11.33, 'm7-1': 111.94, 'm8-1': 102.3}",1.755,158.02600000000004,159.19600000000003,inf,209.027,209.027
222,T3,BESTEFFORT,COMPLETED,m1-1,59.213,"{'m1-1': 0.96, 'm2-1': 93.75, 'm3-1': 117.99, 'm4-1': 11.06, 'm5-1': 10.59, 'm6-1': 10.64, 'm7-1': 96.87, 'm8-1': 105.97}",1.44,159.19600000000003,160.15600000000003,inf,209.213,209.213
223,T2,BESTEFFORT,COMPLETED,m5-1,59.299,"{'m1-1': 1.05, 'm2-1': 101.56, 'm3-1': 110.02, 'm4-1': 10.39, 'm5-1': 10.98, 'm6-1': 10.69, 'm7-1': 109.81, 'm8-1': 101.91}",16.47,189.241,200.221,inf,209.299,209.299
224,T4,BESTEFFORT,MISSED,m7-1,59.678,"{'m1-1': 1.16, 'm2-1': 111.46, 'm3-1': 101.32, 'm4-1': 10.91, 'm5-1': 10.4, 'm6-1': 11.07, 'm7-1': 99.58, 'm8-1': 97.16}",27.742500000000007,191.183,inf,209.678,209.678,209.678
225,T1,BESTEFFORT,MISSED,m3-1,60.156,"{'m1-1': 1.08, 'm2-1': 112.08, 'm3-1': 101.11, 'm4-1': 10.94, 'm5-1': 11.07, 'm6-1': 10.49, 'm7-1': 101.7, 'm8-1': 103.57}",31.92150000000001,188.875,inf,210.156,210.156,210.156
226,T3,BESTEFFORT,MISSED,m8-1,60.63,"{'m1-1': 0.97, 'm2-1': 104.41, 'm3-1': 116.22, 'm4-1': 11.06, 'm5-1': 10.17, 'm6-1': 11.35, 'm7-1': 101.08, 'm8-1': 93.14}",31.509,189.624,inf,210.63,210.63,210.63
227,T2,BESTEFFORT,MISSED,m2-1,60.772,"{'m1-1': 1.02, 'm2-1': 108.93, 'm3-1': 105.38, 'm4-1': 11.48, 'm5-1': 10.51, 'm6-1': 11.28, 'm7-1': 98.9, 'm8-1': 108.41}",26.003999999999976,193.436,inf,210.772,210.772,210.772
228,T1,BESTEFFORT,COMPLETED,m1-1,60.851,"{'m1-1': 1.13, 'm2-1': 111.54, 'm3-1': 99.76, 'm4-1': 9.92, 'm5-1': 10.13, 'm6-1': 10.6, 'm7-1': 105.15, 'm8-1': 104.76}",1.6949999999999998,160.15600000000003,161.28600000000003,inf,210.851,210.851
229,T4,BESTEFFORT,MISSED,m3-1,61.497,"{'m1-1': 1.04, 'm2-1': 100.44, 'm3-1': 95.29, 'm4-1': 11.21, 'm5-1': 11.4, 'm6-1': 10.18, 'm7-1': 100.62, 'm8-1': 107.99}",2.0115000000000123,210.156,inf,211.497,211.497,211.497
230,T1,BESTEFFORT,MISSED,m7-1,61.742,"{'m1-1': 1.08, 'm2-1': 112.45, 'm3-1': 100.0, 'm4-1': 9.65, 'm5-1': 11.06, 'm6-1': 11.17, 'm7-1': 98.69, 'm8-1': 110.51}",3.0959999999999894,209.678,inf,211.742,211.742,211.742
231,T4,BESTEFFORT,COMPLETED,m1-1,62.209,"{'m1-1': 1.15, 'm2-1': 110.5, 'm3-1': 96.6, 'm4-1': 11.1, 'm5-1': 10.52, 'm6-1': 11.53, 'm7-1': 101.21, 'm8-1': 105.66}",1.7249999999999999,161.28600000000003,162.43600000000004,inf,212.209,212.209
232,T2,BESTEFFORT,MISSED,m8-1,62.251,"{'m1-1': 1.03, 'm2-1': 104.2, 'm3-1': 99.7, 'm4-1': 11.13, 'm5-1': 11.42, 'm6-1': 10.43, 'm7-1': 106.62, 'm8-1': 109.63}",2.431500000000014,210.63,inf,212.251,212.251,212.251
233,T4,BESTEFFORT,MISSED,m7-1,62.259,"{'m1-1': 1.1, 'm2-1': 112.88, 'm3-1': 99.88, 'm4-1': 10.77, 'm5-1': 10.14, 'm6-1': 11.68, 'm7-1': 115.13, 'm8-1': 104.34}",0.7755000000000365,211.742,inf,212.25900000000001,212.25900000000001,212.25900000000001
234,T1,BESTEFFORT,MISSED,m2-1,62.523,"{'m1-1': 1.05, 'm2-1': 110.49, 'm3-1': 101.42, 'm4-1': 9.72, 'm5-1': 9.77, 'm6-1': 9.69, 'm7-1': 106.5, 'm8-1': 105.09}",2.626500000000007,210.772,inf,212.523,212.523,212.523
235,T3,BESTEFFORT,MISSED,m8-1,63.042,"{'m1-1': 1.0, 'm2-1': 96.87, 'm3-1': 110.97, 'm4-1': 10.23, 'm5-1': 11.01, 'm6-1': 10.59, 'm7-1': 99.1, 'm8-1': 93.99}",1.1864999999999952,212.251,inf,213.042,213.042,213.042
236,T4,BESTEFFORT,MISSED,m3-1,63.209,"{'m1-1': 1.07, 'm2-1': 118.13, 'm3-1': 103.16, 'm4-1': 10.96, 'm5-1': 10.06, 'm6-1': 11.76, 'm7-1': 113.99, 'm8-1': 96.11}",2.5679999999999836,211.497,inf,213.209,213.209,213.209
237,T4,BESTEFFORT,COMPLETED,m1-1,63.734,"{'m1-1': 1.16, 'm2-1': 112.3, 'm3-1': 95.5, 'm4-1': 11.16, 'm5-1': 10.67, 'm6-1': 10.66, 'm7-1': 108.8, 'm8-1': 106.54}",1.7399999999999998,162.43600000000004,163.59600000000003,inf,213.734,213.734
238,T3,BESTEFFORT,MISSED,m2-1,64.485,"{'m1-1': 1.03, 'm2-1': 98.83, 'm3-1': 115.95, 'm4-1': 10.33, 'm5-1': 10.05, 'm6-1': 10.72, 'm7-1': 110.36, 'm8-1': 99.79}",2.9430000000000263,212.523,inf,214.485,214.485,214.485
239,T3,BESTEFFORT,COMPLETED,m1-1,64.672,"{'m1-1': 1.04, 'm2-1': 102.44, 'm3-1': 115.73, 'm4-1': 10.91, 'm5-1': 11.48, 'm6-1': 10.56, 'm7-1': 109.98, 'm8-1': 97.93}",1.56,163.59600000000003,164.63600000000002,inf,214.672,214.672
240,T2,BESTEFFORT,COMPLETED,m1-1,64.716,"{'m1-1': 1.03, 'm2-1': 105.54, 'm3-1': 95.9, 'm4-1': 11.5, 'm5-1': 11.56, 'm6-1': 9.85, 'm7-1': 107.39, 'm8-1': 100.69}",1.545,164.63600000000002,165.66600000000003,inf,214.716,214.716
241,T3,BESTEFFORT,COMPLETED,m1-1,64.948,"{'m1-1': 1.07, 'm2-1': 101.28, 'm3-1': 100.68, 'm4-1': 11.71, 'm5-1': 11.02, 'm6-1': 10.44, 'm7-1': 111.31, 'm8-1': 104.9}",1.605,165.66600000000003,166.73600000000002,inf,214.94799999999998,214.94799999999998
242,T4,BESTEFFORT,COMPLETED,m4-1,64.981,"{'m1-1': 1.06, 'm2-1': 113.41, 'm3-1': 99.71, 'm4-1': 9.46, 'm5-1': 10.78, 'm6-1': 11.2, 'm7-1': 106.58, 'm8-1': 99.04}",14.190000000000001,195.31399999999996,204.77399999999997,inf,214.981,214.981
243,T4,BESTEFFORT,COMPLETED,m1-1,65.074,"{'m1-1': 1.13, 'm2-1': 105.52, 'm3-1': 99.86, 'm4-1': 11.1, 'm5-1': 11.35, 'm6-1': 10.17, 'm7-1': 111.81, 'm8-1': 102.04}",1.6949999999999998,166.73600000000002,167.866,inf,215.074,215.074
244,T1,BESTEFFORT,COMPLETED,m6-1,65.185,"{'m1-1': 1.04, 'm2-1': 114.28, 'm3-1': 104.83, 'm4-1': 10.7, 'm5-1': 10.2, 'm6-1': 11.14, 'm7-1': 105.61, 'm8-1': 104.09}",16.71,195.617,206.757,inf,215.185,215.185
245,T1,BESTEFFORT,COMPLETED,m1-1,65.383,"{'m1-1': 1.12, 'm2-1': 103.17, 'm3-1': 118.28, 'm4-1': 10.75, 'm5-1': 10.85, 'm6-1': 9.66, 'm7-1': 109.32, 'm8-1': 109.04}",1.6800000000000002,167.866,168.98600000000002,inf,215.38299999999998,215.38299999999998
246,T2,BESTEFFORT,COMPLETED,m1-1,65.397,"{'m1-1': 1.06, 'm2-1': 113.85, 'm3-1': 108.13, 'm4-1': 10.42, 'm5-1': 10.73, 'm6-1': 11.28, 'm7-1': 115.26, 'm8-1': 105.03}",1.59,168.98600000000002,170.04600000000002,inf,215.397,215.397
247,T4,BESTEFFORT,COMPLETED,m1-1,65.555,"{'m1-1': 1.03, 'm2-1': 103.98, 'm3-1': 95.91, 'm4-1': 10.3, 'm5-1': 11.35, 'm6-1': 11.7, 'm7-1': 105.62, 'm8-1': 112.16}",1.545,170.04600000000002,171.07600000000002,inf,215.555,215.555
248,T4,BESTEFFORT,COMPLETED,m5-1,65.579,"{'m1-1': 1.01, 'm2-1': 110.93, 'm3-1': 96.06, 'm4-1': 9.66, 'm5-1': 11.11, 'm6-1': 11.32, 'm7-1': 111.68, 'm8-1': 98.65}",16.665,200.221,211.33100000000002,inf,215.579,215.579
249,T2,BESTEFFORT,COMPLETED,m1-1,66.022,"{'m1-1': 0.94, 'm2-1': 107.82, 'm3-1': 106.23, 'm4-1': 10.75, 'm5-1': 11.04, 'm6-1': 10.08, 'm7-1': 104.12, 'm8-1': 107.14}",1.41,171.07600000000002,172.01600000000002,inf,216.022,216.022
250,T4,BESTEFFORT,COMPLETED,m1-1,66.065,"{'m1-1': 1.0, 'm2-1': 109.41, 'm3-1': 109.61, 'm4-1': 10.56, 'm5-1': 10.06, 'm6-1': 10.84, 'm7-1': 114.0, 'm8-1': 98.68}",1.5,172.01600000000002,173.01600000000002,inf,216.065,216.065
251,T4,BESTEFFORT,COMPLETED,m1-1,66.219,"{'m1-1': 1.11, 'm2-1': 104.78, 'm3-1': 93.92, 'm4-1': 10.87, 'm5-1': 11.71, 'm6-1': 10.74, 'm7-1': 106.48, 'm8-1': 110.67}",1.665,173.01600000000002,174.12600000000003,inf,216.219,216.219
252,T4,BESTEFFORT,COMPLETED,m1-1,66.47,"{'m1-1': 1.1, 'm2-1': 102.58, 'm3-1': 97.93, 'm4-1': 9.75, 'm5-1': 11.15, 'm6-1': 10.44, 'm7-1': 104.59, 'm8-1': 95.1}",1.6500000000000001,174.12600000000003,175.22600000000003,inf,216.47,216.47
253,T2,BESTEFFORT,COMPLETED,m1-1,66.536,"{'m1-1': 0.98, 'm2-1': 109.3, 'm3-1': 98.78, 'm4-1': 9.96, 'm5-1': 10.97, 'm6-1': 11.08, 'm7-1': 112.46, 'm8-1': 104.22}",1.47,175.22600000000003,176.20600000000002,inf,216.536,216.536
254,T3,BESTEFFORT,COMPLETED,m4-1,67.005,"{'m1-1': 1.04, 'm2-1': 108.64, 'm3-1': 102.47, 'm4-1': 11.47, 'm5-1': 11.32, 'm6-1': 10.15, 'm7-1': 100.67, 'm8-1': 93.61}",17.205000000000002,204.77399999999997,216.24399999999997,inf,217.005,217.005
255,T1,BESTEFFORT,COMPLETED,m1-1,67.331,"{'m1-1': 1.05, 'm2-1': 117.74, 'm3-1': 100.89, 'm4-1': 10.88, 'm5-1': 9.49, 'm6-1': 11.06, 'm7-1': 109.97, 'm8-1': 101.82}",1.5750000000000002,176.20600000000002,177.25600000000003,inf,217.33100000000002,217.33100000000002
256,T3,BESTEFFORT,COMPLETED,m6-1,67.664,"{'m1-1': 1.03, 'm2-1': 101.3, 'm3-1': 108.36, 'm4-1': 10.84, 'm5-1': 11.47, 'm6-1': 10.36, 'm7-1': 96.48, 'm8-1': 106.23}",15.54,206.757,217.11700000000002,inf,217.664,217.664
257,T1,BESTEFFORT,COMPLETED,m1-1,67.882,"{'m1-1': 1.05, 'm2-1': 109.36, 'm3-1': 113.91, 'm4-1': 10.36, 'm5-1': 9.63, 'm6-1': 9.91, 'm7-1': 109.25, 'm8-1': 112.28}",1.5750000000000002,177.25600000000003,178.30600000000004,inf,217.882,217.882
258,T4,BESTEFFORT,COMPLETED,m1-1,68.049,"{'m1-1': 1.01, 'm2-1': 101.3, 'm3-1': 105.38, 'm4-1': 11.13, 'm5-1': 10.9, 'm6-1': 10.78, 'm7-1': 104.06, 'm8-1': 102.55}",1.5150000000000001,178.30600000000004,179.31600000000003,inf,218.049,218.049
259,T3,BESTEFFORT,COMPLETED,m1-1,68.241,"{'m1-1': 1.11, 'm2-1': 108.64, 'm3-1': 116.54, 'm4-1': 11.24, 'm5-1': 10.07, 'm6-1': 10.31, 'm7-1': 114.46, 'm8-1': 101.24}",1.665,179.31600000000003,180.42600000000004,inf,218.24099999999999,218.24099999999999
260,T3,BESTEFFORT,COMPLETED,m1-1,68.476,"{'m1-1': 0.99, 'm2-1': 96.89, 'm3-1': 113.39, 'm4-1': 11.32, 'm5-1': 10.1, 'm6-1': 11.05, 'm7-1': 103.36, 'm8-1': 107.04}",1.4849999999999999,180.42600000000004,181.41600000000005,inf,218.476,218.476
261,T2,BESTEFFORT,MISSED,m5-1,69.248,"{'m1-1': 1.0, 'm2-1': 101.2, 'm3-1': 109.17, 'm4-1': 11.56, 'm5-1': 10.39, 'm6-1': 11.58, 'm7-1': 103.5, 'm8-1': 99.03}",11.87549999999996,211.33100000000002,inf,219.248,219.248,219.248
262,T4,BESTEFFORT,COMPLETED,m1-1,69.315,"{'m1-1': 1.05, 'm2-1': 101.56, 'm3-1': 94.56, 'm4-1': 9.63, 'm5-1': 11.66, 'm6-1': 11.56, 'm7-1': 115.28, 'm8-1': 108.17}",1.5750000000000002,181.41600000000005,182.46600000000007,inf,219.315,219.315
263,T3,BESTEFFORT,COMPLETED,m1-1,69.488,"{'m1-1': 1.08, 'm2-1': 94.72, 'm3-1': 102.43, 'm4-1': 11.04, 'm5-1': 11.21, 'm6-1': 11.07, 'm7-1': 106.81, 'm8-1': 110.01}",1.62,182.46600000000007,183.54600000000008,inf,219.488,219.488
264,T4,BESTEFFORT,COMPLETED,m1-1,69.977,"{'m1-1': 1.12, 'm2-1': 111.47, 'm3-1': 101.73, 'm4-1': 11.08, 'm5-1': 10.7, 'm6-1': 11.05, 'm7-1': 103.38, 'm8-1': 95.71}",1.6800000000000002,183.54600000000008,184.66600000000008,inf,219.977,219.977
265,T3,BESTEFFORT,COMPLETED,m1-1,69.979,"{'m1-1': 1.0, 'm2-1': 95.62, 'm3-1': 113.65, 'm4-1': 11.65, 'm5-1': 11.84, 'm6-1': 10.44, 'm7-1': 109.22, 'm8-1': 98.79}",1.5,184.66600000000008,185.66600000000008,inf,219.97899999999998,219.97899999999998
266,T1,BESTEFFORT,COMPLETED,m1-1,70.119,"{'m1-1': 1.02, 'm2-1': 111.29, 'm3-1': 104.36, 'm4-1': 11.13, 'm5-1': 9.79, 'm6-1': 10.29, 'm7-1': 107.08, 'm8-1': 95.11}",1.53,185.66600000000008,186.6860000000001,inf,220.119,220.119
267,T2,BESTEFFORT,COMPLETED,m1-1,70.371,"{'m1-1': 1.08, 'm2-1': 113.77, 'm3-1': 111.5, 'm4-1': 10.63, 'm5-1': 11.03, 'm6-1': 11.09, 'm7-1': 98.77, 'm8-1': 95.71}",1.62,186.6860000000001,187.7660000000001,inf,220.37099999999998,220.37099999999998
268,T1,BESTEFFORT,MISSED,m4-1,70.635,"{'m1-1': 1.05, 'm2-1': 110.19, 'm3-1': 108.54, 'm4-1': 10.12, 'm5-1': 11.09, 'm6-1': 10.44, 'm7-1': 104.92, 'm8-1': 105.55}",6.586500000000029,216.24399999999997,inf,220.635,220.635,220.635
269,T3,BESTEFFORT,COMPLETED,m1-1,70.827,"{'m1-1': 0.95, 'm2-1': 107.16, 'm3-1': 116.86, 'm4-1': 10.36, 'm5-1': 11.21, 'm6-1': 10.32, 'm7-1': 111.63, 'm8-1': 98.15}",1.4249999999999998,187.7660000000001,188.7160000000001,inf,220.827,220.827
270,T3,BESTEFFORT,MISSED,m6-1,71.244,"{'m1-1': 1.11, 'm2-1': 109.12, 'm3-1': 109.26, 'm4-1': 11.12, 'm5-1': 11.46, 'm6-1': 10.3, 'm7-1': 101.52, 'm8-1': 95.86}",6.190499999999972,217.11700000000002,inf,221.244,221.244,221.244
271,T3,BESTEFFORT,COMPLETED,m1-1,71.533,"{'m1-1': 1.06, 'm2-1': 108.84, 'm3-1': 105.71, 'm4-1': 10.46, 'm5-1': 11.49, 'm6-1': 10.15, 'm7-1': 97.27, 'm8-1': 100.82}",1.59,188.7160000000001,189.7760000000001,inf,221.53300000000002,221.53300000000002
272,T2,BESTEFFORT,COMPLETED,m1-1,71.924,"{'m1-1': 1.03, 'm2-1': 111.42, 'm3-1': 101.98, 'm4-1': 9.94, 'm5-1': 11.25, 'm6-1': 10.57, 'm7-1': 99.4, 'm8-1': 98.78}",1.545,189.7760000000001,190.8060000000001,inf,221.924,221.924
273,T2,BESTEFFORT,COMPLETED,m1-1,72.02,"{'m1-1': 1.09, 'm2-1': 97.77, 'm3-1': 98.34, 'm4-1': 10.58, 'm5-1': 11.2, 'm6-1': 9.98, 'm7-1': 106.64, 'm8-1': 102.12}",1.6350000000000002,190.8060000000001,191.8960000000001,inf,222.01999999999998,222.01999999999998
274,T2,BESTEFFORT,COMPLETED,m1-1,72.138,"{'m1-1': 1.03, 'm2-1': 98.37, 'm3-1': 95.5, 'm4-1': 10.81, 'm5-1': 10.99, 'm6-1': 10.06, 'm7-1': 115.82, 'm8-1': 109.49}",1.545,191.8960000000001,192.9260000000001,inf,222.138,222.138
275,T2,BESTEFFORT,MISSED,m3-1,72.149,"{'m1-1': 0.98, 'm2-1': 109.6, 'm3-1': 95.28, 'm4-1': 10.67, 'm5-1': 11.42, 'm6-1': 10.86, 'm7-1': 105.73, 'm8-1': 93.03}",13.409999999999997,213.209,inf,222.149,222.149,222.149
276,T2,BESTEFFORT,MISSED,m5-1,72.238,"{'m1-1': 1.01, 'm2-1': 99.9, 'm3-1': 95.63, 'm4-1': 10.07, 'm5-1': 11.16, 'm6-1': 10.17, 'm7-1': 112.58, 'm8-1': 104.51}",4.485000000000014,219.248,inf,222.238,222.238,222.238
277,T2,BESTEFFORT,MISSED,m8-1,72.666,"{'m1-1': 0.95, 'm2-1': 111.96, 'm3-1': 96.2, 'm4-1': 10.44, 'm5-1': 10.73, 'm6-1': 10.37, 'm7-1': 111.96, 'm8-1': 109.32}",14.435999999999993,213.042,inf,222.666,222.666,222.666
278,T1,BESTEFFORT,COMPLETED,m1-1,72.699,"{'m1-1': 1.01, 'm2-1': 103.68, 'm3-1': 102.0, 'm4-1': 11.03, 'm5-1': 9.61, 'm6-1': 10.68, 'm7-1': 101.53, 'm8-1': 96.7}",1.5150000000000001,192.9260000000001,193.9360000000001,inf,222.699,222.699
279,T1,BESTEFFORT,COMPLETED,m1-1,72.844,"{'m1-1': 1.04, 'm2-1': 114.22, 'm3-1': 105.29, 'm4-1': 11.01, 'm5-1': 9.48, 'm6-1': 10.62, 'm7-1': 105.61, 'm8-1': 95.22}",1.56,193.9360000000001,194.97600000000008,inf,222.844,222.844
280,T1,BESTEFFORT,MISSED,m7-1,72.853,"{'m1-1': 1.18, 'm2-1': 112.75, 'm3-1': 116.52, 'm4-1': 10.27, 'm5-1': 11.06, 'm6-1': 9.66, 'm7-1': 108.8, 'm8-1': 111.9}",15.890999999999991,212.25900000000001,inf,222.853,222.853,222.853
281,T1,BESTEFFORT,COMPLETED,m1-1,72.925,"{'m1-1': 1.11, 'm2-1': 102.03, 'm3-1': 118.6, 'm4-1': 9.66, 'm5-1': 11.02, 'm6-1': 10.8, 'm7-1': 95.94, 'm8-1': 108.14}",1.665,194.97600000000008,196.0860000000001,inf,222.925,222.925
282,T3,BESTEFFORT,COMPLETED,m1-1,73.054,"{'m1-1': 1.09, 'm2-1': 105.53, 'm3-1': 114.16, 'm4-1': 10.95, 'm5-1': 11.55, 'm6-1': 10.7, 'm7-1': 104.96, 'm8-1': 98.45}",1.6350000000000002,196.0860000000001,197.1760000000001,inf,223.054,223.054
283,T2,BESTEFFORT,MISSED,m2-1,73.213,"{'m1-1': 1.07, 'm2-1': 113.18, 'm3-1': 109.13, 'm4-1': 10.09, 'm5-1': 10.74, 'm6-1': 11.62, 'm7-1': 107.97, 'm8-1': 110.32}",13.09199999999997,214.485,inf,223.213,223.213,223.213
284,T3,BESTEFFORT,COMPLETED,m1-1,73.268,"{'m1-1': 0.96, 'm2-1': 110.02, 'm3-1': 106.06, 'm4-1': 11.35, 'm5-1': 11.26, 'm6-1': 11.23, 'm7-1': 109.0, 'm8-1': 100.75}",1.44,197.1760000000001,198.1360000000001,inf,223.268,223.268
285,T2,BESTEFFORT,COMPLETED,m1-1,73.437,"{'m1-1': 0.95, 'm2-1': 99.62, 'm3-1': 99.09, 'm4-1': 11.32, 'm5-1': 10.09, 'm6-1': 11.32, 'm7-1': 103.3, 'm8-1': 101.22}",1.4249999999999998,198.1360000000001,199.0860000000001,inf,223.437,223.437
286,T1,BESTEFFORT,MISSED,m4-1,73.503,"{'m1-1': 1.0, 'm2-1': 100.87, 'm3-1': 107.38, 'm4-1': 11.24, 'm5-1': 9.72, 'm6-1': 9.59, 'm7-1': 97.98, 'm8-1': 110.01}",4.3019999999999925,220.635,inf,223.503,223.503,223.503
287,T4,BESTEFFORT,MISSED,m6-1,73.9,"{'m1-1': 1.16, 'm2-1': 106.84, 'm3-1': 108.6, 'm4-1': 10.86, 'm5-1': 11.34, 'm6-1': 10.96, 'm7-1': 111.24, 'm8-1': 99.68}",3.984000000000009,221.244,inf,223.9,223.9,223.9
288,T2,BESTEFFORT,COMPLETED,m1-1,74.041,"{'m1-1': 1.07, 'm2-1': 101.44, 'm3-1': 104.12, 'm4-1': 11.12, 'm5-1': 10.6, 'm6-1': 11.54, 'm7-1': 110.78, 'm8-1': 107.14}",1.605,199.0860000000001,200.1560000000001,inf,224.041,224.041
289,T3,BESTEFFORT,COMPLETED,m1-1,74.444,"{'m1-1': 1.05, 'm2-1': 96.16, 'm3-1': 108.03, 'm4-1': 10.14, 'm5-1': 10.38, 'm6-1': 10.92, 'm7-1': 108.49, 'm8-1': 95.27}",1.5750000000000002,200.1560000000001,201.2060000000001,inf,224.44400000000002,224.44400000000002
290,T1,BESTEFFORT,COMPLETED,m1-1,74.666,"{'m1-1': 1.17, 'm2-1': 105.38, 'm3-1': 115.16, 'm4-1': 9.93, 'm5-1': 9.72, 'm6-1': 10.55, 'm7-1': 96.21, 'm8-1': 104.46}",1.755,201.2060000000001,202.3760000000001,inf,224.666,224.666
291,T2,BESTEFFORT,COMPLETED,m1-1,75.016,"{'m1-1': 0.98, 'm2-1': 114.11, 'm3-1': 105.24, 'm4-1': 9.83, 'm5-1': 10.75, 'm6-1': 11.32, 'm7-1': 111.02, 'm8-1': 104.45}",1.47,202.3760000000001,203.35600000000008,inf,225.01600000000002,225.01600000000002
292,T3,BESTEFFORT,COMPLETED,m1-1,75.31,"{'m1-1': 1.08, 'm2-1': 102.96, 'm3-1': 102.47, 'm4-1': 10.31, 'm5-1': 10.85, 'm6-1': 10.46, 'm7-1': 101.31, 'm8-1': 104.26}",1.62,203.35600000000008,204.4360000000001,inf,225.31,225.31
293,T4,BESTEFFORT,MISSED,m5-1,75.333,"{'m1-1': 1.18, 'm2-1': 117.09, 'm3-1': 94.77, 'm4-1': 11.1, 'm5-1': 10.89, 'm6-1': 10.22, 'm7-1': 106.62, 'm8-1': 97.79}",4.642499999999998,222.238,inf,225.333,225.333,225.333
294,T4,BESTEFFORT,COMPLETED,m1-1,75.428,"{'m1-1': 1.12, 'm2-1': 111.38, 'm3-1': 110.25, 'm4-1': 9.82, 'm5-1': 11.52, 'm6-1': 9.99, 'm7-1': 114.54, 'm8-1': 111.27}",1.6800000000000002,204.4360000000001,205.5560000000001,inf,225.428,225.428
295,T2,BESTEFFORT,COMPLETED,m1-1,75.586,"{'m1-1': 1.03, 'm2-1': 109.87, 'm3-1': 100.64, 'm4-1': 10.24, 'm5-1': 11.54, 'm6-1': 11.57, 'm7-1': 104.33, 'm8-1': 104.96}",1.545,205.5560000000001,206.5860000000001,inf,225.586,225.586
296,T2,BESTEFFORT,COMPLETED,m1-1,75.809,"{'m1-1': 0.96, 'm2-1': 107.78, 'm3-1': 94.78, 'm4-1': 11.34, 'm5-1': 11.28, 'm6-1': 10.13, 'm7-1': 102.88, 'm8-1': 106.39}",1.44,206.5860000000001,207.5460000000001,inf,225.809,225.809
297,T2,BESTEFFORT,COMPLETED,m1-1,76.03,"{'m1-1': 0.94, 'm2-1': 109.29, 'm3-1': 98.63, 'm4-1': 10.16, 'm5-1': 10.17, 'm6-1': 11.27, 'm7-1': 116.01, 'm8-1': 95.25}",1.41,207.5460000000001,208.4860000000001,inf,226.03,226.03
298,T1,BESTEFFORT,MISSED,m4-1,76.161,"{'m1-1': 1.0, 'm2-1': 102.03, 'm3-1': 104.05, 'm4-1': 9.73, 'm5-1': 10.47, 'm6-1': 10.69, 'm7-1': 104.03, 'm8-1': 112.05}",3.987000000000023,223.503,inf,226.161,226.161,226.161
299,T4,BESTEFFORT,COMPLETED,m1-1,76.199,"{'m1-1': 1.02, 'm2-1': 116.73, 'm3-1': 101.31, 'm4-1': 11.19, 'm5-1': 11.78, 'm6-1': 10.0, 'm7-1': 102.04, 'm8-1': 109.23}",1.53,208.4860000000001,209.5060000000001,inf,226.199,226.199
300,T2,BESTEFFORT,COMPLETED,m1-1,76.746,"{'m1-1': 1.04, 'm2-1': 105.67, 'm3-1': 104.7, 'm4-1': 11.02, 'm5-1': 11.22, 'm6-1': 10.69, 'm7-1': 107.44, 'm8-1': 102.18}",1.56,209.5060000000001,210.5460000000001,inf,226.74599999999998,226.74599999999998
301,T3,BESTEFFORT,MISSED,m6-1,77.06,"{'m1-1': 0.96, 'm2-1': 110.79, 'm3-1': 114.11, 'm4-1': 9.96, 'm5-1': 10.4, 'm6-1': 9.97, 'm7-1': 106.07, 'm8-1': 103.74}",4.739999999999995,223.9,inf,227.06,227.06,227.06
302,T4,BESTEFFORT,COMPLETED,m1-1,77.332,"{'m1-1': 1.11, 'm2-1': 105.45, 'm3-1': 100.78, 'm4-1': 9.97, 'm5-1': 11.12, 'm6-1': 11.77, 'm7-1': 114.8, 'm8-1': 99.26}",1.665,210.5460000000001,211.65600000000012,inf,227.332,227.332
303,T2,BESTEFFORT,COMPLETED,m1-1,77.461,"{'m1-1': 0.97, 'm2-1': 96.93, 'm3-1': 94.78, 'm4-1': 10.42, 'm5-1': 10.6, 'm6-1': 10.01, 'm7-1': 107.69, 'm8-1': 101.78}",1.455,211.65600000000012,212.62600000000012,inf,227.461,227.461
304,T1,BESTEFFORT,COMPLETED,m1-1,77.769,"{'m1-1': 1.05, 'm2-1': 104.05, 'm3-1': 109.11, 'm4-1': 10.06, 'm5-1': 10.84, 'm6-1': 10.25, 'm7-1': 104.16, 'm8-1': 95.88}",1.5750000000000002,212.62600000000012,213.67600000000013,inf,227.769,227.769
305,T2,BESTEFFORT,MISSED,m7-1,78.257,"{'m1-1': 1.05, 'm2-1': 104.31, 'm3-1': 105.42, 'm4-1': 10.58, 'm5-1': 11.72, 'm6-1': 9.94, 'm7-1': 110.53, 'm8-1': 100.04}",8.105999999999995,222.853,inf,228.257,228.257,228.257
306,T4,BESTEFFORT,MISSED,m3-1,78.679,"{'m1-1': 1.07, 'm2-1': 105.16, 'm3-1': 95.78, 'm4-1': 11.0, 'm5-1': 11.32, 'm6-1': 11.32, 'm7-1': 113.7, 'm8-1': 103.82}",9.795000000000002,222.149,inf,228.679,228.679,228.679
307,T1,BESTEFFORT,COMPLETED,m1-1,78.69,"{'m1-1': 1.09, 'm2-1': 114.99, 'm3-1': 102.02, 'm4-1': 10.54, 'm5-1': 10.19, 'm6-1': 10.9, 'm7-1': 107.39, 'm8-1': 108.21}",1.6350000000000002,213.67600000000013,214.76600000000013,inf,228.69,228.69
308,T3,BESTEFFORT,MISSED,m8-1,78.985,"{'m1-1': 1.04, 'm2-1': 93.3, 'm3-1': 118.04, 'm4-1': 10.26, 'm5-1': 10.43, 'm6-1': 11.26, 'm7-1': 107.14, 'm8-1': 108.41}",9.478500000000025,222.666,inf,228.985,228.985,228.985
309,T4,BESTEFFORT,MISSED,m2-1,79.667,"{'m1-1': 1.11, 'm2-1': 101.83, 'm3-1': 96.38, 'm4-1': 10.59, 'm5-1': 11.64, 'm6-1': 10.66, 'm7-1': 113.4, 'm8-1': 106.37}",9.681000000000012,223.213,inf,229.667,229.667,229.667
310,T2,BESTEFFORT,MISSED,m5-1,80.244,"{'m1-1': 0.97, 'm2-1': 106.45, 'm3-1': 99.07, 'm4-1': 10.2, 'm5-1': 11.83, 'm6-1': 11.57, 'm7-1': 100.53, 'm8-1': 97.36}",7.366500000000002,225.333,inf,230.244,230.244,230.244
311,T3,BESTEFFORT,MISSED,m3-1,80.276,"{'m1-1': 1.06, 'm2-1': 97.45, 'm3-1': 99.7, 'm4-1': 10.76, 'm5-1': 11.45, 'm6-1': 11.14, 'm7-1': 98.18, 'm8-1': 97.4}",2.3955000000000126,228.679,inf,230.276,230.276,230.276
312,T1,BESTEFFORT,COMPLETED,m1-1,80.315,"{'m1-1': 1.0, 'm2-1': 104.24, 'm3-1': 114.52, 'm4-1': 10.57, 'm5-1': 9.91, 'm6-1': 10.98, 'm7-1': 104.78, 'm8-1': 96.15}",1.5,214.76600000000013,215.76600000000013,inf,230.315,230.315
313,T2,BESTEFFORT,MISSED,m7-1,80.744,"{'m1-1': 1.08, 'm2-1': 112.31, 'm3-1': 111.11, 'm4-1': 11.01, 'm5-1': 11.03, 'm6-1': 11.1, 'm7-1': 109.54, 'm8-1': 101.37}",3.730499999999992,228.257,inf,230.744,230.744,230.744
314,T2,BESTEFFORT,MISSED,m8-1,80.892,"{'m1-1': 1.03, 'm2-1': 97.86, 'm3-1': 104.71, 'm4-1': 10.8, 'm5-1': 11.94, 'm6-1': 10.78, 'm7-1': 103.51, 'm8-1': 97.28}",2.8604999999999734,228.985,inf,230.892,230.892,230.892
315,T2,BESTEFFORT,MISSED,m7-1,81.107,"{'m1-1': 1.04, 'm2-1': 113.11, 'm3-1': 102.51, 'm4-1': 11.3, 'm5-1': 11.93, 'm6-1': 10.02, 'm7-1': 117.27, 'm8-1': 99.13}",0.5444999999999993,230.744,inf,231.107,231.107,231.107
316,T4,BESTEFFORT,MISSED,m2-1,81.815,"{'m1-1': 1.13, 'm2-1': 116.86, 'm3-1': 100.93, 'm4-1': 9.93, 'm5-1': 11.64, 'm6-1': 11.21, 'm7-1': 101.78, 'm8-1': 101.53}",3.221999999999994,229.667,inf,231.815,231.815,231.815
317,T1,BESTEFFORT,COMPLETED,m1-1,82.147,"{'m1-1': 1.15, 'm2-1': 110.94, 'm3-1': 110.02, 'm4-1': 11.41, 'm5-1': 10.71, 'm6-1': 10.48, 'm7-1': 109.07, 'm8-1': 110.58}",1.7249999999999999,215.76600000000013,216.91600000000014,inf,232.147,232.147
318,T4,BESTEFFORT,MISSED,m8-1,83.424,"{'m1-1': 1.07, 'm2-1': 112.7, 'm3-1': 99.88, 'm4-1': 9.62, 'm5-1': 11.07, 'm6-1': 11.16, 'm7-1': 103.86, 'm8-1': 103.26}",3.798000000000016,230.892,inf,233.424,233.424,233.424
319,T1,BESTEFFORT,MISSED,m3-1,83.425,"{'m1-1': 1.06, 'm2-1': 106.02, 'm3-1': 114.84, 'm4-1': 9.65, 'm5-1': 9.47, 'm6-1': 10.37, 'm7-1': 95.29, 'm8-1': 107.22}",4.723500000000001,230.276,inf,233.425,233.425,233.425
320,T1,BESTEFFORT,COMPLETED,m1-1,83.69,"{'m1-1': 1.1, 'm2-1': 108.96, 'm3-1': 101.46, 'm4-1': 10.82, 'm5-1': 10.4, 'm6-1': 11.32, 'm7-1': 101.52, 'm8-1': 103.43}",1.6500000000000001,216.91600000000014,218.01600000000013,inf,233.69,233.69
321,T2,BESTEFFORT,MISSED,m2-1,83.718,"{'m1-1': 1.11, 'm2-1': 100.49, 'm3-1': 106.13, 'm4-1': 11.45, 'm5-1': 10.4, 'm6-1': 10.18, 'm7-1': 106.66, 'm8-1': 101.93}",2.85450000000003,231.815,inf,233.71800000000002,233.71800000000002,233.71800000000002
322,T2,BESTEFFORT,COMPLETED,m1-1,84.102,"{'m1-1': 1.04, 'm2-1': 96.74, 'm3-1': 96.5, 'm4-1': 11.02, 'm5-1': 10.86, 'm6-1': 11.25, 'm7-1': 107.91, 'm8-1': 106.65}",1.56,218.01600000000013,219.05600000000013,inf,234.102,234.102
323,T4,BESTEFFORT,COMPLETED,m1-1,84.231,"{'m1-1': 1.01, 'm2-1': 114.82, 'm3-1': 108.21, 'm4-1': 10.68, 'm5-1': 10.13, 'm6-1': 11.54, 'm7-1': 103.31, 'm8-1': 102.87}",1.5150000000000001,219.05600000000013,220.06600000000012,inf,234.231,234.231
324,T3,BESTEFFORT,MISSED,m4-1,84.636,"{'m1-1': 0.98, 'm2-1': 104.25, 'm3-1': 110.77, 'm4-1': 10.75, 'm5-1': 11.29, 'm6-1': 10.36, 'm7-1': 110.35, 'm8-1': 100.34}",12.712499999999991,226.161,inf,234.636,234.636,234.636
325,T1,BESTEFFORT,COMPLETED,m1-1,84.777,"{'m1-1': 1.0, 'm2-1': 102.76, 'm3-1': 103.3, 'm4-1': 11.01, 'm5-1': 10.84, 'm6-1': 10.84, 'm7-1': 105.65, 'm8-1': 105.99}",1.5,220.06600000000012,221.06600000000012,inf,234.777,234.777
326,T3,BESTEFFORT,MISSED,m6-1,85.688,"{'m1-1': 1.07, 'm2-1': 100.8, 'm3-1': 113.39, 'm4-1': 11.08, 'm5-1': 10.51, 'm6-1': 10.86, 'm7-1': 110.94, 'm8-1': 108.87}",12.941999999999979,227.06,inf,235.688,235.688,235.688
327,T2,BESTEFFORT,COMPLETED,m1-1,86.167,"{'m1-1': 0.99, 'm2-1': 96.65, 'm3-1': 106.22, 'm4-1': 10.27, 'm5-1': 10.37, 'm6-1': 10.18, 'm7-1': 104.41, 'm8-1': 103.37}",1.4849999999999999,221.06600000000012,222.05600000000013,inf,236.167,236.167
328,T4,BESTEFFORT,COMPLETED,m1-1,86.275,"{'m1-1': 1.09, 'm2-1': 116.89, 'm3-1': 101.0, 'm4-1': 10.12, 'm5-1': 10.64, 'm6-1': 10.12, 'm7-1': 105.77, 'm8-1': 108.8}",1.6350000000000002,222.05600000000013,223.14600000000013,inf,236.275,236.275
329,T4,BESTEFFORT,MISSED,m5-1,86.802,"{'m1-1': 1.01, 'm2-1': 116.25, 'm3-1': 108.55, 'm4-1': 11.08, 'm5-1': 10.63, 'm6-1': 11.21, 'm7-1': 114.19, 'm8-1': 100.36}",9.837000000000032,230.244,inf,236.80200000000002,236.80200000000002,236.80200000000002
330,T4,BESTEFFORT,COMPLETED,m1-1,86.871,"{'m1-1': 1.02, 'm2-1': 100.86, 'm3-1': 107.07, 'm4-1': 10.59, 'm5-1': 11.62, 'm6-1': 10.95, 'm7-1': 115.4, 'm8-1': 108.27}",1.53,223.14600000000013,224.16600000000014,inf,236.87099999999998,236.87099999999998
331,T4,BESTEFFORT,MISSED,m4-1,87.023,"{'m1-1': 1.11, 'm2-1': 101.84, 'm3-1': 108.56, 'm4-1': 10.58, 'm5-1': 11.63, 'm6-1': 11.72, 'm7-1': 100.61, 'm8-1': 112.71}",3.5805000000000007,234.636,inf,237.023,237.023,237.023
332,T3,BESTEFFORT,COMPLETED,m1-1,87.201,"{'m1-1': 1.02, 'm2-1': 103.12, 'm3-1': 107.47, 'm4-1': 10.11, 'm5-1': 10.99, 'm6-1': 10.03, 'm7-1': 102.57, 'm8-1': 103.21}",1.53,224.16600000000014,225.18600000000015,inf,237.201,237.201
333,T1,BESTEFFORT,MISSED,m6-1,87.448,"{'m1-1': 1.08, 'm2-1': 109.29, 'm3-1': 117.32, 'm4-1': 11.4, 'm5-1': 10.3, 'm6-1': 11.37, 'm7-1': 106.18, 'm8-1': 108.47}",2.6399999999999864,235.688,inf,237.44799999999998,237.44799999999998,237.44799999999998
334,T2,BESTEFFORT,COMPLETED,m1-1,87.64,"{'m1-1': 0.93, 'm2-1': 102.3, 'm3-1': 96.27, 'm4-1': 10.6, 'm5-1': 10.98, 'm6-1': 9.79, 'm7-1': 99.28, 'm8-1': 104.96}",1.395,225.18600000000015,226.11600000000016,inf,237.64,237.64
335,T2,BESTEFFORT,MISSED,m3-1,87.755,"{'m1-1': 0.98, 'm2-1': 99.43, 'm3-1': 107.97, 'm4-1': 11.14, 'm5-1': 10.67, 'm6-1': 10.87, 'm7-1': 112.27, 'm8-1': 104.58}",6.494999999999976,233.425,inf,237.755,237.755,237.755
336,T3,BESTEFFORT,MISSED,m5-1,88.268,"{'m1-1': 1.08, 'm2-1': 110.5, 'm3-1': 105.04, 'm4-1': 10.19, 'm5-1': 10.18, 'm6-1': 10.11, 'm7-1': 114.39, 'm8-1': 107.03}",2.1989999999999696,236.80200000000002,inf,238.268,238.268,238.268
337,T2,BESTEFFORT,MISSED,m8-1,88.291,"{'m1-1': 1.06, 'm2-1': 98.37, 'm3-1': 98.39, 'm4-1': 9.85, 'm5-1': 10.6, 'm6-1': 11.6, 'm7-1': 106.91, 'm8-1': 100.79}",7.300499999999985,233.424,inf,238.291,238.291,238.291
338,T2,BESTEFFORT,MISSED,m7-1,88.324,"{'m1-1': 1.08, 'm2-1': 108.97, 'm3-1': 100.83, 'm4-1': 11.29, 'm5-1': 11.27, 'm6-1': 10.88, 'm7-1': 113.6, 'm8-1': 103.82}",10.82550000000002,231.107,inf,238.324,238.324,238.324
339,T1,BESTEFFORT,COMPLETED,m1-1,89.183,"{'m1-1': 1.09, 'm2-1': 108.99, 'm3-1': 114.06, 'm4-1': 10.78, 'm5-1': 9.59, 'm6-1': 11.29, 'm7-1': 97.04, 'm8-1': 101.59}",1.6350000000000002,226.11600000000016,227.20600000000016,inf,239.183,239.183
340,T2,BESTEFFORT,MISSED,m2-1,89.236,"{'m1-1': 1.08, 'm2-1': 96.26, 'm3-1': 96.36, 'm4-1': 10.98, 'm5-1': 11.83, 'm6-1': 10.23, 'm7-1': 103.49, 'm8-1': 95.54}",8.276999999999958,233.71800000000002,inf,239.236,239.236,239.236
341,T2,BESTEFFORT,MISSED,m4-1,89.301,"{'m1-1': 0.98, 'm2-1': 106.75, 'm3-1': 107.16, 'm4-1': 11.05, 'm5-1': 10.88, 'm6-1': 10.6, 'm7-1': 110.47, 'm8-1': 106.81}",3.4169999999999874,237.023,inf,239.301,239.301,239.301
342,T3,BESTEFFORT,MISSED,m6-1,89.584,"{'m1-1': 1.06, 'm2-1': 97.26, 'm3-1': 110.46, 'm4-1': 10.93, 'm5-1': 11.32, 'm6-1': 10.03, 'm7-1': 98.7, 'm8-1': 105.18}",3.204000000000036,237.44799999999998,inf,239.584,239.584,239.584
343,T3,BESTEFFORT,COMPLETED,m1-1,90.008,"{'m1-1': 0.96, 'm2-1': 103.12, 'm3-1': 114.33, 'm4-1': 11.51, 'm5-1': 11.64, 'm6-1': 10.61, 'm7-1': 112.37, 'm8-1': 107.48}",1.44,227.20600000000016,228.16600000000017,inf,240.00799999999998,240.00799999999998
344,T1,BESTEFFORT,COMPLETED,m1-1,90.22,"{'m1-1': 1.16, 'm2-1': 103.05, 'm3-1': 109.76, 'm4-1': 11.06, 'm5-1': 10.96, 'm6-1': 9.64, 'm7-1': 105.98, 'm8-1': 95.61}",1.7399999999999998,228.16600000000017,229.32600000000016,inf,240.22,240.22
345,T3,BESTEFFORT,MISSED,m5-1,90.27,"{'m1-1': 1.06, 'm2-1': 102.96, 'm3-1': 110.81, 'm4-1': 10.22, 'm5-1': 10.08, 'm6-1': 11.14, 'm7-1': 112.2, 'm8-1': 95.1}",3.0029999999999717,238.268,inf,240.26999999999998,240.26999999999998,240.26999999999998
346,T1,BESTEFFORT,COMPLETED,m1-1,90.713,"{'m1-1': 1.17, 'm2-1': 104.37, 'm3-1': 104.67, 'm4-1': 10.08, 'm5-1': 9.39, 'm6-1': 10.33, 'm7-1': 100.28, 'm8-1': 103.34}",1.755,229.32600000000016,230.49600000000015,inf,240.713,240.713
347,T3,BESTEFFORT,MISSED,m4-1,90.798,"{'m1-1': 1.09, 'm2-1': 100.82, 'm3-1': 109.15, 'm4-1': 10.88, 'm5-1': 10.62, 'm6-1': 10.22, 'm7-1': 102.6, 'm8-1': 99.08}",2.245500000000021,239.301,inf,240.798,240.798,240.798
348,T1,BESTEFFORT,MISSED,m6-1,90.924,"{'m1-1': 1.13, 'm2-1': 105.15, 'm3-1': 116.36, 'm4-1': 10.24, 'm5-1': 10.18, 'm6-1': 11.27, 'm7-1': 97.04, 'm8-1': 109.78}",2.010000000000005,239.584,inf,240.924,240.924,240.924
349,T2,BESTEFFORT,COMPLETED,m1-1,90.996,"{'m1-1': 0.97, 'm2-1': 103.89, 'm3-1': 94.82, 'm4-1': 11.16, 'm5-1': 11.06, 'm6-1': 10.15, 'm7-1': 113.62, 'm8-1': 109.64}",1.455,230.49600000000015,231.46600000000015,inf,240.99599999999998,240.99599999999998
350,T3,BESTEFFORT,COMPLETED,m1-1,91.429,"{'m1-1': 1.05, 'm2-1': 96.72, 'm3-1': 111.8, 'm4-1': 9.96, 'm5-1': 9.99, 'm6-1': 10.67, 'm7-1': 101.03, 'm8-1': 105.17}",1.5750000000000002,231.46600000000015,232.51600000000016,inf,241.429,241.429
351,T2,BESTEFFORT,MISSED,m7-1,91.844,"{'m1-1': 0.97, 'm2-1': 99.9, 'm3-1': 99.72, 'm4-1': 11.34, 'm5-1': 11.02, 'm6-1': 10.08, 'm7-1': 112.87, 'm8-1': 92.85}",5.279999999999973,238.324,inf,241.844,241.844,241.844
352,T3,BESTEFFORT,MISSED,m3-1,91.901,"{'m1-1': 0.97, 'm2-1': 107.42, 'm3-1': 109.1, 'm4-1': 10.1, 'm5-1': 10.84, 'm6-1': 10.52, 'm7-1': 105.33, 'm8-1': 107.36}",6.2190000000000225,237.755,inf,241.901,241.901,241.901
353,T3,BESTEFFORT,MISSED,m8-1,92.522,"{'m1-1': 1.05, 'm2-1': 105.51, 'm3-1': 105.79, 'm4-1': 10.3, 'm5-1': 10.5, 'm6-1': 11.53, 'm7-1': 103.78, 'm8-1': 107.3}",6.346499999999992,238.291,inf,242.522,242.522,242.522
354,T2,BESTEFFORT,COMPLETED,m1-1,92.704,"{'m1-1': 1.05, 'm2-1': 98.54, 'm3-1': 109.28, 'm4-1': 10.39, 'm5-1': 10.9, 'm6-1': 11.25, 'm7-1': 101.99, 'm8-1': 103.8}",1.5750000000000002,232.51600000000016,233.56600000000017,inf,242.704,242.704
355,T1,BESTEFFORT,MISSED,m2-1,92.924,"{'m1-1': 1.01, 'm2-1': 104.5, 'm3-1': 100.04, 'm4-1': 11.04, 'm5-1': 10.69, 'm6-1': 10.96, 'm7-1': 102.44, 'm8-1': 108.4}",5.532000000000025,239.236,inf,242.924,242.924,242.924
356,T4,BESTEFFORT,MISSED,m5-1,93.009,"{'m1-1': 1.08, 'm2-1': 111.79, 'm3-1': 101.38, 'm4-1': 10.56, 'm5-1': 9.95, 'm6-1': 11.16, 'm7-1': 112.49, 'm8-1': 104.9}",4.108500000000049,240.26999999999998,inf,243.00900000000001,243.00900000000001,243.00900000000001
357,T4,BESTEFFORT,MISSED,m3-1,93.229,"{'m1-1': 1.06, 'm2-1': 114.27, 'm3-1': 96.27, 'm4-1': 9.57, 'm5-1': 11.44, 'm6-1': 11.09, 'm7-1': 103.07, 'm8-1': 112.63}",1.9919999999999618,241.901,inf,243.22899999999998,243.22899999999998,243.22899999999998
358,T1,BESTEFFORT,COMPLETED,m1-1,93.358,"{'m1-1': 1.17, 'm2-1': 100.76, 'm3-1': 114.07, 'm4-1': 11.15, 'm5-1': 10.94, 'm6-1': 10.25, 'm7-1': 94.67, 'm8-1': 96.61}",1.755,233.56600000000017,234.73600000000016,inf,243.358,243.358
359,T1,BESTEFFORT,MISSED,m7-1,94.129,"{'m1-1': 1.06, 'm2-1': 113.61, 'm3-1': 111.98, 'm4-1': 10.08, 'm5-1': 9.36, 'm6-1': 11.18, 'm7-1': 104.03, 'm8-1': 106.59}",3.4275000000000375,241.844,inf,244.12900000000002,244.12900000000002,244.12900000000002
360,T1,BESTEFFORT,MISSED,m8-1,94.223,"{'m1-1': 1.07, 'm2-1': 102.08, 'm3-1': 110.99, 'm4-1': 9.62, 'm5-1': 9.42, 'm6-1': 10.29, 'm7-1': 106.77, 'm8-1': 107.36}",2.5515000000000327,242.522,inf,244.223,244.223,244.223
361,T2,BESTEFFORT,MISSED,m7-1,94.245,"{'m1-1': 0.97, 'm2-1': 99.83, 'm3-1': 103.4, 'm4-1': 10.84, 'm5-1': 10.07, 'm6-1': 10.3, 'm7-1': 109.0, 'm8-1': 100.83}",0.17399999999997817,244.12900000000002,inf,244.245,244.245,244.245
362,T2,BESTEFFORT,COMPLETED,m1-1,94.38,"{'m1-1': 0.96, 'm2-1': 110.46, 'm3-1': 105.48, 'm4-1': 11.15, 'm5-1': 10.67, 'm6-1': 11.02, 'm7-1': 100.46, 'm8-1': 96.59}",1.44,234.73600000000016,235.69600000000017,inf,244.38,244.38
363,T2,BESTEFFORT,MISSED,m2-1,94.402,"{'m1-1': 0.96, 'm2-1': 112.52, 'm3-1': 103.64, 'm4-1': 9.81, 'm5-1': 10.45, 'm6-1': 10.5, 'm7-1': 102.26, 'm8-1': 103.29}",2.2169999999999703,242.924,inf,244.402,244.402,244.402
364,T1,BESTEFFORT,COMPLETED,m1-1,94.591,"{'m1-1': 1.01, 'm2-1': 108.59, 'm3-1': 101.06, 'm4-1': 9.79, 'm5-1': 9.59, 'm6-1': 9.95, 'm7-1': 105.27, 'm8-1': 99.73}",1.5150000000000001,235.69600000000017,236.70600000000016,inf,244.591,244.591
365,T2,BESTEFFORT,MISSED,m8-1,94.61,"{'m1-1': 0.93, 'm2-1': 108.22, 'm3-1': 98.48, 'm4-1': 10.92, 'm5-1': 10.42, 'm6-1': 10.54, 'm7-1': 107.32, 'm8-1': 103.06}",0.5805000000000007,244.223,inf,244.61,244.61,244.61
366,T3,BESTEFFORT,MISSED,m3-1,95.0,"{'m1-1': 1.06, 'm2-1': 103.3, 'm3-1': 105.04, 'm4-1': 10.84, 'm5-1': 10.58, 'm6-1': 11.16, 'm7-1': 107.38, 'm8-1': 100.98}",2.6565000000000225,243.22899999999998,inf,245.0,245.0,245.0
367,T3,BESTEFFORT,COMPLETED,m1-1,95.174,"{'m1-1': 1.05, 'm2-1': 99.32, 'm3-1': 112.0, 'm4-1': 10.2, 'm5-1': 10.17, 'm6-1': 10.13, 'm7-1': 108.33, 'm8-1': 105.47}",1.5750000000000002,236.70600000000016,237.75600000000017,inf,245.174,245.174
368,T2,BESTEFFORT,MISSED,m2-1,95.235,"{'m1-1': 0.94, 'm2-1': 109.24, 'm3-1': 96.57, 'm4-1': 11.48, 'm5-1': 11.15, 'm6-1': 10.18, 'm7-1': 102.48, 'm8-1': 103.8}",1.2495000000000402,244.402,inf,245.235,245.235,245.235
369,T4,BESTEFFORT,MISSED,m4-1,95.417,"{'m1-1': 1.16, 'm2-1': 109.64, 'm3-1': 98.67, 'm4-1': 10.61, 'm5-1': 10.61, 'm6-1': 11.45, 'm7-1': 106.88, 'm8-1': 97.36}",6.9285,240.798,inf,245.417,245.417,245.417
370,T1,BESTEFFORT,COMPLETED,m1-1,95.93,"{'m1-1': 1.03, 'm2-1': 105.92, 'm3-1': 101.16, 'm4-1': 10.13, 'm5-1': 11.06, 'm6-1': 10.06, 'm7-1': 93.46, 'm8-1': 102.3}",1.545,237.75600000000017,238.78600000000017,inf,245.93,245.93
371,T1,BESTEFFORT,MISSED,m6-1,96.209,"{'m1-1': 1.14, 'm2-1': 118.58, 'm3-1': 102.92, 'm4-1': 11.28, 'm5-1': 10.28, 'm6-1': 9.65, 'm7-1': 97.05, 'm8-1': 105.0}",7.927499999999995,240.924,inf,246.209,246.209,246.209
372,T4,BESTEFFORT,COMPLETED,m1-1,96.461,"{'m1-1': 1.0, 'm2-1': 116.46, 'm3-1': 95.95, 'm4-1': 10.07, 'm5-1': 11.19, 'm6-1': 11.16, 'm7-1': 113.71, 'm8-1': 95.7}",1.5,238.78600000000017,239.78600000000017,inf,246.461,246.461
373,T4,BESTEFFORT,COMPLETED,m1-1,96.489,"{'m1-1': 1.01, 'm2-1': 112.95, 'm3-1': 102.8, 'm4-1': 11.02, 'm5-1': 11.15, 'm6-1': 10.6, 'm7-1': 101.16, 'm8-1': 97.8}",1.5150000000000001,239.78600000000017,240.79600000000016,inf,246.489,246.489
374,T4,BESTEFFORT,MISSED,m5-1,97.502,"{'m1-1': 1.04, 'm2-1': 112.76, 'm3-1': 93.26, 'm4-1': 9.74, 'm5-1': 11.6, 'm6-1': 11.39, 'm7-1': 101.74, 'm8-1': 98.09}",6.7394999999999925,243.00900000000001,inf,247.502,247.502,247.502
375,T2,BESTEFFORT,MISSED,m4-1,97.599,"{'m1-1': 1.03, 'm2-1': 99.58, 'm3-1': 109.91, 'm4-1': 10.15, 'm5-1': 10.06, 'm6-1': 10.77, 'm7-1': 109.81, 'm8-1': 94.61}",3.272999999999982,245.417,inf,247.599,247.599,247.599
376,T1,BESTEFFORT,MISSED,m6-1,97.723,"{'m1-1': 1.0, 'm2-1': 104.52, 'm3-1': 116.0, 'm4-1': 10.36, 'm5-1': 10.72, 'm6-1': 9.61, 'm7-1': 94.7, 'm8-1': 107.16}",2.271000000000015,246.209,inf,247.723,247.723,247.723
377,T1,BESTEFFORT,MISSED,m3-1,97.806,"{'m1-1': 1.06, 'm2-1': 104.52, 'm3-1': 101.78, 'm4-1': 10.83, 'm5-1': 10.81, 'm6-1': 9.61, 'm7-1': 109.8, 'm8-1': 104.13}",4.208999999999975,245.0,inf,247.80599999999998,247.80599999999998,247.80599999999998
378,T3,BESTEFFORT,COMPLETED,m1-1,97.811,"{'m1-1': 0.96, 'm2-1': 101.83, 'm3-1': 115.62, 'm4-1': 10.51, 'm5-1': 11.11, 'm6-1': 10.34, 'm7-1': 97.86, 'm8-1': 101.61}",1.44,240.79600000000016,241.75600000000017,inf,247.811,247.811
379,T3,BESTEFFORT,MISSED,m5-1,98.107,"{'m1-1': 0.95, 'm2-1': 97.78, 'm3-1': 102.26, 'm4-1': 11.37, 'm5-1': 11.45, 'm6-1': 10.64, 'm7-1': 101.96, 'm8-1': 103.53}",0.9074999999999847,247.502,inf,248.107,248.107,248.107
380,T2,BESTEFFORT,MISSED,m8-1,98.775,"{'m1-1': 0.96, 'm2-1': 99.71, 'm3-1': 102.09, 'm4-1': 10.38, 'm5-1': 11.3, 'm6-1': 11.32, 'm7-1': 112.27, 'm8-1': 96.9}",6.247499999999988,244.61,inf,248.775,248.775,248.775
381,T1,BESTEFFORT,MISSED,m7-1,98.787,"{'m1-1': 1.17, 'm2-1': 107.2, 'm3-1': 114.6, 'm4-1': 11.12, 'm5-1': 11.02, 'm6-1': 10.34, 'm7-1': 106.36, 'm8-1': 97.09}",6.813000000000002,244.245,inf,248.787,248.787,248.787
382,T4,BESTEFFORT,COMPLETED,m1-1,99.597,"{'m1-1': 1.04, 'm2-1': 105.3, 'm3-1': 98.29, 'm4-1': 11.04, 'm5-1': 10.97, 'm6-1': 11.8, 'm7-1': 115.03, 'm8-1': 98.81}",1.56,241.75600000000017,242.79600000000016,inf,249.59699999999998,249.59699999999998
383,T4,BESTEFFORT,MISSED,m2-1,99.778,"{'m1-1': 1.14, 'm2-1': 107.84, 'm3-1': 99.36, 'm4-1': 11.18, 'm5-1': 11.58, 'm6-1': 10.84, 'm7-1': 103.61, 'm8-1': 107.42}",6.8145000000000095,245.235,inf,249.77800000000002,249.77800000000002,249.77800000000002
384,T1,BESTEFFORT,MISSED,m4-1,99.889,"{'m1-1': 1.12, 'm2-1': 106.37, 'm3-1': 103.6, 'm4-1': 10.4, 'm5-1': 9.49, 'm6-1': 10.85, 'm7-1': 110.43, 'm8-1': 96.77}",3.4350000000000307,247.599,inf,249.889,249.889,249.889
385,T4,BESTEFFORT,MISSED,m6-1,100.045,"{'m1-1': 1.1, 'm2-1': 112.31, 'm3-1': 96.15, 'm4-1': 9.95, 'm5-1': 9.95, 'm6-1': 10.73, 'm7-1': 101.88, 'm8-1': 103.87}",3.483000000000004,247.723,inf,250.04500000000002,250.04500000000002,250.04500000000002
386,T1,BESTEFFORT,COMPLETED,m1-1,100.191,"{'m1-1': 1.16, 'm2-1': 112.27, 'm3-1': 115.65, 'm4-1': 10.44, 'm5-1': 10.31, 'm6-1': 10.27, 'm7-1': 106.36, 'm8-1': 100.11}",1.7399999999999998,242.79600000000016,243.95600000000016,inf,250.191,250.191
387,T4,BESTEFFORT,MISSED,m5-1,100.347,"{'m1-1': 1.09, 'm2-1': 117.98, 'm3-1': 93.51, 'm4-1': 10.2, 'm5-1': 10.86, 'm6-1': 11.38, 'm7-1': 102.98, 'm8-1': 107.35}",3.359999999999971,248.107,inf,250.34699999999998,250.34699999999998,250.34699999999998
388,T4,BESTEFFORT,COMPLETED,m1-1,100.737,"{'m1-1': 1.03, 'm2-1': 103.8, 'm3-1': 107.02, 'm4-1': 10.83, 'm5-1': 11.21, 'm6-1': 11.7, 'm7-1': 116.16, 'm8-1': 108.52}",1.545,243.95600000000016,244.98600000000016,inf,250.737,250.737
389,T2,BESTEFFORT,MISSED,m4-1,100.742,"{'m1-1': 1.08, 'm2-1': 103.07, 'm3-1': 94.86, 'm4-1': 11.45, 'm5-1': 10.09, 'm6-1': 10.69, 'm7-1': 100.74, 'm8-1': 101.86}",1.279500000000013,249.889,inf,250.74200000000002,250.74200000000002,250.74200000000002
390,T2,BESTEFFORT,MISSED,m6-1,100.837,"{'m1-1': 1.11, 'm2-1': 98.35, 'm3-1': 95.5, 'm4-1': 10.61, 'm5-1': 11.21, 'm6-1': 10.22, 'm7-1': 109.28, 'm8-1': 106.36}",1.1879999999999598,250.04500000000002,inf,250.837,250.837,250.837
391,T2,BESTEFFORT,COMPLETED,m1-1,101.291,"{'m1-1': 1.07, 'm2-1': 98.66, 'm3-1': 109.33, 'm4-1': 10.61, 'm5-1': 10.41, 'm6-1': 10.56, 'm7-1': 109.56, 'm8-1': 101.78}",1.605,244.98600000000016,246.05600000000015,inf,251.291,251.291
392,T3,BESTEFFORT,MISSED,m7-1,101.399,"{'m1-1': 1.06, 'm2-1': 97.79, 'm3-1': 114.14, 'm4-1': 10.03, 'm5-1': 11.11, 'm6-1': 10.99, 'm7-1': 96.48, 'm8-1': 93.6}",3.917999999999992,248.787,inf,251.399,251.399,251.399
393,T2,BESTEFFORT,MISSED,m3-1,101.53,"{'m1-1': 1.04, 'm2-1': 107.5, 'm3-1': 111.33, 'm4-1': 10.38, 'm5-1': 10.34, 'm6-1': 10.6, 'm7-1': 103.06, 'm8-1': 103.45}",5.586000000000027,247.80599999999998,inf,251.53,251.53,251.53
394,T2,BESTEFFORT,MISSED,m8-1,101.863,"{'m1-1': 0.99, 'm2-1': 98.24, 'm3-1': 96.53, 'm4-1': 11.22, 'm5-1': 10.29, 'm6-1': 10.46, 'm7-1': 111.76, 'm8-1': 102.85}",4.631999999999991,248.775,inf,251.863,251.863,251.863
395,T2,BESTEFFORT,COMPLETED,m1-1,102.03,"{'m1-1': 0.97, 'm2-1': 96.64, 'm3-1': 109.92, 'm4-1': 10.78, 'm5-1': 10.14, 'm6-1': 11.57, 'm7-1': 111.84, 'm8-1': 107.94}",1.455,246.05600000000015,247.02600000000015,inf,252.03,252.03
396,T1,BESTEFFORT,MISSED,m2-1,102.062,"{'m1-1': 1.04, 'm2-1': 104.62, 'm3-1': 113.57, 'm4-1': 9.79, 'm5-1': 10.85, 'm6-1': 10.91, 'm7-1': 104.03, 'm8-1': 103.3}",3.4259999999999877,249.77800000000002,inf,252.062,252.062,252.062
397,T4,BESTEFFORT,MISSED,m5-1,102.142,"{'m1-1': 1.18, 'm2-1': 112.88, 'm3-1': 108.55, 'm4-1': 10.79, 'm5-1': 11.14, 'm6-1': 10.98, 'm7-1': 112.51, 'm8-1': 95.06}",2.692500000000024,250.34699999999998,inf,252.142,252.142,252.142
398,T1,BESTEFFORT,MISSED,m3-1,102.168,"{'m1-1': 1.03, 'm2-1': 106.68, 'm3-1': 109.04, 'm4-1': 10.16, 'm5-1': 10.93, 'm6-1': 10.32, 'm7-1': 105.67, 'm8-1': 102.34}",0.9570000000000078,251.53,inf,252.168,252.168,252.168
399,T4,BESTEFFORT,COMPLETED,m1-1,102.23,"{'m1-1': 1.11, 'm2-1': 101.63, 'm3-1': 104.71, 'm4-1': 11.0, 'm5-1': 10.62, 'm6-1': 10.03, 'm7-1': 104.06, 'm8-1': 98.68}",1.665,247.02600000000015,248.13600000000017,inf,252.23000000000002,252.23000000000002
400,T1,BESTEFFORT,MISSED,m7-1,102.829,"{'m1-1': 1.02, 'm2-1': 111.58, 'm3-1': 116.5, 'm4-1': 10.6, 'm5-1': 9.56, 'm6-1': 11.07, 'm7-1': 93.74, 'm8-1': 111.46}",2.1450000000000102,251.399,inf,252.829,252.829,252.829
401,T2,BESTEFFORT,MISSED,m8-1,103.01,"{'m1-1': 0.97, 'm2-1': 108.74, 'm3-1': 99.71, 'm4-1': 10.0, 'm5-1': 11.16, 'm6-1': 11.53, 'm7-1': 108.85, 'm8-1': 97.62}",1.720499999999987,251.863,inf,253.01,253.01,253.01
402,T1,BESTEFFORT,MISSED,m7-1,103.483,"{'m1-1': 1.07, 'm2-1': 100.61, 'm3-1': 118.09, 'm4-1': 9.82, 'm5-1': 9.7, 'm6-1': 10.15, 'm7-1': 101.41, 'm8-1': 109.79}",0.9809999999999945,252.829,inf,253.483,253.483,253.483
403,T2,BESTEFFORT,MISSED,m2-1,103.56,"{'m1-1': 1.05, 'm2-1': 100.48, 'm3-1': 109.58, 'm4-1': 11.18, 'm5-1': 10.87, 'm6-1': 10.12, 'm7-1': 115.05, 'm8-1': 102.87}",2.2469999999999857,252.062,inf,253.56,253.56,253.56
404,T2,BESTEFFORT,MISSED,m8-1,103.602,"{'m1-1': 1.1, 'm2-1': 109.38, 'm3-1': 98.28, 'm4-1': 11.32, 'm5-1': 11.03, 'm6-1': 11.6, 'm7-1': 114.02, 'm8-1': 103.28}",0.8880000000000194,253.01,inf,253.602,253.602,253.602
405,T3,BESTEFFORT,COMPLETED,m1-1,104.158,"{'m1-1': 1.0, 'm2-1': 96.79, 'm3-1': 115.78, 'm4-1': 10.4, 'm5-1': 11.49, 'm6-1': 10.31, 'm7-1': 108.65, 'm8-1': 102.37}",1.5,248.13600000000017,249.13600000000017,inf,254.15800000000002,254.15800000000002
406,T2,BESTEFFORT,MISSED,m3-1,104.922,"{'m1-1': 1.0, 'm2-1': 96.6, 'm3-1': 102.04, 'm4-1': 10.03, 'm5-1': 11.91, 'm6-1': 9.78, 'm7-1': 109.91, 'm8-1': 107.36}",4.130999999999986,252.168,inf,254.922,254.922,254.922
407,T1,BESTEFFORT,MISSED,m2-1,105.099,"{'m1-1': 1.09, 'm2-1': 110.22, 'm3-1': 102.16, 'm4-1': 11.37, 'm5-1': 9.36, 'm6-1': 10.16, 'm7-1': 96.74, 'm8-1': 106.35}",2.308499999999981,253.56,inf,255.099,255.099,255.099
408,T2,BESTEFFORT,MISSED,m4-1,105.635,"{'m1-1': 1.03, 'm2-1': 109.38, 'm3-1': 110.72, 'm4-1': 11.22, 'm5-1': 11.41, 'm6-1': 10.43, 'm7-1': 105.9, 'm8-1': 103.53}",7.339499999999958,250.74200000000002,inf,255.635,255.635,255.635
409,T1,BESTEFFORT,COMPLETED,m1-1,105.848,"{'m1-1': 1.05, 'm2-1': 113.61, 'm3-1': 103.74, 'm4-1': 11.38, 'm5-1': 10.21, 'm6-1': 11.2, 'm7-1': 100.6, 'm8-1': 99.18}",1.5750000000000002,249.13600000000017,250.18600000000018,inf,255.848,255.848
410,T2,BESTEFFORT,MISSED,m6-1,106.393,"{'m1-1': 1.06, 'm2-1': 101.48, 'm3-1': 94.0, 'm4-1': 10.86, 'm5-1': 10.39, 'm6-1': 10.06, 'm7-1': 101.94, 'm8-1': 96.07}",8.33400000000006,250.837,inf,256.39300000000003,256.39300000000003,256.39300000000003
411,T3,BESTEFFORT,COMPLETED,m1-1,106.4,"{'m1-1': 0.94, 'm2-1': 104.45, 'm3-1': 105.78, 'm4-1': 11.33, 'm5-1': 11.75, 'm6-1': 10.97, 'm7-1': 113.12, 'm8-1': 110.11}",1.41,250.18600000000018,251.12600000000018,inf,256.4,256.4
412,T3,BESTEFFORT,MISSED,m5-1,106.611,"{'m1-1': 1.08, 'm2-1': 96.81, 'm3-1': 117.36, 'm4-1': 11.76, 'm5-1': 10.17, 'm6-1': 11.32, 'm7-1': 106.41, 'm8-1': 105.05}",6.703499999999991,252.142,inf,256.611,256.611,256.611
413,T4,BESTEFFORT,MISSED,m4-1,106.92,"{'m1-1': 1.06, 'm2-1': 102.51, 'm3-1': 103.36, 'm4-1': 9.58, 'm5-1': 11.23, 'm6-1': 10.13, 'm7-1': 114.8, 'm8-1': 97.57}",1.9275000000000375,255.635,inf,256.92,256.92,256.92
414,T1,BESTEFFORT,MISSED,m6-1,106.938,"{'m1-1': 1.18, 'm2-1': 102.62, 'm3-1': 112.0, 'm4-1': 10.32, 'm5-1': 9.59, 'm6-1': 10.3, 'm7-1': 101.99, 'm8-1': 111.05}",0.8174999999999386,256.39300000000003,inf,256.938,256.938,256.938
415,T3,BESTEFFORT,MISSED,m3-1,107.034,"{'m1-1': 1.08, 'm2-1': 99.0, 'm3-1': 110.33, 'm4-1': 10.15, 'm5-1': 10.96, 'm6-1': 10.07, 'm7-1': 111.76, 'm8-1': 108.71}",3.167999999999992,254.922,inf,257.034,257.034,257.034
416,T3,BESTEFFORT,MISSED,m5-1,107.05,"{'m1-1': 1.07, 'm2-1': 100.84, 'm3-1': 113.56, 'm4-1': 10.88, 'm5-1': 10.07, 'm6-1': 10.89, 'm7-1': 105.15, 'm8-1': 101.96}",0.6585000000000321,256.611,inf,257.05,257.05,257.05
417,T4,BESTEFFORT,COMPLETED,m1-1,107.081,"{'m1-1': 1.1, 'm2-1': 100.04, 'm3-1': 105.63, 'm4-1': 9.9, 'm5-1': 10.5, 'm6-1': 10.08, 'm7-1': 104.2, 'm8-1': 100.54}",1.6500000000000001,251.12600000000018,252.22600000000017,inf,257.081,257.081
418,T2,BESTEFFORT,MISSED,m8-1,107.239,"{'m1-1': 1.0, 'm2-1': 107.93, 'm3-1': 98.68, 'm4-1': 10.66, 'm5-1': 11.57, 'm6-1': 9.94, 'm7-1': 115.25, 'm8-1': 109.98}",5.455500000000043,253.602,inf,257.23900000000003,257.23900000000003,257.23900000000003
419,T2,BESTEFFORT,MISSED,m7-1,107.39,"{'m1-1': 1.02, 'm2-1': 113.77, 'm3-1': 100.36, 'm4-1': 11.0, 'm5-1': 10.4, 'm6-1': 10.75, 'm7-1': 105.38, 'm8-1': 97.98}",5.860499999999973,253.483,inf,257.39,257.39,257.39
420,T1,BESTEFFORT,COMPLETED,m1-1,107.486,"{'m1-1': 1.01, 'm2-1': 100.62, 'm3-1': 114.27, 'm4-1': 11.19, 'm5-1': 9.97, 'm6-1': 9.9, 'm7-1': 108.44, 'm8-1': 112.46}",1.5150000000000001,252.22600000000017,253.23600000000016,inf,257.486,257.486
421,T3,BESTEFFORT,MISSED,m2-1,107.589,"{'m1-1': 1.05, 'm2-1': 109.56, 'm3-1': 110.32, 'm4-1': 10.02, 'm5-1': 11.04, 'm6-1': 9.9, 'm7-1': 100.58, 'm8-1': 102.6}",3.7350000000000136,255.099,inf,257.589,257.589,257.589
422,T3,BESTEFFORT,MISSED,m4-1,107.826,"{'m1-1': 1.05, 'm2-1': 106.38, 'm3-1': 105.41, 'm4-1': 11.26, 'm5-1': 11.1, 'm6-1': 10.63, 'm7-1': 101.67, 'm8-1': 108.47}",1.3590000000000089,256.92,inf,257.826,257.826,257.826
423,T3,BESTEFFORT,MISSED,m6-1,108.143,"{'m1-1': 1.09, 'm2-1': 97.0, 'm3-1': 117.81, 'm4-1': 11.4, 'm5-1': 10.14, 'm6-1': 10.21, 'm7-1': 99.53, 'm8-1': 97.09}",1.8075000000000614,256.938,inf,258.14300000000003,258.14300000000003,258.14300000000003
424,T2,BESTEFFORT,COMPLETED,m1-1,108.451,"{'m1-1': 1.07, 'm2-1': 106.77, 'm3-1': 96.05, 'm4-1': 10.38, 'm5-1': 11.43, 'm6-1': 10.0, 'm7-1': 116.57, 'm8-1': 101.52}",1.605,253.23600000000016,254.30600000000015,inf,258.451,258.451
425,T1,BESTEFFORT,MISSED,m5-1,108.485,"{'m1-1': 1.06, 'm2-1': 114.05, 'm3-1': 117.47, 'm4-1': 11.2, 'm5-1': 10.38, 'm6-1': 11.02, 'm7-1': 103.4, 'm8-1': 100.64}",2.1525000000000034,257.05,inf,258.485,258.485,258.485
426,T1,BESTEFFORT,MISSED,m4-1,109.149,"{'m1-1': 1.13, 'm2-1': 105.03, 'm3-1': 116.66, 'm4-1': 11.19, 'm5-1': 10.45, 'm6-1': 10.79, 'm7-1': 100.46, 'm8-1': 98.28}",1.9844999999999686,257.826,inf,259.149,259.149,259.149
427,T4,BESTEFFORT,MISSED,m6-1,109.163,"{'m1-1': 1.1, 'm2-1': 100.36, 'm3-1': 110.28, 'm4-1': 10.24, 'm5-1': 11.1, 'm6-1': 10.48, 'm7-1': 99.53, 'm8-1': 107.99}",1.5299999999999727,258.14300000000003,inf,259.163,259.163,259.163
428,T4,BESTEFFORT,COMPLETED,m1-1,109.203,"{'m1-1': 1.08, 'm2-1': 115.6, 'm3-1': 103.89, 'm4-1': 10.54, 'm5-1': 11.58, 'm6-1': 11.1, 'm7-1': 114.68, 'm8-1': 109.47}",1.62,254.30600000000015,255.38600000000017,inf,259.203,259.203
429,T4,BESTEFFORT,MISSED,m7-1,109.323,"{'m1-1': 1.14, 'm2-1': 105.45, 'm3-1': 99.48, 'm4-1': 10.2, 'm5-1': 10.4, 'm6-1': 11.68, 'm7-1': 105.84, 'm8-1': 99.4}",2.899499999999989,257.39,inf,259.323,259.323,259.323
430,T3,BESTEFFORT,MISSED,m3-1,109.52,"{'m1-1': 0.99, 'm2-1': 99.21, 'm3-1': 109.64, 'm4-1': 10.94, 'm5-1': 11.64, 'm6-1': 10.83, 'm7-1': 99.85, 'm8-1': 104.9}",3.728999999999985,257.034,inf,259.52,259.52,259.52
431,T4,BESTEFFORT,MISSED,m8-1,109.666,"{'m1-1': 1.1, 'm2-1': 112.58, 'm3-1': 98.5, 'm4-1': 10.76, 'm5-1': 11.51, 'm6-1': 11.75, 'm7-1': 112.23, 'm8-1': 97.61}",3.640499999999946,257.23900000000003,inf,259.666,259.666,259.666
432,T2,BESTEFFORT,MISSED,m2-1,110.001,"{'m1-1': 0.94, 'm2-1': 106.77, 'm3-1': 102.74, 'm4-1': 10.48, 'm5-1': 11.46, 'm6-1': 9.94, 'm7-1': 107.35, 'm8-1': 109.01}",3.6179999999999666,257.589,inf,260.001,260.001,260.001
433,T1,BESTEFFORT,MISSED,m5-1,110.388,"{'m1-1': 1.12, 'm2-1': 114.16, 'm3-1': 111.7, 'm4-1': 10.12, 'm5-1': 10.01, 'm6-1': 11.35, 'm7-1': 98.93, 'm8-1': 96.56}",2.85450000000003,258.485,inf,260.38800000000003,260.38800000000003,260.38800000000003
434,T3,BESTEFFORT,MISSED,m3-1,110.475,"{'m1-1': 1.06, 'm2-1': 103.42, 'm3-1': 108.04, 'm4-1': 10.02, 'm5-1': 10.33, 'm6-1': 11.23, 'm7-1': 107.7, 'm8-1': 107.59}",1.4325000000000614,259.52,inf,260.475,260.475,260.475
435,T3,BESTEFFORT,COMPLETED,m1-1,111.24,"{'m1-1': 1.11, 'm2-1': 97.82, 'm3-1': 102.24, 'm4-1': 11.19, 'm5-1': 10.73, 'm6-1': 10.66, 'm7-1': 102.73, 'm8-1': 102.71}",1.665,255.38600000000017,256.49600000000015,inf,261.24,261.24
436,T3,BESTEFFORT,MISSED,m7-1,111.48,"{'m1-1': 1.01, 'm2-1': 110.92, 'm3-1': 105.87, 'm4-1': 10.29, 'm5-1': 11.08, 'm6-1': 9.91, 'm7-1': 103.12, 'm8-1': 107.78}",3.2355000000000587,259.323,inf,261.48,261.48,261.48
437,T3,BESTEFFORT,MISSED,m8-1,111.507,"{'m1-1': 0.98, 'm2-1': 108.03, 'm3-1': 113.81, 'm4-1': 10.68, 'm5-1': 11.12, 'm6-1': 11.53, 'm7-1': 99.37, 'm8-1': 97.65}",2.7615000000000123,259.666,inf,261.507,261.507,261.507
438,T3,BESTEFFORT,COMPLETED,m1-1,111.601,"{'m1-1': 1.08, 'm2-1': 102.96, 'm3-1': 102.33, 'm4-1': 11.67, 'm5-1': 10.19, 'm6-1': 11.18, 'm7-1': 99.37, 'm8-1': 104.33}",1.62,256.49600000000015,257.57600000000014,inf,261.601,261.601
439,T4,BESTEFFORT,MISSED,m7-1,111.999,"{'m1-1': 1.17, 'm2-1': 108.22, 'm3-1': 97.92, 'm4-1': 10.36, 'm5-1': 10.07, 'm6-1': 10.11, 'm7-1': 100.38, 'm8-1': 110.03}",0.7785000000000082,261.48,inf,261.999,261.999,261.999
440,T3,BESTEFFORT,MISSED,m2-1,112.438,"{'m1-1': 1.04, 'm2-1': 107.62, 'm3-1': 106.87, 'm4-1': 10.67, 'm5-1': 11.62, 'm6-1': 9.74, 'm7-1': 103.98, 'm8-1': 94.49}",3.6555000000000177,260.001,inf,262.438,262.438,262.438
441,T1,BESTEFFORT,MISSED,m8-1,112.631,"{'m1-1': 1.08, 'm2-1': 104.34, 'm3-1': 109.62, 'm4-1': 10.96, 'm5-1': 10.28, 'm6-1': 9.93, 'm7-1': 94.84, 'm8-1': 105.34}",1.6859999999999502,261.507,inf,262.631,262.631,262.631
442,T1,BESTEFFORT,COMPLETED,m1-1,113.531,"{'m1-1': 1.09, 'm2-1': 105.65, 'm3-1': 114.62, 'm4-1': 9.9, 'm5-1': 10.24, 'm6-1': 10.93, 'm7-1': 105.31, 'm8-1': 96.04}",1.6350000000000002,257.57600000000014,258.6660000000001,inf,263.531,263.531
443,T1,BESTEFFORT,MISSED,m3-1,113.998,"{'m1-1': 1.04, 'm2-1': 111.38, 'm3-1': 100.89, 'm4-1': 10.42, 'm5-1': 10.91, 'm6-1': 10.64, 'm7-1': 93.46, 'm8-1': 103.32}",5.284499999999952,260.475,inf,263.998,263.998,263.998
444,T2,BESTEFFORT,MISSED,m2-1,114.262,"{'m1-1': 1.1, 'm2-1': 97.78, 'm3-1': 100.71, 'm4-1': 10.4, 'm5-1': 11.12, 'm6-1': 10.07, 'm7-1': 100.6, 'm8-1': 94.71}",2.7360000000000184,262.438,inf,264.262,264.262,264.262
445,T4,BESTEFFORT,COMPLETED,m1-1,114.529,"{'m1-1': 1.07, 'm2-1': 101.49, 'm3-1': 97.7, 'm4-1': 10.5, 'm5-1': 11.29, 'm6-1': 11.54, 'm7-1': 99.06, 'm8-1': 112.8}",1.605,258.6660000000001,259.7360000000001,inf,264.529,264.529
446,T4,BESTEFFORT,MISSED,m4-1,114.549,"{'m1-1': 1.1, 'm2-1': 112.3, 'm3-1': 96.12, 'm4-1': 10.89, 'm5-1': 10.29, 'm6-1': 10.21, 'm7-1': 100.27, 'm8-1': 107.13}",8.099999999999966,259.149,inf,264.549,264.549,264.549
447,T3,BESTEFFORT,MISSED,m6-1,115.757,"{'m1-1': 1.03, 'm2-1': 101.66, 'm3-1': 110.93, 'm4-1': 11.02, 'm5-1': 10.51, 'm6-1': 10.72, 'm7-1': 106.88, 'm8-1': 93.99}",9.890999999999991,259.163,inf,265.757,265.757,265.757
448,T2,BESTEFFORT,COMPLETED,m1-1,115.789,"{'m1-1': 1.0, 'm2-1': 104.49, 'm3-1': 106.75, 'm4-1': 10.01, 'm5-1': 11.62, 'm6-1': 10.92, 'm7-1': 114.81, 'm8-1': 102.18}",1.5,259.7360000000001,260.7360000000001,inf,265.789,265.789
449,T4,BESTEFFORT,MISSED,m5-1,115.985,"{'m1-1': 1.14, 'm2-1': 107.44, 'm3-1': 109.07, 'm4-1': 11.08, 'm5-1': 11.52, 'm6-1': 10.1, 'm7-1': 102.71, 'm8-1': 99.31}",8.39549999999997,260.38800000000003,inf,265.985,265.985,265.985
450,T1,BESTEFFORT,MISSED,m4-1,115.996,"{'m1-1': 1.13, 'm2-1': 103.13, 'm3-1': 108.63, 'm4-1': 10.92, 'm5-1': 9.65, 'm6-1': 11.11, 'm7-1': 97.64, 'm8-1': 96.14}",2.170500000000004,264.549,inf,265.996,265.996,265.996
451,T4,BESTEFFORT,MISSED,m6-1,116.365,"{'m1-1': 1.09, 'm2-1': 111.08, 'm3-1': 97.75, 'm4-1': 9.79, 'm5-1': 11.55, 'm6-1': 11.05, 'm7-1': 111.28, 'm8-1': 101.16}",0.9120000000000061,265.757,inf,266.365,266.365,266.365
452,T3,BESTEFFORT,MISSED,m3-1,116.88,"{'m1-1': 0.96, 'm2-1': 93.43, 'm3-1': 107.14, 'm4-1': 10.18, 'm5-1': 11.84, 'm6-1': 10.38, 'm7-1': 114.27, 'm8-1': 94.45}",4.3230000000000075,263.998,inf,266.88,266.88,266.88
453,T4,BESTEFFORT,MISSED,m5-1,116.908,"{'m1-1': 1.08, 'm2-1': 117.22, 'm3-1': 102.82, 'm4-1': 10.18, 'm5-1': 11.66, 'm6-1': 9.95, 'm7-1': 100.02, 'm8-1': 111.18}",1.3845000000000027,265.985,inf,266.908,266.908,266.908
454,T2,BESTEFFORT,MISSED,m8-1,117.181,"{'m1-1': 1.01, 'm2-1': 100.15, 'm3-1': 106.96, 'm4-1': 10.92, 'm5-1': 10.79, 'm6-1': 11.34, 'm7-1': 105.3, 'm8-1': 102.44}",6.825000000000017,262.631,inf,267.181,267.181,267.181
455,T3,BESTEFFORT,MISSED,m7-1,117.513,"{'m1-1': 1.04, 'm2-1': 108.99, 'm3-1': 117.25, 'm4-1': 11.45, 'm5-1': 11.67, 'm6-1': 10.98, 'm7-1': 101.61, 'm8-1': 108.48}",8.271000000000015,261.999,inf,267.51300000000003,267.51300000000003,267.51300000000003
456,T2,BESTEFFORT,COMPLETED,m1-1,117.737,"{'m1-1': 1.08, 'm2-1': 107.16, 'm3-1': 96.53, 'm4-1': 10.56, 'm5-1': 11.06, 'm6-1': 9.79, 'm7-1': 111.18, 'm8-1': 105.17}",1.62,260.7360000000001,261.8160000000001,inf,267.73699999999997,267.73699999999997
457,T4,BESTEFFORT,MISSED,m2-1,117.747,"{'m1-1': 1.16, 'm2-1': 108.79, 'm3-1': 101.65, 'm4-1': 9.6, 'm5-1': 11.46, 'm6-1': 9.96, 'm7-1': 109.89, 'm8-1': 112.67}",5.2275000000000205,264.262,inf,267.747,267.747,267.747
458,T4,BESTEFFORT,MISSED,m4-1,118.947,"{'m1-1': 1.08, 'm2-1': 111.67, 'm3-1': 97.65, 'm4-1': 9.98, 'm5-1': 11.16, 'm6-1': 10.4, 'm7-1': 101.04, 'm8-1': 96.14}",4.426500000000033,265.996,inf,268.947,268.947,268.947
459,T4,BESTEFFORT,MISSED,m6-1,118.979,"{'m1-1': 1.14, 'm2-1': 106.09, 'm3-1': 106.88, 'm4-1': 10.0, 'm5-1': 10.92, 'm6-1': 11.72, 'm7-1': 104.47, 'm8-1': 101.21}",3.920999999999964,266.365,inf,268.979,268.979,268.979
460,T3,BESTEFFORT,MISSED,m5-1,118.985,"{'m1-1': 1.1, 'm2-1': 106.93, 'm3-1': 116.25, 'm4-1': 11.03, 'm5-1': 10.9, 'm6-1': 10.83, 'm7-1': 104.31, 'm8-1': 106.92}",3.1154999999999973,266.908,inf,268.985,268.985,268.985
461,T4,BESTEFFORT,COMPLETED,m1-1,118.986,"{'m1-1': 1.08, 'm2-1': 114.26, 'm3-1': 108.38, 'm4-1': 10.54, 'm5-1': 11.27, 'm6-1': 10.7, 'm7-1': 114.56, 'm8-1': 111.13}",1.62,261.8160000000001,262.8960000000001,inf,268.986,268.986
462,T2,BESTEFFORT,MISSED,m4-1,119.114,"{'m1-1': 0.94, 'm2-1': 102.68, 'm3-1': 102.36, 'm4-1': 9.9, 'm5-1': 11.79, 'm6-1': 11.54, 'm7-1': 107.76, 'm8-1': 93.69}",0.250500000000045,268.947,inf,269.11400000000003,269.11400000000003,269.11400000000003
463,T1,BESTEFFORT,MISSED,m6-1,119.414,"{'m1-1': 1.1, 'm2-1': 103.83, 'm3-1': 111.98, 'm4-1': 10.75, 'm5-1': 10.35, 'm6-1': 10.15, 'm7-1': 110.3, 'm8-1': 107.16}",0.6525000000000034,268.979,inf,269.414,269.414,269.414
464,T3,BESTEFFORT,MISSED,m7-1,119.421,"{'m1-1': 1.03, 'm2-1': 108.03, 'm3-1': 107.06, 'm4-1': 11.05, 'm5-1': 11.43, 'm6-1': 10.44, 'm7-1': 99.5, 'm8-1': 98.95}",2.861999999999938,267.51300000000003,inf,269.421,269.421,269.421
465,T2,BESTEFFORT,MISSED,m3-1,120.702,"{'m1-1': 0.96, 'm2-1': 107.65, 'm3-1': 105.39, 'm4-1': 9.98, 'm5-1': 11.34, 'm6-1': 9.88, 'm7-1': 115.8, 'm8-1': 96.83}",5.733000000000004,266.88,inf,270.702,270.702,270.702
466,T2,BESTEFFORT,MISSED,m8-1,121.015,"{'m1-1': 1.05, 'm2-1': 104.1, 'm3-1': 103.14, 'm4-1': 9.91, 'm5-1': 10.52, 'm6-1': 10.26, 'm7-1': 108.12, 'm8-1': 109.42}",5.751000000000005,267.181,inf,271.015,271.015,271.015
467,T3,BESTEFFORT,COMPLETED,m1-1,121.2,"{'m1-1': 0.98, 'm2-1': 101.09, 'm3-1': 114.74, 'm4-1': 11.1, 'm5-1': 11.45, 'm6-1': 9.89, 'm7-1': 113.13, 'm8-1': 102.36}",1.47,262.8960000000001,263.8760000000001,inf,271.2,271.2
468,T1,BESTEFFORT,MISSED,m2-1,121.252,"{'m1-1': 1.02, 'm2-1': 115.3, 'm3-1': 100.88, 'm4-1': 10.67, 'm5-1': 9.83, 'm6-1': 10.45, 'm7-1': 104.73, 'm8-1': 109.63}",5.257499999999993,267.747,inf,271.252,271.252,271.252
469,T1,BESTEFFORT,MISSED,m5-1,121.631,"{'m1-1': 1.06, 'm2-1': 114.28, 'm3-1': 117.11, 'm4-1': 9.64, 'm5-1': 10.17, 'm6-1': 11.19, 'm7-1': 102.69, 'm8-1': 96.76}",3.9689999999999372,268.985,inf,271.631,271.631,271.631
470,T2,BESTEFFORT,MISSED,m3-1,121.64,"{'m1-1': 1.06, 'm2-1': 113.77, 'm3-1': 95.27, 'm4-1': 10.47, 'm5-1': 11.22, 'm6-1': 11.02, 'm7-1': 109.17, 'm8-1': 109.44}",1.4069999999999823,270.702,inf,271.64,271.64,271.64
471,T2,BESTEFFORT,COMPLETED,m1-1,122.262,"{'m1-1': 0.94, 'm2-1': 105.65, 'm3-1': 103.76, 'm4-1': 10.77, 'm5-1': 11.61, 'm6-1': 10.48, 'm7-1': 115.41, 'm8-1': 97.95}",1.41,263.8760000000001,264.8160000000001,inf,272.262,272.262
472,T3,BESTEFFORT,MISSED,m7-1,122.617,"{'m1-1': 1.09, 'm2-1': 97.72, 'm3-1': 108.95, 'm4-1': 9.96, 'm5-1': 10.52, 'm6-1': 11.16, 'm7-1': 97.85, 'm8-1': 97.62}",4.79400000000004,269.421,inf,272.617,272.617,272.617
473,T1,BESTEFFORT,MISSED,m8-1,122.65,"{'m1-1': 1.15, 'm2-1': 100.7, 'm3-1': 106.66, 'm4-1': 9.76, 'm5-1': 9.49, 'm6-1': 10.99, 'm7-1': 110.82, 'm8-1': 112.22}",2.4524999999999864,271.015,inf,272.65,272.65,272.65
474,T3,BESTEFFORT,COMPLETED,m1-1,123.389,"{'m1-1': 1.04, 'm2-1': 109.19, 'm3-1': 115.9, 'm4-1': 10.45, 'm5-1': 10.5, 'm6-1': 11.19, 'm7-1': 105.39, 'm8-1': 98.94}",1.56,264.8160000000001,265.8560000000001,inf,273.389,273.389
475,T1,BESTEFFORT,MISSED,m7-1,123.523,"{'m1-1': 1.04, 'm2-1': 104.34, 'm3-1': 113.31, 'm4-1': 10.55, 'm5-1': 10.31, 'm6-1': 9.83, 'm7-1': 96.04, 'm8-1': 101.86}",1.3590000000000089,272.617,inf,273.523,273.523,273.523
476,T3,BESTEFFORT,MISSED,m2-1,123.666,"{'m1-1': 1.04, 'm2-1': 95.45, 'm3-1': 99.54, 'm4-1': 9.96, 'm5-1': 9.98, 'm6-1': 9.82, 'm7-1': 105.65, 'm8-1': 96.33}",3.620999999999981,271.252,inf,273.666,273.666,273.666
477,T2,BESTEFFORT,MISSED,m8-1,123.717,"{'m1-1': 1.03, 'm2-1': 110.71, 'm3-1': 107.04, 'm4-1': 11.5, 'm5-1': 11.4, 'm6-1': 9.8, 'm7-1': 99.68, 'm8-1': 107.72}",1.600500000000011,272.65,inf,273.717,273.717,273.717
478,T1,BESTEFFORT,COMPLETED,m1-1,123.802,"{'m1-1': 1.03, 'm2-1': 114.42, 'm3-1': 115.43, 'm4-1': 10.84, 'm5-1': 10.46, 'm6-1': 11.36, 'm7-1': 94.69, 'm8-1': 109.54}",1.545,265.8560000000001,266.8860000000001,inf,273.802,273.802
479,T3,BESTEFFORT,COMPLETED,m1-1,124.726,"{'m1-1': 0.95, 'm2-1': 106.45, 'm3-1': 115.37, 'm4-1': 11.02, 'm5-1': 11.51, 'm6-1': 10.66, 'm7-1': 101.46, 'm8-1': 93.27}",1.4249999999999998,266.8860000000001,267.83600000000007,inf,274.726,274.726
480,T1,BESTEFFORT,MISSED,m3-1,124.777,"{'m1-1': 1.07, 'm2-1': 117.72, 'm3-1': 108.59, 'm4-1': 11.08, 'm5-1': 10.82, 'm6-1': 9.59, 'm7-1': 100.39, 'm8-1': 107.24}",4.705500000000001,271.64,inf,274.777,274.777,274.777
481,T3,BESTEFFORT,MISSED,m2-1,125.631,"{'m1-1': 0.95, 'm2-1': 106.89, 'm3-1': 113.27, 'm4-1': 11.14, 'm5-1': 10.38, 'm6-1': 9.98, 'm7-1': 113.67, 'm8-1': 94.53}",2.9474999999999625,273.666,inf,275.631,275.631,275.631
482,T1,BESTEFFORT,MISSED,m4-1,125.805,"{'m1-1': 1.0, 'm2-1': 104.22, 'm3-1': 111.94, 'm4-1': 10.47, 'm5-1': 10.92, 'm6-1': 9.92, 'm7-1': 106.32, 'm8-1': 100.46}",10.036499999999961,269.11400000000003,inf,275.805,275.805,275.805
483,T1,BESTEFFORT,COMPLETED,m1-1,126.14,"{'m1-1': 1.09, 'm2-1': 111.23, 'm3-1': 108.73, 'm4-1': 10.24, 'm5-1': 10.97, 'm6-1': 10.34, 'm7-1': 103.8, 'm8-1': 95.42}",1.6350000000000002,267.83600000000007,268.92600000000004,inf,276.14,276.14
484,T1,BESTEFFORT,MISSED,m6-1,126.161,"{'m1-1': 1.08, 'm2-1': 115.26, 'm3-1': 100.83, 'm4-1': 11.21, 'm5-1': 9.4, 'm6-1': 10.98, 'm7-1': 99.89, 'm8-1': 98.51}",10.120500000000021,269.414,inf,276.161,276.161,276.161
485,T1,BESTEFFORT,COMPLETED,m1-1,126.401,"{'m1-1': 1.04, 'm2-1': 110.97, 'm3-1': 116.6, 'm4-1': 11.06, 'm5-1': 10.81, 'm6-1': 10.32, 'm7-1': 105.98, 'm8-1': 108.15}",1.56,268.92600000000004,269.96600000000007,inf,276.401,276.401
486,T1,BESTEFFORT,MISSED,m5-1,127.243,"{'m1-1': 1.06, 'm2-1': 114.16, 'm3-1': 114.84, 'm4-1': 10.04, 'm5-1': 10.82, 'm6-1': 10.11, 'm7-1': 104.03, 'm8-1': 101.36}",8.418000000000035,271.631,inf,277.243,277.243,277.243
487,T1,BESTEFFORT,MISSED,m4-1,127.685,"{'m1-1': 1.05, 'm2-1': 116.69, 'm3-1': 106.51, 'm4-1': 10.6, 'm5-1': 9.59, 'm6-1': 11.04, 'm7-1': 97.96, 'm8-1': 97.17}",2.819999999999993,275.805,inf,277.685,277.685,277.685
488,T3,BESTEFFORT,MISSED,m6-1,129.186,"{'m1-1': 0.99, 'm2-1': 106.81, 'm3-1': 111.41, 'm4-1': 10.37, 'm5-1': 10.79, 'm6-1': 10.19, 'm7-1': 101.28, 'm8-1': 93.92}",4.537500000000051,276.161,inf,279.18600000000004,279.18600000000004,279.18600000000004
489,T3,BESTEFFORT,MISSED,m3-1,129.518,"{'m1-1': 0.97, 'm2-1': 95.4, 'm3-1': 113.93, 'm4-1': 10.05, 'm5-1': 11.0, 'm6-1': 10.24, 'm7-1': 100.57, 'm8-1': 95.65}",7.111500000000063,274.777,inf,279.51800000000003,279.51800000000003,279.51800000000003
490,T3,BESTEFFORT,COMPLETED,m1-1,129.729,"{'m1-1': 1.05, 'm2-1': 110.02, 'm3-1': 110.33, 'm4-1': 10.16, 'm5-1': 10.6, 'm6-1': 10.49, 'm7-1': 105.73, 'm8-1': 96.66}",1.5750000000000002,269.96600000000007,271.0160000000001,inf,279.72900000000004,279.72900000000004
491,T3,BESTEFFORT,MISSED,m5-1,131.811,"{'m1-1': 0.94, 'm2-1': 103.22, 'm3-1': 106.7, 'm4-1': 10.46, 'm5-1': 11.34, 'm6-1': 11.18, 'm7-1': 112.02, 'm8-1': 108.03}",6.852000000000061,277.243,inf,281.81100000000004,281.81100000000004,281.81100000000004
492,T3,BESTEFFORT,MISSED,m8-1,132.435,"{'m1-1': 0.99, 'm2-1': 96.46, 'm3-1': 109.74, 'm4-1': 10.55, 'm5-1': 10.88, 'm6-1': 10.41, 'm7-1': 106.32, 'm8-1': 102.99}",13.077000000000027,273.717,inf,282.435,282.435,282.435
493,T3,BESTEFFORT,MISSED,m7-1,133.631,"{'m1-1': 1.1, 'm2-1': 103.42, 'm3-1': 113.92, 'm4-1': 10.47, 'm5-1': 11.44, 'm6-1': 10.77, 'm7-1': 98.55, 'm8-1': 102.1}",15.16199999999992,273.523,inf,283.631,283.631,283.631
494,T3,BESTEFFORT,MISSED,m2-1,134.098,"{'m1-1': 0.95, 'm2-1': 95.38, 'm3-1': 111.74, 'm4-1': 10.07, 'm5-1': 10.5, 'm6-1': 10.13, 'm7-1': 100.64, 'm8-1': 98.13}",12.700500000000062,275.631,inf,284.098,284.098,284.098
495,T3,BESTEFFORT,COMPLETED,m1-1,134.439,"{'m1-1': 0.95, 'm2-1': 97.23, 'm3-1': 101.7, 'm4-1': 10.03, 'm5-1': 11.75, 'm6-1': 10.32, 'm7-1': 102.36, 'm8-1': 99.75}",1.4249999999999998,271.0160000000001,271.96600000000007,inf,284.43899999999996,284.43899999999996
496,T3,BESTEFFORT,COMPLETED,m1-1,134.533,"{'m1-1': 0.97, 'm2-1': 101.7, 'm3-1': 106.0, 'm4-1': 10.01, 'm5-1': 11.2, 'm6-1': 11.52, 'm7-1': 97.4, 'm8-1': 109.84}",1.455,271.96600000000007,272.9360000000001,inf,284.533,284.533
497,T3,BESTEFFORT,MISSED,m4-1,135.199,"{'m1-1': 1.08, 'm2-1': 98.78, 'm3-1': 112.51, 'm4-1': 10.94, 'm5-1': 11.04, 'm6-1': 10.09, 'm7-1': 100.62, 'm8-1': 100.19}",11.271000000000015,277.685,inf,285.199,285.199,285.199
498,T3,BESTEFFORT,MISSED,m6-1,137.171,"{'m1-1': 1.03, 'm2-1': 97.02, 'm3-1': 110.28, 'm4-1': 11.1, 'm5-1': 10.65, 'm6-1': 10.98, 'm7-1': 100.81, 'm8-1': 96.46}",11.977499999999935,279.18600000000004,inf,287.171,287.171,287.171
499,T3,BESTEFFORT,MISSED,m5-1,137.732,"{'m1-1': 1.11, 'm2-1': 93.9, 'm3-1': 99.53, 'm4-1': 10.64, 'm5-1': 10.74, 'm6-1': 10.42, 'm7-1': 98.02, 'm8-1': 108.03}",8.881499999999903,281.81100000000004,inf,287.73199999999997,287.73199999999997,287.73199999999997
