id,type,urgency,status,assigned_machine,arrival_time,execution_time,energy_usage,start_time,completion_time,missed_time,deadline,extended_deadline
0,T2,BESTEFFORT,COMPLETED,m1-1,0.109,"{'m1-1': 113.71, 'm2-1': 1.13, 'm3-1': 0.97, 'm4-1': 101.07, 'm5-1': 0.98, 'm6-1': 104.12, 'm7-1': 0.98, 'm8-1': 1.04}",170.565,0.109,113.81899999999999,inf,150.109,150.109
1,T4,BESTEFFORT,COMPLETED,m2-1,0.194,"{'m1-1': 104.11, 'm2-1': 1.12, 'm3-1': 1.08, 'm4-1': 101.8, 'm5-1': 1.0, 'm6-1': 105.06, 'm7-1': 0.96, 'm8-1': 1.09}",1.6800000000000002,0.194,1.314,inf,150.194,150.194
2,T1,BESTEFFORT,COMPLETED,m3-1,0.699,"{'m1-1': 108.49, 'm2-1': 0.98, 'm3-1': 1.12, 'm4-1': 105.91, 'm5-1': 1.0, 'm6-1': 97.25, 'm7-1': 0.96, 'm8-1': 1.14}",1.6800000000000002,0.699,1.819,inf,150.699,150.699
3,T4,BESTEFFORT,COMPLETED,m4-1,1.146,"{'m1-1': 92.05, 'm2-1': 1.0, 'm3-1': 1.03, 'm4-1': 96.87, 'm5-1': 1.02, 'm6-1': 104.99, 'm7-1': 1.02, 'm8-1': 1.04}",145.305,1.146,98.016,inf,151.146,151.146
4,T1,BESTEFFORT,COMPLETED,m5-1,1.155,"{'m1-1': 112.06, 'm2-1': 1.1, 'm3-1': 1.03, 'm4-1': 108.4, 'm5-1': 1.08, 'm6-1': 98.31, 'm7-1': 1.02, 'm8-1': 1.03}",1.62,1.155,2.2350000000000003,inf,151.155,151.155
5,T2,BESTEFFORT,COMPLETED,m6-1,1.686,"{'m1-1': 106.52, 'm2-1': 1.16, 'm3-1': 0.98, 'm4-1': 100.13, 'm5-1': 1.0, 'm6-1': 110.47, 'm7-1': 1.06, 'm8-1': 0.93}",165.70499999999998,1.686,112.156,inf,151.686,151.686
6,T1,BESTEFFORT,COMPLETED,m7-1,1.748,"{'m1-1': 111.14, 'm2-1': 1.13, 'm3-1': 1.12, 'm4-1': 106.34, 'm5-1': 0.99, 'm6-1': 110.73, 'm7-1': 1.0, 'm8-1': 1.05}",1.5,1.748,2.748,inf,151.748,151.748
7,T2,BESTEFFORT,COMPLETED,m8-1,2.003,"{'m1-1': 99.58, 'm2-1': 1.14, 'm3-1': 1.06, 'm4-1': 92.25, 'm5-1': 1.0, 'm6-1': 111.06, 'm7-1': 1.0, 'm8-1': 1.08}",1.62,2.003,3.083,inf,152.003,152.003
8,T4,BESTEFFORT,MISSED,m1-1,2.193,"{'m1-1': 94.36, 'm2-1': 1.06, 'm3-1': 0.98, 'm4-1': 105.76, 'm5-1': 1.12, 'm6-1': 114.81, 'm7-1': 1.06, 'm8-1': 0.96}",57.561000000000035,113.81899999999999,inf,152.193,152.193,152.193
9,T1,BESTEFFORT,COMPLETED,m2-1,2.197,"{'m1-1': 112.62, 'm2-1': 0.98, 'm3-1': 0.99, 'm4-1': 102.6, 'm5-1': 1.09, 'm6-1': 109.15, 'm7-1': 1.01, 'm8-1': 1.1}",1.47,2.197,3.177,inf,152.197,152.197
10,T2,BESTEFFORT,COMPLETED,m3-1,2.939,"{'m1-1': 113.1, 'm2-1': 1.17, 'm3-1': 0.98, 'm4-1': 108.1, 'm5-1': 0.99, 'm6-1': 97.09, 'm7-1': 1.11, 'm8-1': 1.08}",1.47,2.939,3.919,inf,152.939,152.939
11,T1,BESTEFFORT,MISSED,m4-1,3.207,"{'m1-1': 111.53, 'm2-1': 0.98, 'm3-1': 1.07, 'm4-1': 117.44, 'm5-1': 1.01, 'm6-1': 103.85, 'm7-1': 1.08, 'm8-1': 0.98}",82.78649999999999,98.016,inf,153.207,153.207,153.207
12,T2,BESTEFFORT,COMPLETED,m5-1,3.703,"{'m1-1': 102.71, 'm2-1': 1.03, 'm3-1': 0.99, 'm4-1': 106.87, 'm5-1': 1.1, 'm6-1': 94.55, 'm7-1': 1.04, 'm8-1': 1.0}",1.6500000000000001,3.703,4.803,inf,153.703,153.703
13,T1,BESTEFFORT,MISSED,m6-1,3.983,"{'m1-1': 101.62, 'm2-1': 0.99, 'm3-1': 1.04, 'm4-1': 117.01, 'm5-1': 1.02, 'm6-1': 99.14, 'm7-1': 0.96, 'm8-1': 1.16}",62.7405,112.156,inf,153.983,153.983,153.983
14,T3,BESTEFFORT,COMPLETED,m7-1,4.407,"{'m1-1': 105.78, 'm2-1': 1.08, 'm3-1': 1.07, 'm4-1': 97.8, 'm5-1': 1.01, 'm6-1': 109.87, 'm7-1': 1.01, 'm8-1': 1.1}",1.5150000000000001,4.407,5.417,inf,154.407,154.407
15,T1,BESTEFFORT,COMPLETED,m8-1,4.411,"{'m1-1': 115.64, 'm2-1': 1.05, 'm3-1': 1.07, 'm4-1': 112.6, 'm5-1': 1.09, 'm6-1': 97.84, 'm7-1': 1.03, 'm8-1': 1.1}",1.6500000000000001,4.411,5.510999999999999,inf,154.411,154.411
16,T1,BESTEFFORT,MISSED,m1-1,4.428,"{'m1-1': 105.37, 'm2-1': 1.08, 'm3-1': 1.06, 'm4-1': 119.28, 'm5-1': 0.96, 'm6-1': 111.33, 'm7-1': 0.99, 'm8-1': 1.06}",3.352499999999978,152.193,inf,154.428,154.428,154.428
17,T3,BESTEFFORT,COMPLETED,m2-1,4.68,"{'m1-1': 103.63, 'm2-1': 1.13, 'm3-1': 1.05, 'm4-1': 113.8, 'm5-1': 1.01, 'm6-1': 98.59, 'm7-1': 1.11, 'm8-1': 0.95}",1.6949999999999998,4.68,5.81,inf,154.68,154.68
18,T3,BESTEFFORT,COMPLETED,m3-1,4.694,"{'m1-1': 100.2, 'm2-1': 1.0, 'm3-1': 0.97, 'm4-1': 104.63, 'm5-1': 0.99, 'm6-1': 98.8, 'm7-1': 1.04, 'm8-1': 1.06}",1.455,4.694,5.664,inf,154.694,154.694
19,T2,BESTEFFORT,MISSED,m4-1,4.73,"{'m1-1': 105.54, 'm2-1': 1.07, 'm3-1': 0.99, 'm4-1': 98.74, 'm5-1': 1.15, 'm6-1': 97.02, 'm7-1': 1.07, 'm8-1': 1.03}",2.284499999999994,153.207,inf,154.73,154.73,154.73
20,T4,BESTEFFORT,COMPLETED,m5-1,4.86,"{'m1-1': 97.63, 'm2-1': 1.06, 'm3-1': 0.97, 'm4-1': 110.56, 'm5-1': 1.07, 'm6-1': 109.14, 'm7-1': 1.09, 'm8-1': 1.0}",1.605,4.86,5.930000000000001,inf,154.86,154.86
21,T1,BESTEFFORT,MISSED,m6-1,5.208,"{'m1-1': 106.36, 'm2-1': 0.95, 'm3-1': 1.0, 'm4-1': 103.37, 'm5-1': 1.11, 'm6-1': 108.15, 'm7-1': 1.06, 'm8-1': 1.07}",1.8374999999999915,153.983,inf,155.208,155.208,155.208
22,T1,BESTEFFORT,COMPLETED,m7-1,5.234,"{'m1-1': 100.73, 'm2-1': 1.04, 'm3-1': 0.98, 'm4-1': 108.98, 'm5-1': 0.95, 'm6-1': 107.37, 'm7-1': 0.96, 'm8-1': 1.09}",1.44,5.417,6.377,inf,155.234,155.234
23,T1,BESTEFFORT,COMPLETED,m8-1,5.338,"{'m1-1': 116.84, 'm2-1': 1.06, 'm3-1': 0.96, 'm4-1': 116.57, 'm5-1': 1.04, 'm6-1': 102.55, 'm7-1': 0.95, 'm8-1': 1.06}",1.59,5.510999999999999,6.571,inf,155.338,155.338
24,T2,BESTEFFORT,MISSED,m1-1,5.375,"{'m1-1': 105.2, 'm2-1': 1.05, 'm3-1': 1.0, 'm4-1': 91.99, 'm5-1': 1.14, 'm6-1': 107.54, 'm7-1': 1.06, 'm8-1': 1.05}",1.420500000000004,154.428,inf,155.375,155.375,155.375
25,T2,BESTEFFORT,COMPLETED,m2-1,6.302,"{'m1-1': 104.59, 'm2-1': 1.17, 'm3-1': 1.08, 'm4-1': 98.96, 'm5-1': 1.03, 'm6-1': 101.29, 'm7-1': 0.97, 'm8-1': 1.04}",1.755,6.302,7.4719999999999995,inf,156.302,156.302
26,T3,BESTEFFORT,COMPLETED,m3-1,6.402,"{'m1-1': 103.17, 'm2-1': 1.06, 'm3-1': 1.07, 'm4-1': 100.8, 'm5-1': 0.95, 'm6-1': 101.58, 'm7-1': 1.0, 'm8-1': 0.98}",1.605,6.402,7.472,inf,156.402,156.402
27,T3,BESTEFFORT,MISSED,m4-1,6.577,"{'m1-1': 97.78, 'm2-1': 1.13, 'm3-1': 1.07, 'm4-1': 111.74, 'm5-1': 0.98, 'm6-1': 102.63, 'm7-1': 0.99, 'm8-1': 0.98}",2.7705000000000126,154.73,inf,156.577,156.577,156.577
28,T2,BESTEFFORT,COMPLETED,m5-1,6.644,"{'m1-1': 109.29, 'm2-1': 1.09, 'm3-1': 1.1, 'm4-1': 98.32, 'm5-1': 1.06, 'm6-1': 96.24, 'm7-1': 0.99, 'm8-1': 1.02}",1.59,6.644,7.704000000000001,inf,156.644,156.644
29,T2,BESTEFFORT,MISSED,m6-1,7.119,"{'m1-1': 100.77, 'm2-1': 1.06, 'm3-1': 1.08, 'm4-1': 94.85, 'm5-1': 0.99, 'm6-1': 96.36, 'm7-1': 1.05, 'm8-1': 1.02}",2.866500000000002,155.208,inf,157.119,157.119,157.119
30,T1,BESTEFFORT,COMPLETED,m7-1,7.214,"{'m1-1': 116.15, 'm2-1': 1.01, 'm3-1': 1.05, 'm4-1': 102.13, 'm5-1': 0.95, 'm6-1': 95.6, 'm7-1': 0.97, 'm8-1': 1.11}",1.455,7.214,8.184000000000001,inf,157.214,157.214
31,T2,BESTEFFORT,COMPLETED,m8-1,7.778,"{'m1-1': 106.98, 'm2-1': 1.09, 'm3-1': 0.97, 'm4-1': 95.45, 'm5-1': 0.98, 'm6-1': 100.56, 'm7-1': 1.02, 'm8-1': 1.04}",1.56,7.778,8.818,inf,157.778,157.778
32,T2,BESTEFFORT,ARRIVING,m1-1,8.873,"{'m1-1': 104.75, 'm2-1': 1.1, 'm3-1': 1.0, 'm4-1': 109.08, 'm5-1': 1.08, 'm6-1': 107.9, 'm7-1': 1.14, 'm8-1': 1.07}",0.0,inf,inf,inf,158.873,158.873
33,T1,BESTEFFORT,COMPLETED,m2-1,8.987,"{'m1-1': 116.4, 'm2-1': 1.1, 'm3-1': 1.03, 'm4-1': 108.32, 'm5-1': 1.08, 'm6-1': 96.27, 'm7-1': 1.07, 'm8-1': 0.98}",1.6500000000000001,8.987,10.087,inf,158.987,158.987
34,T4,BESTEFFORT,COMPLETED,m3-1,9.035,"{'m1-1': 108.43, 'm2-1': 0.99, 'm3-1': 1.05, 'm4-1': 110.24, 'm5-1': 1.11, 'm6-1': 99.46, 'm7-1': 1.03, 'm8-1': 1.09}",1.5750000000000002,9.035,10.085,inf,159.035,159.035
35,T2,BESTEFFORT,ARRIVING,m4-1,10.29,"{'m1-1': 98.02, 'm2-1': 1.17, 'm3-1': 1.09, 'm4-1': 92.76, 'm5-1': 1.06, 'm6-1': 110.32, 'm7-1': 1.09, 'm8-1': 0.99}",0.0,inf,inf,inf,160.29,160.29
36,T3,BESTEFFORT,COMPLETED,m5-1,10.47,"{'m1-1': 108.98, 'm2-1': 1.1, 'm3-1': 1.01, 'm4-1': 104.16, 'm5-1': 1.08, 'm6-1': 109.74, 'm7-1': 1.1, 'm8-1': 1.03}",1.62,10.47,11.55,inf,160.47,160.47
37,T4,BESTEFFORT,ARRIVING,m6-1,10.729,"{'m1-1': 104.65, 'm2-1': 1.12, 'm3-1': 1.08, 'm4-1': 96.6, 'm5-1': 1.14, 'm6-1': 99.4, 'm7-1': 1.06, 'm8-1': 0.97}",0.0,inf,inf,inf,160.72899999999998,160.72899999999998
38,T1,BESTEFFORT,COMPLETED,m7-1,11.139,"{'m1-1': 104.19, 'm2-1': 1.08, 'm3-1': 1.1, 'm4-1': 103.18, 'm5-1': 1.1, 'm6-1': 96.88, 'm7-1': 1.03, 'm8-1': 1.07}",1.545,11.139,12.168999999999999,inf,161.139,161.139
39,T4,BESTEFFORT,COMPLETED,m8-1,11.166,"{'m1-1': 102.39, 'm2-1': 1.04, 'm3-1': 1.08, 'm4-1': 112.94, 'm5-1': 1.11, 'm6-1': 104.25, 'm7-1': 0.96, 'm8-1': 0.96}",1.44,11.166,12.126000000000001,inf,161.166,161.166
40,T2,BESTEFFORT,ARRIVING,m1-1,11.274,"{'m1-1': 113.26, 'm2-1': 1.01, 'm3-1': 1.0, 'm4-1': 96.85, 'm5-1': 1.1, 'm6-1': 103.74, 'm7-1': 1.02, 'm8-1': 1.0}",0.0,inf,inf,inf,161.274,161.274
41,T3,BESTEFFORT,COMPLETED,m2-1,11.343,"{'m1-1': 95.17, 'm2-1': 1.08, 'm3-1': 0.95, 'm4-1': 106.05, 'm5-1': 1.11, 'm6-1': 109.36, 'm7-1': 1.05, 'm8-1': 1.03}",1.62,11.343,12.423,inf,161.343,161.343
42,T2,BESTEFFORT,COMPLETED,m3-1,11.805,"{'m1-1': 109.16, 'm2-1': 1.03, 'm3-1': 1.12, 'm4-1': 106.4, 'm5-1': 1.13, 'm6-1': 97.53, 'm7-1': 1.11, 'm8-1': 0.96}",1.6800000000000002,11.805,12.925,inf,161.805,161.805
43,T1,BESTEFFORT,ARRIVING,m4-1,12.029,"{'m1-1': 108.77, 'm2-1': 1.06, 'm3-1': 1.09, 'm4-1': 111.6, 'm5-1': 0.99, 'm6-1': 96.54, 'm7-1': 1.03, 'm8-1': 1.07}",0.0,inf,inf,inf,162.029,162.029
44,T1,BESTEFFORT,COMPLETED,m5-1,12.061,"{'m1-1': 113.36, 'm2-1': 1.04, 'm3-1': 0.97, 'm4-1': 103.37, 'm5-1': 1.0, 'm6-1': 109.94, 'm7-1': 1.07, 'm8-1': 1.08}",1.5,12.061,13.061,inf,162.061,162.061
45,T3,BESTEFFORT,ARRIVING,m6-1,12.092,"{'m1-1': 102.72, 'm2-1': 1.05, 'm3-1': 1.0, 'm4-1': 112.91, 'm5-1': 1.05, 'm6-1': 104.16, 'm7-1': 1.08, 'm8-1': 1.0}",0.0,inf,inf,inf,162.092,162.092
46,T3,BESTEFFORT,COMPLETED,m7-1,12.644,"{'m1-1': 103.92, 'm2-1': 1.13, 'm3-1': 1.09, 'm4-1': 105.39, 'm5-1': 1.12, 'm6-1': 108.69, 'm7-1': 1.12, 'm8-1': 1.03}",1.6800000000000002,12.644,13.764,inf,162.644,162.644
47,T1,BESTEFFORT,COMPLETED,m8-1,12.955,"{'m1-1': 116.54, 'm2-1': 1.09, 'm3-1': 1.04, 'm4-1': 110.29, 'm5-1': 1.02, 'm6-1': 110.28, 'm7-1': 0.96, 'm8-1': 1.04}",1.56,12.955,13.995000000000001,inf,162.955,162.955
48,T1,BESTEFFORT,ARRIVING,m1-1,13.156,"{'m1-1': 114.29, 'm2-1': 1.08, 'm3-1': 1.08, 'm4-1': 109.94, 'm5-1': 1.05, 'm6-1': 96.22, 'm7-1': 1.02, 'm8-1': 1.09}",0.0,inf,inf,inf,163.156,163.156
49,T2,BESTEFFORT,COMPLETED,m2-1,13.392,"{'m1-1': 103.72, 'm2-1': 1.0, 'm3-1': 0.96, 'm4-1': 96.73, 'm5-1': 1.05, 'm6-1': 96.38, 'm7-1': 1.09, 'm8-1': 0.92}",1.5,13.392,14.392,inf,163.392,163.392
50,T4,BESTEFFORT,COMPLETED,m3-1,13.489,"{'m1-1': 108.51, 'm2-1': 1.15, 'm3-1': 1.07, 'm4-1': 111.83, 'm5-1': 1.15, 'm6-1': 113.01, 'm7-1': 1.07, 'm8-1': 1.07}",1.605,13.489,14.559000000000001,inf,163.489,163.489
51,T3,BESTEFFORT,ARRIVING,m4-1,13.608,"{'m1-1': 98.42, 'm2-1': 1.0, 'm3-1': 0.94, 'm4-1': 108.48, 'm5-1': 1.03, 'm6-1': 104.45, 'm7-1': 1.09, 'm8-1': 1.01}",0.0,inf,inf,inf,163.608,163.608
52,T2,BESTEFFORT,COMPLETED,m5-1,13.695,"{'m1-1': 113.47, 'm2-1': 1.15, 'm3-1': 1.1, 'm4-1': 108.73, 'm5-1': 1.09, 'm6-1': 95.78, 'm7-1': 1.08, 'm8-1': 0.96}",1.6350000000000002,13.695,14.785,inf,163.695,163.695
53,T3,BESTEFFORT,ARRIVING,m6-1,13.811,"{'m1-1': 102.49, 'm2-1': 0.98, 'm3-1': 1.05, 'm4-1': 98.01, 'm5-1': 1.03, 'm6-1': 112.48, 'm7-1': 1.03, 'm8-1': 1.02}",0.0,inf,inf,inf,163.811,163.811
54,T2,BESTEFFORT,COMPLETED,m7-1,13.82,"{'m1-1': 105.15, 'm2-1': 1.12, 'm3-1': 1.13, 'm4-1': 96.38, 'm5-1': 1.13, 'm6-1': 99.46, 'm7-1': 1.08, 'm8-1': 1.07}",1.62,13.82,14.9,inf,163.82,163.82
55,T3,BESTEFFORT,COMPLETED,m8-1,14.142,"{'m1-1': 104.73, 'm2-1': 1.02, 'm3-1': 1.0, 'm4-1': 102.54, 'm5-1': 1.1, 'm6-1': 104.45, 'm7-1': 0.99, 'm8-1': 1.07}",1.605,14.142,15.212,inf,164.142,164.142
56,T1,BESTEFFORT,ARRIVING,m1-1,14.143,"{'m1-1': 106.45, 'm2-1': 1.03, 'm3-1': 1.14, 'm4-1': 105.43, 'm5-1': 0.97, 'm6-1': 99.17, 'm7-1': 1.06, 'm8-1': 1.14}",0.0,inf,inf,inf,164.143,164.143
57,T4,BESTEFFORT,COMPLETED,m2-1,14.289,"{'m1-1': 94.06, 'm2-1': 1.08, 'm3-1': 1.01, 'm4-1': 99.91, 'm5-1': 1.15, 'm6-1': 99.99, 'm7-1': 1.0, 'm8-1': 0.94}",1.62,14.392,15.472,inf,164.289,164.289
58,T1,BESTEFFORT,COMPLETED,m3-1,14.363,"{'m1-1': 116.03, 'm2-1': 0.97, 'm3-1': 1.03, 'm4-1': 115.63, 'm5-1': 1.11, 'm6-1': 96.2, 'm7-1': 1.09, 'm8-1': 1.14}",1.545,14.559000000000001,15.589,inf,164.363,164.363
59,T1,BESTEFFORT,ARRIVING,m4-1,14.661,"{'m1-1': 115.39, 'm2-1': 1.09, 'm3-1': 1.14, 'm4-1': 112.48, 'm5-1': 0.97, 'm6-1': 99.42, 'm7-1': 1.03, 'm8-1': 1.16}",0.0,inf,inf,inf,164.661,164.661
60,T2,BESTEFFORT,COMPLETED,m5-1,15.077,"{'m1-1': 98.88, 'm2-1': 1.07, 'm3-1': 1.03, 'm4-1': 108.09, 'm5-1': 1.12, 'm6-1': 101.25, 'm7-1': 1.1, 'm8-1': 0.96}",1.6800000000000002,15.077,16.197,inf,165.077,165.077
61,T2,BESTEFFORT,ARRIVING,m6-1,15.34,"{'m1-1': 102.6, 'm2-1': 1.15, 'm3-1': 0.99, 'm4-1': 100.69, 'm5-1': 1.0, 'm6-1': 105.07, 'm7-1': 1.0, 'm8-1': 0.92}",0.0,inf,inf,inf,165.34,165.34
62,T2,BESTEFFORT,COMPLETED,m7-1,15.346,"{'m1-1': 97.52, 'm2-1': 1.12, 'm3-1': 1.0, 'm4-1': 103.62, 'm5-1': 1.11, 'm6-1': 97.15, 'm7-1': 0.98, 'm8-1': 1.07}",1.47,15.346,16.326,inf,165.346,165.346
63,T3,BESTEFFORT,COMPLETED,m8-1,15.684,"{'m1-1': 106.91, 'm2-1': 0.97, 'm3-1': 1.05, 'm4-1': 111.95, 'm5-1': 0.99, 'm6-1': 107.72, 'm7-1': 1.08, 'm8-1': 1.0}",1.5,15.684,16.683999999999997,inf,165.684,165.684
64,T4,BESTEFFORT,ARRIVING,m1-1,16.381,"{'m1-1': 93.47, 'm2-1': 1.05, 'm3-1': 1.14, 'm4-1': 114.35, 'm5-1': 1.12, 'm6-1': 114.49, 'm7-1': 1.08, 'm8-1': 0.98}",0.0,inf,inf,inf,166.381,166.381
65,T3,BESTEFFORT,COMPLETED,m2-1,16.558,"{'m1-1': 104.82, 'm2-1': 1.0, 'm3-1': 0.96, 'm4-1': 103.34, 'm5-1': 1.07, 'm6-1': 103.22, 'm7-1': 1.12, 'm8-1': 1.1}",1.5,16.558,17.558,inf,166.558,166.558
66,T4,BESTEFFORT,COMPLETED,m3-1,16.658,"{'m1-1': 106.15, 'm2-1': 1.0, 'm3-1': 0.99, 'm4-1': 102.25, 'm5-1': 0.99, 'm6-1': 110.33, 'm7-1': 1.0, 'm8-1': 1.06}",1.4849999999999999,16.658,17.648,inf,166.65800000000002,166.65800000000002
67,T3,BESTEFFORT,ARRIVING,m4-1,16.734,"{'m1-1': 98.17, 'm2-1': 1.12, 'm3-1': 1.07, 'm4-1': 106.11, 'm5-1': 1.02, 'm6-1': 105.4, 'm7-1': 1.03, 'm8-1': 1.11}",0.0,inf,inf,inf,166.734,166.734
68,T2,BESTEFFORT,COMPLETED,m5-1,16.825,"{'m1-1': 102.37, 'm2-1': 1.05, 'm3-1': 1.07, 'm4-1': 100.06, 'm5-1': 1.01, 'm6-1': 102.48, 'm7-1': 1.08, 'm8-1': 0.98}",1.5150000000000001,16.825,17.835,inf,166.825,166.825
69,T4,BESTEFFORT,ARRIVING,m6-1,16.979,"{'m1-1': 96.72, 'm2-1': 0.99, 'm3-1': 1.09, 'm4-1': 110.09, 'm5-1': 1.07, 'm6-1': 99.03, 'm7-1': 0.99, 'm8-1': 1.02}",0.0,inf,inf,inf,166.97899999999998,166.97899999999998
70,T3,BESTEFFORT,COMPLETED,m7-1,16.982,"{'m1-1': 109.0, 'm2-1': 0.98, 'm3-1': 0.94, 'm4-1': 109.0, 'm5-1': 0.97, 'm6-1': 109.74, 'm7-1': 1.15, 'm8-1': 0.97}",1.7249999999999999,16.982,18.131999999999998,inf,166.982,166.982
71,T4,BESTEFFORT,COMPLETED,m8-1,17.836,"{'m1-1': 97.47, 'm2-1': 1.07, 'm3-1': 1.08, 'm4-1': 106.94, 'm5-1': 1.1, 'm6-1': 110.86, 'm7-1': 0.96, 'm8-1': 1.03}",1.545,17.836,18.866,inf,167.836,167.836
72,T2,BESTEFFORT,ARRIVING,m1-1,18.148,"{'m1-1': 110.11, 'm2-1': 1.15, 'm3-1': 1.11, 'm4-1': 103.34, 'm5-1': 1.08, 'm6-1': 97.83, 'm7-1': 1.08, 'm8-1': 0.96}",0.0,inf,inf,inf,168.148,168.148
73,T2,BESTEFFORT,COMPLETED,m2-1,18.29,"{'m1-1': 99.75, 'm2-1': 1.03, 'm3-1': 1.02, 'm4-1': 101.01, 'm5-1': 0.97, 'm6-1': 95.38, 'm7-1': 1.1, 'm8-1': 1.02}",1.545,18.29,19.32,inf,168.29,168.29
74,T1,BESTEFFORT,COMPLETED,m3-1,18.689,"{'m1-1': 116.97, 'm2-1': 1.0, 'm3-1': 1.08, 'm4-1': 106.66, 'm5-1': 1.07, 'm6-1': 107.0, 'm7-1': 0.94, 'm8-1': 1.09}",1.62,18.689,19.769,inf,168.689,168.689
75,T2,BESTEFFORT,ARRIVING,m4-1,19.035,"{'m1-1': 103.23, 'm2-1': 1.05, 'm3-1': 1.08, 'm4-1': 100.27, 'm5-1': 1.1, 'm6-1': 104.68, 'm7-1': 1.11, 'm8-1': 1.08}",0.0,inf,inf,inf,169.035,169.035
76,T3,BESTEFFORT,COMPLETED,m5-1,19.168,"{'m1-1': 106.83, 'm2-1': 1.09, 'm3-1': 1.1, 'm4-1': 111.13, 'm5-1': 0.97, 'm6-1': 100.04, 'm7-1': 1.04, 'm8-1': 0.95}",1.455,19.168,20.137999999999998,inf,169.168,169.168
77,T1,BESTEFFORT,ARRIVING,m6-1,19.195,"{'m1-1': 99.86, 'm2-1': 1.13, 'm3-1': 1.08, 'm4-1': 101.65, 'm5-1': 1.06, 'm6-1': 103.68, 'm7-1': 0.97, 'm8-1': 0.98}",0.0,inf,inf,inf,169.195,169.195
78,T4,BESTEFFORT,COMPLETED,m7-1,19.45,"{'m1-1': 100.46, 'm2-1': 1.04, 'm3-1': 1.08, 'm4-1': 113.09, 'm5-1': 1.06, 'm6-1': 113.05, 'm7-1': 1.12, 'm8-1': 1.09}",1.6800000000000002,19.45,20.57,inf,169.45,169.45
79,T3,BESTEFFORT,COMPLETED,m8-1,19.703,"{'m1-1': 109.14, 'm2-1': 1.14, 'm3-1': 1.08, 'm4-1': 112.53, 'm5-1': 0.97, 'm6-1': 107.83, 'm7-1': 1.16, 'm8-1': 1.02}",1.53,19.703,20.723,inf,169.703,169.703
80,T2,BESTEFFORT,ARRIVING,m1-1,19.848,"{'m1-1': 105.13, 'm2-1': 1.07, 'm3-1': 1.02, 'm4-1': 106.95, 'm5-1': 1.1, 'm6-1': 95.79, 'm7-1': 1.12, 'm8-1': 1.0}",0.0,inf,inf,inf,169.848,169.848
81,T1,BESTEFFORT,COMPLETED,m2-1,19.983,"{'m1-1': 105.07, 'm2-1': 1.12, 'm3-1': 1.13, 'm4-1': 103.44, 'm5-1': 1.1, 'm6-1': 95.59, 'm7-1': 1.01, 'm8-1': 1.06}",1.6800000000000002,19.983,21.103,inf,169.983,169.983
82,T1,BESTEFFORT,COMPLETED,m3-1,20.143,"{'m1-1': 111.53, 'm2-1': 1.04, 'm3-1': 1.0, 'm4-1': 104.27, 'm5-1': 1.1, 'm6-1': 101.6, 'm7-1': 0.99, 'm8-1': 1.02}",1.5,20.143,21.143,inf,170.143,170.143
83,T4,BESTEFFORT,ARRIVING,m4-1,20.992,"{'m1-1': 102.23, 'm2-1': 1.04, 'm3-1': 1.1, 'm4-1': 107.17, 'm5-1': 1.17, 'm6-1': 104.41, 'm7-1': 1.1, 'm8-1': 1.01}",0.0,inf,inf,inf,170.992,170.992
84,T1,BESTEFFORT,COMPLETED,m5-1,21.23,"{'m1-1': 109.71, 'm2-1': 1.07, 'm3-1': 1.13, 'm4-1': 111.24, 'm5-1': 1.03, 'm6-1': 103.07, 'm7-1': 1.05, 'm8-1': 1.12}",1.545,21.23,22.26,inf,171.23,171.23
85,T4,BESTEFFORT,ARRIVING,m6-1,21.511,"{'m1-1': 107.56, 'm2-1': 1.14, 'm3-1': 1.03, 'm4-1': 110.98, 'm5-1': 1.17, 'm6-1': 114.26, 'm7-1': 1.08, 'm8-1': 0.98}",0.0,inf,inf,inf,171.511,171.511
86,T2,BESTEFFORT,COMPLETED,m7-1,21.521,"{'m1-1': 110.05, 'm2-1': 1.14, 'm3-1': 1.12, 'm4-1': 106.42, 'm5-1': 1.06, 'm6-1': 103.69, 'm7-1': 1.0, 'm8-1': 1.07}",1.5,21.521,22.521,inf,171.52100000000002,171.52100000000002
87,T4,BESTEFFORT,COMPLETED,m8-1,21.537,"{'m1-1': 107.45, 'm2-1': 1.06, 'm3-1': 1.02, 'm4-1': 113.78, 'm5-1': 1.14, 'm6-1': 100.23, 'm7-1': 1.07, 'm8-1': 1.04}",1.56,21.537,22.576999999999998,inf,171.537,171.537
88,T3,BESTEFFORT,ARRIVING,m1-1,22.003,"{'m1-1': 105.76, 'm2-1': 1.08, 'm3-1': 0.97, 'm4-1': 103.26, 'm5-1': 1.02, 'm6-1': 110.49, 'm7-1': 1.01, 'm8-1': 1.11}",0.0,inf,inf,inf,172.003,172.003
89,T3,BESTEFFORT,COMPLETED,m2-1,22.625,"{'m1-1': 97.33, 'm2-1': 1.06, 'm3-1': 0.96, 'm4-1': 113.72, 'm5-1': 1.09, 'm6-1': 114.32, 'm7-1': 1.02, 'm8-1': 1.0}",1.59,22.625,23.685,inf,172.625,172.625
90,T3,BESTEFFORT,COMPLETED,m3-1,22.766,"{'m1-1': 108.03, 'm2-1': 1.02, 'm3-1': 1.11, 'm4-1': 103.81, 'm5-1': 0.95, 'm6-1': 107.57, 'm7-1': 1.13, 'm8-1': 0.98}",1.665,22.766,23.875999999999998,inf,172.766,172.766
91,T4,BESTEFFORT,ARRIVING,m4-1,23.372,"{'m1-1': 96.74, 'm2-1': 1.06, 'm3-1': 1.05, 'm4-1': 106.0, 'm5-1': 1.0, 'm6-1': 101.31, 'm7-1': 1.09, 'm8-1': 1.09}",0.0,inf,inf,inf,173.372,173.372
92,T3,BESTEFFORT,COMPLETED,m5-1,23.71,"{'m1-1': 104.45, 'm2-1': 1.06, 'm3-1': 1.02, 'm4-1': 110.21, 'm5-1': 0.95, 'm6-1': 110.5, 'm7-1': 1.14, 'm8-1': 0.98}",1.4249999999999998,23.71,24.66,inf,173.71,173.71
93,T2,BESTEFFORT,ARRIVING,m6-1,23.723,"{'m1-1': 99.29, 'm2-1': 1.01, 'm3-1': 0.96, 'm4-1': 99.56, 'm5-1': 1.04, 'm6-1': 110.07, 'm7-1': 1.12, 'm8-1': 0.99}",0.0,inf,inf,inf,173.723,173.723
94,T3,BESTEFFORT,COMPLETED,m7-1,24.105,"{'m1-1': 104.64, 'm2-1': 0.96, 'm3-1': 0.96, 'm4-1': 105.62, 'm5-1': 0.96, 'm6-1': 111.13, 'm7-1': 1.04, 'm8-1': 1.02}",1.56,24.105,25.145,inf,174.105,174.105
95,T1,BESTEFFORT,COMPLETED,m8-1,24.165,"{'m1-1': 99.34, 'm2-1': 1.0, 'm3-1': 1.06, 'm4-1': 112.33, 'm5-1': 0.97, 'm6-1': 103.37, 'm7-1': 1.07, 'm8-1': 1.03}",1.545,24.165,25.195,inf,174.165,174.165
96,T4,BESTEFFORT,ARRIVING,m1-1,24.216,"{'m1-1': 99.56, 'm2-1': 1.06, 'm3-1': 1.01, 'm4-1': 107.94, 'm5-1': 1.01, 'm6-1': 103.49, 'm7-1': 1.02, 'm8-1': 1.11}",0.0,inf,inf,inf,174.216,174.216
97,T3,BESTEFFORT,COMPLETED,m2-1,24.407,"{'m1-1': 104.45, 'm2-1': 1.14, 'm3-1': 0.96, 'm4-1': 114.75, 'm5-1': 0.99, 'm6-1': 105.65, 'm7-1': 1.13, 'm8-1': 1.09}",1.71,24.407,25.547,inf,174.407,174.407
98,T1,BESTEFFORT,COMPLETED,m3-1,25.103,"{'m1-1': 115.38, 'm2-1': 1.1, 'm3-1': 1.01, 'm4-1': 102.69, 'm5-1': 0.95, 'm6-1': 109.99, 'm7-1': 1.1, 'm8-1': 1.1}",1.5150000000000001,25.103,26.113000000000003,inf,175.103,175.103
99,T4,BESTEFFORT,ARRIVING,m4-1,25.217,"{'m1-1': 99.41, 'm2-1': 1.12, 'm3-1': 0.99, 'm4-1': 108.39, 'm5-1': 1.01, 'm6-1': 104.56, 'm7-1': 1.04, 'm8-1': 0.98}",0.0,inf,inf,inf,175.21699999999998,175.21699999999998
100,T3,BESTEFFORT,COMPLETED,m5-1,25.382,"{'m1-1': 93.26, 'm2-1': 1.1, 'm3-1': 1.08, 'm4-1': 106.18, 'm5-1': 0.99, 'm6-1': 109.68, 'm7-1': 1.16, 'm8-1': 1.0}",1.4849999999999999,25.382,26.372,inf,175.382,175.382
101,T3,BESTEFFORT,ARRIVING,m6-1,25.561,"{'m1-1': 107.96, 'm2-1': 0.97, 'm3-1': 0.94, 'm4-1': 102.36, 'm5-1': 1.01, 'm6-1': 102.06, 'm7-1': 1.1, 'm8-1': 1.1}",0.0,inf,inf,inf,175.561,175.561
102,T2,BESTEFFORT,COMPLETED,m7-1,25.848,"{'m1-1': 111.01, 'm2-1': 1.18, 'm3-1': 1.07, 'm4-1': 93.52, 'm5-1': 1.13, 'm6-1': 104.38, 'm7-1': 1.08, 'm8-1': 1.08}",1.62,25.848,26.927999999999997,inf,175.848,175.848
103,T2,BESTEFFORT,COMPLETED,m8-1,26.004,"{'m1-1': 108.26, 'm2-1': 1.1, 'm3-1': 1.12, 'm4-1': 107.3, 'm5-1': 1.14, 'm6-1': 104.79, 'm7-1': 0.98, 'm8-1': 0.98}",1.47,26.004,26.984,inf,176.004,176.004
104,T4,BESTEFFORT,ARRIVING,m1-1,26.294,"{'m1-1': 102.88, 'm2-1': 1.14, 'm3-1': 1.09, 'm4-1': 96.46, 'm5-1': 1.02, 'm6-1': 115.26, 'm7-1': 1.1, 'm8-1': 1.02}",0.0,inf,inf,inf,176.294,176.294
105,T3,BESTEFFORT,COMPLETED,m2-1,26.76,"{'m1-1': 105.34, 'm2-1': 1.11, 'm3-1': 1.03, 'm4-1': 101.51, 'm5-1': 1.12, 'm6-1': 102.69, 'm7-1': 1.14, 'm8-1': 1.11}",1.665,26.76,27.87,inf,176.76,176.76
106,T4,BESTEFFORT,COMPLETED,m3-1,26.819,"{'m1-1': 98.65, 'm2-1': 1.07, 'm3-1': 0.98, 'm4-1': 99.61, 'm5-1': 1.04, 'm6-1': 108.88, 'm7-1': 1.13, 'm8-1': 1.03}",1.47,26.819,27.799,inf,176.819,176.819
107,T1,BESTEFFORT,ARRIVING,m4-1,27.536,"{'m1-1': 107.26, 'm2-1': 1.08, 'm3-1': 1.11, 'm4-1': 103.74, 'm5-1': 1.03, 'm6-1': 98.94, 'm7-1': 0.95, 'm8-1': 1.05}",0.0,inf,inf,inf,177.536,177.536
108,T1,BESTEFFORT,COMPLETED,m5-1,27.59,"{'m1-1': 99.37, 'm2-1': 1.05, 'm3-1': 1.06, 'm4-1': 117.07, 'm5-1': 1.02, 'm6-1': 104.9, 'm7-1': 1.07, 'm8-1': 1.11}",1.53,27.59,28.61,inf,177.59,177.59
109,T4,BESTEFFORT,ARRIVING,m6-1,28.341,"{'m1-1': 100.14, 'm2-1': 1.03, 'm3-1': 1.12, 'm4-1': 100.56, 'm5-1': 1.09, 'm6-1': 115.72, 'm7-1': 1.0, 'm8-1': 1.0}",0.0,inf,inf,inf,178.341,178.341
110,T2,BESTEFFORT,COMPLETED,m7-1,28.612,"{'m1-1': 101.34, 'm2-1': 1.03, 'm3-1': 1.07, 'm4-1': 93.52, 'm5-1': 1.06, 'm6-1': 96.27, 'm7-1': 1.04, 'm8-1': 1.01}",1.56,28.612,29.651999999999997,inf,178.612,178.612
111,T3,BESTEFFORT,COMPLETED,m8-1,28.636,"{'m1-1': 94.25, 'm2-1': 1.06, 'm3-1': 1.03, 'm4-1': 100.17, 'm5-1': 1.12, 'm6-1': 110.38, 'm7-1': 1.1, 'm8-1': 1.0}",1.5,28.636,29.636,inf,178.636,178.636
112,T4,BESTEFFORT,ARRIVING,m1-1,28.663,"{'m1-1': 106.13, 'm2-1': 1.0, 'm3-1': 0.96, 'm4-1': 102.47, 'm5-1': 1.1, 'm6-1': 108.39, 'm7-1': 1.13, 'm8-1': 0.99}",0.0,inf,inf,inf,178.663,178.663
113,T2,BESTEFFORT,COMPLETED,m2-1,28.929,"{'m1-1': 101.7, 'm2-1': 1.11, 'm3-1': 1.13, 'm4-1': 95.4, 'm5-1': 1.01, 'm6-1': 96.32, 'm7-1': 1.05, 'm8-1': 1.04}",1.665,28.929,30.038999999999998,inf,178.929,178.929
114,T3,BESTEFFORT,COMPLETED,m3-1,29.075,"{'m1-1': 105.29, 'm2-1': 1.08, 'm3-1': 1.06, 'm4-1': 115.29, 'm5-1': 1.01, 'm6-1': 107.73, 'm7-1': 1.13, 'm8-1': 1.11}",1.59,29.075,30.134999999999998,inf,179.075,179.075
115,T2,BESTEFFORT,ARRIVING,m4-1,29.394,"{'m1-1': 103.42, 'm2-1': 1.04, 'm3-1': 0.95, 'm4-1': 102.75, 'm5-1': 1.1, 'm6-1': 110.54, 'm7-1': 0.99, 'm8-1': 0.99}",0.0,inf,inf,inf,179.394,179.394
116,T3,BESTEFFORT,COMPLETED,m5-1,29.471,"{'m1-1': 103.17, 'm2-1': 1.07, 'm3-1': 1.11, 'm4-1': 101.87, 'm5-1': 1.08, 'm6-1': 110.84, 'm7-1': 1.13, 'm8-1': 1.03}",1.62,29.471,30.551000000000002,inf,179.471,179.471
117,T3,BESTEFFORT,ARRIVING,m6-1,29.657,"{'m1-1': 109.41, 'm2-1': 0.99, 'm3-1': 1.0, 'm4-1': 113.55, 'm5-1': 1.03, 'm6-1': 99.88, 'm7-1': 1.12, 'm8-1': 0.96}",0.0,inf,inf,inf,179.657,179.657
118,T4,BESTEFFORT,COMPLETED,m7-1,30.286,"{'m1-1': 93.72, 'm2-1': 1.02, 'm3-1': 1.04, 'm4-1': 102.36, 'm5-1': 1.12, 'm6-1': 105.91, 'm7-1': 1.01, 'm8-1': 0.96}",1.5150000000000001,30.286,31.296000000000003,inf,180.286,180.286
119,T1,BESTEFFORT,COMPLETED,m8-1,30.434,"{'m1-1': 113.85, 'm2-1': 1.12, 'm3-1': 0.97, 'm4-1': 105.04, 'm5-1': 1.0, 'm6-1': 97.83, 'm7-1': 1.07, 'm8-1': 0.99}",1.4849999999999999,30.434,31.424,inf,180.434,180.434
120,T1,BESTEFFORT,ARRIVING,m1-1,30.528,"{'m1-1': 110.54, 'm2-1': 1.1, 'm3-1': 1.0, 'm4-1': 103.37, 'm5-1': 1.02, 'm6-1': 113.16, 'm7-1': 1.09, 'm8-1': 1.16}",0.0,inf,inf,inf,180.528,180.528
121,T2,BESTEFFORT,COMPLETED,m2-1,30.736,"{'m1-1': 114.68, 'm2-1': 1.18, 'm3-1': 1.09, 'm4-1': 92.99, 'm5-1': 0.97, 'm6-1': 97.32, 'm7-1': 0.98, 'm8-1': 0.95}",1.77,30.736,31.916,inf,180.736,180.736
122,T3,BESTEFFORT,COMPLETED,m3-1,31.438,"{'m1-1': 95.19, 'm2-1': 1.14, 'm3-1': 1.11, 'm4-1': 109.11, 'm5-1': 0.97, 'm6-1': 100.55, 'm7-1': 1.07, 'm8-1': 1.04}",1.665,31.438,32.548,inf,181.438,181.438
123,T2,BESTEFFORT,ARRIVING,m4-1,31.875,"{'m1-1': 114.65, 'm2-1': 1.08, 'm3-1': 1.06, 'm4-1': 103.67, 'm5-1': 1.08, 'm6-1': 94.51, 'm7-1': 1.05, 'm8-1': 0.98}",0.0,inf,inf,inf,181.875,181.875
124,T3,BESTEFFORT,COMPLETED,m5-1,32.359,"{'m1-1': 100.51, 'm2-1': 1.1, 'm3-1': 1.01, 'm4-1': 109.98, 'm5-1': 0.98, 'm6-1': 101.68, 'm7-1': 1.16, 'm8-1': 0.96}",1.47,32.359,33.339,inf,182.359,182.359
125,T1,BESTEFFORT,ARRIVING,m6-1,32.751,"{'m1-1': 105.06, 'm2-1': 1.04, 'm3-1': 1.08, 'm4-1': 104.11, 'm5-1': 0.96, 'm6-1': 100.16, 'm7-1': 0.99, 'm8-1': 1.07}",0.0,inf,inf,inf,182.751,182.751
126,T3,BESTEFFORT,COMPLETED,m7-1,33.231,"{'m1-1': 97.21, 'm2-1': 1.11, 'm3-1': 0.96, 'm4-1': 99.75, 'm5-1': 1.01, 'm6-1': 106.13, 'm7-1': 1.06, 'm8-1': 1.04}",1.59,33.231,34.291000000000004,inf,183.231,183.231
127,T4,BESTEFFORT,COMPLETED,m8-1,33.701,"{'m1-1': 98.07, 'm2-1': 1.0, 'm3-1': 1.01, 'm4-1': 106.34, 'm5-1': 1.13, 'm6-1': 111.62, 'm7-1': 1.11, 'm8-1': 1.11}",1.665,33.701,34.811,inf,183.701,183.701
128,T3,BESTEFFORT,ARRIVING,m1-1,33.919,"{'m1-1': 110.19, 'm2-1': 0.99, 'm3-1': 1.02, 'm4-1': 110.76, 'm5-1': 1.02, 'm6-1': 102.8, 'm7-1': 1.04, 'm8-1': 1.09}",0.0,inf,inf,inf,183.91899999999998,183.91899999999998
129,T4,BESTEFFORT,COMPLETED,m2-1,34.156,"{'m1-1': 103.17, 'm2-1': 1.06, 'm3-1': 1.11, 'm4-1': 114.63, 'm5-1': 1.03, 'm6-1': 99.88, 'm7-1': 1.04, 'm8-1': 1.07}",1.59,34.156,35.216,inf,184.156,184.156
130,T4,BESTEFFORT,COMPLETED,m3-1,34.204,"{'m1-1': 98.05, 'm2-1': 0.98, 'm3-1': 0.97, 'm4-1': 104.53, 'm5-1': 1.11, 'm6-1': 100.58, 'm7-1': 1.06, 'm8-1': 1.0}",1.455,34.204,35.174,inf,184.204,184.204
131,T1,BESTEFFORT,ARRIVING,m4-1,34.265,"{'m1-1': 115.67, 'm2-1': 1.0, 'm3-1': 1.08, 'm4-1': 103.58, 'm5-1': 0.94, 'm6-1': 102.79, 'm7-1': 1.01, 'm8-1': 1.05}",0.0,inf,inf,inf,184.265,184.265
132,T1,BESTEFFORT,COMPLETED,m5-1,34.573,"{'m1-1': 99.46, 'm2-1': 1.11, 'm3-1': 1.08, 'm4-1': 113.36, 'm5-1': 0.97, 'm6-1': 103.74, 'm7-1': 0.95, 'm8-1': 0.99}",1.455,34.573,35.543,inf,184.573,184.573
133,T1,BESTEFFORT,ARRIVING,m6-1,34.998,"{'m1-1': 112.25, 'm2-1': 0.97, 'm3-1': 1.09, 'm4-1': 106.24, 'm5-1': 1.03, 'm6-1': 101.58, 'm7-1': 1.04, 'm8-1': 1.02}",0.0,inf,inf,inf,184.998,184.998
134,T4,BESTEFFORT,COMPLETED,m7-1,35.34,"{'m1-1': 105.07, 'm2-1': 1.0, 'm3-1': 1.12, 'm4-1': 108.81, 'm5-1': 1.08, 'm6-1': 108.98, 'm7-1': 1.09, 'm8-1': 1.04}",1.6350000000000002,35.34,36.43000000000001,inf,185.34,185.34
135,T2,BESTEFFORT,COMPLETED,m8-1,35.425,"{'m1-1': 99.82, 'm2-1': 1.0, 'm3-1': 1.06, 'm4-1': 93.2, 'm5-1': 1.0, 'm6-1': 98.05, 'm7-1': 1.07, 'm8-1': 0.93}",1.395,35.425,36.355,inf,185.425,185.425
136,T1,BESTEFFORT,ARRIVING,m1-1,35.648,"{'m1-1': 109.0, 'm2-1': 1.01, 'm3-1': 1.09, 'm4-1': 110.22, 'm5-1': 0.95, 'm6-1': 112.49, 'm7-1': 1.04, 'm8-1': 1.0}",0.0,inf,inf,inf,185.648,185.648
137,T1,BESTEFFORT,COMPLETED,m2-1,35.848,"{'m1-1': 117.06, 'm2-1': 1.08, 'm3-1': 1.04, 'm4-1': 118.26, 'm5-1': 0.99, 'm6-1': 103.73, 'm7-1': 0.99, 'm8-1': 1.1}",1.62,35.848,36.928,inf,185.848,185.848
138,T1,BESTEFFORT,COMPLETED,m3-1,35.936,"{'m1-1': 113.21, 'm2-1': 0.99, 'm3-1': 1.01, 'm4-1': 105.15, 'm5-1': 1.01, 'm6-1': 100.76, 'm7-1': 0.94, 'm8-1': 1.09}",1.5150000000000001,35.936,36.946,inf,185.936,185.936
139,T4,BESTEFFORT,ARRIVING,m4-1,36.36,"{'m1-1': 94.37, 'm2-1': 1.05, 'm3-1': 1.12, 'm4-1': 100.1, 'm5-1': 1.04, 'm6-1': 107.62, 'm7-1': 1.1, 'm8-1': 1.08}",0.0,inf,inf,inf,186.36,186.36
140,T1,BESTEFFORT,COMPLETED,m5-1,36.834,"{'m1-1': 105.26, 'm2-1': 1.02, 'm3-1': 1.0, 'm4-1': 102.78, 'm5-1': 1.07, 'm6-1': 97.62, 'm7-1': 1.08, 'm8-1': 1.04}",1.605,36.834,37.904,inf,186.834,186.834
141,T2,BESTEFFORT,ARRIVING,m6-1,36.87,"{'m1-1': 104.86, 'm2-1': 1.15, 'm3-1': 0.98, 'm4-1': 101.07, 'm5-1': 1.04, 'm6-1': 101.04, 'm7-1': 1.12, 'm8-1': 1.08}",0.0,inf,inf,inf,186.87,186.87
142,T3,BESTEFFORT,COMPLETED,m7-1,37.146,"{'m1-1': 108.09, 'm2-1': 1.02, 'm3-1': 0.99, 'm4-1': 98.6, 'm5-1': 0.98, 'm6-1': 113.91, 'm7-1': 1.12, 'm8-1': 1.1}",1.6800000000000002,37.146,38.266,inf,187.14600000000002,187.14600000000002
143,T3,BESTEFFORT,COMPLETED,m8-1,37.39,"{'m1-1': 106.45, 'm2-1': 1.06, 'm3-1': 0.99, 'm4-1': 106.1, 'm5-1': 0.95, 'm6-1': 113.5, 'm7-1': 1.15, 'm8-1': 1.03}",1.545,37.39,38.42,inf,187.39,187.39
144,T3,BESTEFFORT,ARRIVING,m1-1,37.623,"{'m1-1': 94.46, 'm2-1': 1.03, 'm3-1': 1.03, 'm4-1': 113.0, 'm5-1': 1.01, 'm6-1': 100.92, 'm7-1': 1.11, 'm8-1': 0.95}",0.0,inf,inf,inf,187.623,187.623
145,T2,BESTEFFORT,COMPLETED,m2-1,37.713,"{'m1-1': 104.75, 'm2-1': 1.14, 'm3-1': 0.99, 'm4-1': 97.4, 'm5-1': 1.08, 'm6-1': 109.3, 'm7-1': 1.04, 'm8-1': 1.03}",1.71,37.713,38.853,inf,187.713,187.713
146,T3,BESTEFFORT,COMPLETED,m3-1,38.099,"{'m1-1': 101.78, 'm2-1': 1.07, 'm3-1': 1.0, 'm4-1': 112.02, 'm5-1': 1.07, 'm6-1': 99.61, 'm7-1': 1.16, 'm8-1': 0.95}",1.5,38.099,39.099,inf,188.099,188.099
147,T3,BESTEFFORT,ARRIVING,m4-1,38.187,"{'m1-1': 106.75, 'm2-1': 1.05, 'm3-1': 1.01, 'm4-1': 100.16, 'm5-1': 1.08, 'm6-1': 113.78, 'm7-1': 1.06, 'm8-1': 1.08}",0.0,inf,inf,inf,188.187,188.187
148,T2,BESTEFFORT,COMPLETED,m5-1,38.198,"{'m1-1': 106.42, 'm2-1': 1.03, 'm3-1': 1.07, 'm4-1': 100.07, 'm5-1': 1.02, 'm6-1': 95.65, 'm7-1': 1.12, 'm8-1': 1.04}",1.53,38.198,39.218,inf,188.198,188.198
149,T1,BESTEFFORT,ARRIVING,m6-1,38.394,"{'m1-1': 108.01, 'm2-1': 1.09, 'm3-1': 1.02, 'm4-1': 118.78, 'm5-1': 0.98, 'm6-1': 105.88, 'm7-1': 1.02, 'm8-1': 0.98}",0.0,inf,inf,inf,188.394,188.394
150,T2,BESTEFFORT,COMPLETED,m7-1,38.402,"{'m1-1': 107.17, 'm2-1': 1.04, 'm3-1': 1.07, 'm4-1': 95.02, 'm5-1': 0.97, 'm6-1': 100.84, 'm7-1': 1.12, 'm8-1': 1.03}",1.6800000000000002,38.402,39.522,inf,188.402,188.402
151,T3,BESTEFFORT,COMPLETED,m8-1,38.571,"{'m1-1': 100.45, 'm2-1': 1.08, 'm3-1': 1.04, 'm4-1': 106.54, 'm5-1': 1.06, 'm6-1': 114.29, 'm7-1': 1.1, 'm8-1': 0.96}",1.44,38.571,39.531,inf,188.571,188.571
152,T1,BESTEFFORT,ARRIVING,m1-1,38.787,"{'m1-1': 107.93, 'm2-1': 1.05, 'm3-1': 1.0, 'm4-1': 116.06, 'm5-1': 0.99, 'm6-1': 111.69, 'm7-1': 1.09, 'm8-1': 1.02}",0.0,inf,inf,inf,188.787,188.787
153,T2,BESTEFFORT,COMPLETED,m2-1,39.528,"{'m1-1': 106.3, 'm2-1': 1.14, 'm3-1': 1.12, 'm4-1': 107.44, 'm5-1': 1.05, 'm6-1': 108.78, 'm7-1': 1.08, 'm8-1': 1.01}",1.71,39.528,40.668,inf,189.528,189.528
154,T3,BESTEFFORT,COMPLETED,m3-1,39.65,"{'m1-1': 104.88, 'm2-1': 1.07, 'm3-1': 0.95, 'm4-1': 99.1, 'm5-1': 1.07, 'm6-1': 99.48, 'm7-1': 1.04, 'm8-1': 1.02}",1.4249999999999998,39.65,40.6,inf,189.65,189.65
155,T1,BESTEFFORT,ARRIVING,m4-1,39.771,"{'m1-1': 103.08, 'm2-1': 0.97, 'm3-1': 1.13, 'm4-1': 119.08, 'm5-1': 1.11, 'm6-1': 99.13, 'm7-1': 1.04, 'm8-1': 1.02}",0.0,inf,inf,inf,189.77100000000002,189.77100000000002
156,T1,BESTEFFORT,COMPLETED,m5-1,39.782,"{'m1-1': 108.16, 'm2-1': 1.05, 'm3-1': 1.11, 'm4-1': 109.74, 'm5-1': 1.06, 'm6-1': 98.76, 'm7-1': 0.95, 'm8-1': 1.13}",1.59,39.782,40.842,inf,189.78199999999998,189.78199999999998
157,T3,BESTEFFORT,ARRIVING,m6-1,40.066,"{'m1-1': 93.56, 'm2-1': 1.1, 'm3-1': 1.11, 'm4-1': 101.55, 'm5-1': 0.99, 'm6-1': 106.29, 'm7-1': 1.01, 'm8-1': 1.04}",0.0,inf,inf,inf,190.066,190.066
158,T4,BESTEFFORT,COMPLETED,m7-1,40.317,"{'m1-1': 106.16, 'm2-1': 0.97, 'm3-1': 0.96, 'm4-1': 113.05, 'm5-1': 1.13, 'm6-1': 113.32, 'm7-1': 1.12, 'm8-1': 1.0}",1.6800000000000002,40.317,41.437,inf,190.317,190.317
159,T2,BESTEFFORT,COMPLETED,m8-1,41.178,"{'m1-1': 105.58, 'm2-1': 1.15, 'm3-1': 1.0, 'm4-1': 98.61, 'm5-1': 0.98, 'm6-1': 95.26, 'm7-1': 1.1, 'm8-1': 1.02}",1.53,41.178,42.198,inf,191.178,191.178
160,T3,BESTEFFORT,ARRIVING,m1-1,41.359,"{'m1-1': 104.47, 'm2-1': 1.1, 'm3-1': 0.96, 'm4-1': 107.61, 'm5-1': 1.01, 'm6-1': 109.79, 'm7-1': 1.12, 'm8-1': 1.06}",0.0,inf,inf,inf,191.359,191.359
161,T1,BESTEFFORT,COMPLETED,m2-1,41.522,"{'m1-1': 103.56, 'm2-1': 1.05, 'm3-1': 1.05, 'm4-1': 118.03, 'm5-1': 1.12, 'm6-1': 105.08, 'm7-1': 0.93, 'm8-1': 1.12}",1.5750000000000002,41.522,42.571999999999996,inf,191.522,191.522
162,T2,BESTEFFORT,COMPLETED,m3-1,41.755,"{'m1-1': 99.75, 'm2-1': 1.16, 'm3-1': 1.02, 'm4-1': 98.56, 'm5-1': 1.11, 'm6-1': 104.08, 'm7-1': 0.97, 'm8-1': 0.96}",1.53,41.755,42.775000000000006,inf,191.755,191.755
163,T3,BESTEFFORT,ARRIVING,m4-1,42.036,"{'m1-1': 100.75, 'm2-1': 1.08, 'm3-1': 1.1, 'm4-1': 98.05, 'm5-1': 0.96, 'm6-1': 103.24, 'm7-1': 1.04, 'm8-1': 1.02}",0.0,inf,inf,inf,192.036,192.036
164,T3,BESTEFFORT,COMPLETED,m5-1,42.204,"{'m1-1': 109.28, 'm2-1': 1.03, 'm3-1': 1.12, 'm4-1': 111.21, 'm5-1': 1.12, 'm6-1': 101.65, 'm7-1': 1.02, 'm8-1': 1.0}",1.6800000000000002,42.204,43.324,inf,192.204,192.204
165,T3,BESTEFFORT,ARRIVING,m6-1,42.36,"{'m1-1': 106.28, 'm2-1': 1.13, 'm3-1': 1.09, 'm4-1': 97.28, 'm5-1': 1.09, 'm6-1': 105.17, 'm7-1': 1.0, 'm8-1': 0.95}",0.0,inf,inf,inf,192.36,192.36
166,T1,BESTEFFORT,COMPLETED,m7-1,42.791,"{'m1-1': 109.76, 'm2-1': 1.03, 'm3-1': 1.01, 'm4-1': 109.57, 'm5-1': 0.98, 'm6-1': 95.85, 'm7-1': 0.97, 'm8-1': 1.15}",1.455,42.791,43.760999999999996,inf,192.791,192.791
167,T1,BESTEFFORT,COMPLETED,m8-1,42.987,"{'m1-1': 114.59, 'm2-1': 1.1, 'm3-1': 1.08, 'm4-1': 111.66, 'm5-1': 1.01, 'm6-1': 111.37, 'm7-1': 1.02, 'm8-1': 1.02}",1.53,42.987,44.007000000000005,inf,192.987,192.987
168,T1,BESTEFFORT,ARRIVING,m1-1,43.734,"{'m1-1': 109.82, 'm2-1': 1.09, 'm3-1': 1.09, 'm4-1': 112.51, 'm5-1': 0.96, 'm6-1': 109.79, 'm7-1': 1.09, 'm8-1': 1.07}",0.0,inf,inf,inf,193.734,193.734
169,T3,BESTEFFORT,COMPLETED,m2-1,43.795,"{'m1-1': 107.07, 'm2-1': 1.09, 'm3-1': 1.08, 'm4-1': 102.56, 'm5-1': 1.01, 'm6-1': 110.43, 'm7-1': 1.04, 'm8-1': 1.08}",1.6350000000000002,43.795,44.885000000000005,inf,193.79500000000002,193.79500000000002
170,T2,BESTEFFORT,COMPLETED,m3-1,44.796,"{'m1-1': 105.09, 'm2-1': 1.15, 'm3-1': 1.0, 'm4-1': 94.94, 'm5-1': 1.1, 'm6-1': 102.2, 'm7-1': 1.06, 'm8-1': 1.03}",1.5,44.796,45.796,inf,194.796,194.796
171,T4,BESTEFFORT,ARRIVING,m4-1,44.966,"{'m1-1': 94.66, 'm2-1': 1.08, 'm3-1': 1.04, 'm4-1': 99.92, 'm5-1': 1.14, 'm6-1': 105.02, 'm7-1': 1.09, 'm8-1': 1.07}",0.0,inf,inf,inf,194.966,194.966
172,T4,BESTEFFORT,COMPLETED,m5-1,45.175,"{'m1-1': 94.75, 'm2-1': 1.03, 'm3-1': 1.0, 'm4-1': 102.43, 'm5-1': 1.17, 'm6-1': 110.89, 'm7-1': 1.04, 'm8-1': 1.07}",1.755,45.175,46.345,inf,195.175,195.175
173,T3,BESTEFFORT,ARRIVING,m6-1,45.507,"{'m1-1': 95.19, 'm2-1': 0.97, 'm3-1': 1.07, 'm4-1': 110.63, 'm5-1': 1.12, 'm6-1': 109.06, 'm7-1': 1.06, 'm8-1': 1.05}",0.0,inf,inf,inf,195.507,195.507
174,T3,BESTEFFORT,COMPLETED,m7-1,45.746,"{'m1-1': 96.17, 'm2-1': 1.09, 'm3-1': 1.12, 'm4-1': 101.55, 'm5-1': 0.94, 'm6-1': 98.82, 'm7-1': 1.09, 'm8-1': 1.08}",1.6350000000000002,45.746,46.836000000000006,inf,195.746,195.746
175,T2,BESTEFFORT,COMPLETED,m8-1,46.016,"{'m1-1': 108.26, 'm2-1': 1.02, 'm3-1': 1.08, 'm4-1': 100.68, 'm5-1': 1.0, 'm6-1': 100.97, 'm7-1': 1.11, 'm8-1': 1.02}",1.53,46.016,47.036,inf,196.016,196.016
176,T2,BESTEFFORT,ARRIVING,m1-1,46.321,"{'m1-1': 107.06, 'm2-1': 1.18, 'm3-1': 0.97, 'm4-1': 102.02, 'm5-1': 1.02, 'm6-1': 109.25, 'm7-1': 1.02, 'm8-1': 1.0}",0.0,inf,inf,inf,196.321,196.321
177,T2,BESTEFFORT,COMPLETED,m2-1,46.44,"{'m1-1': 110.36, 'm2-1': 1.13, 'm3-1': 1.13, 'm4-1': 99.9, 'm5-1': 1.01, 'm6-1': 94.39, 'm7-1': 0.98, 'm8-1': 1.04}",1.6949999999999998,46.44,47.57,inf,196.44,196.44
178,T1,BESTEFFORT,COMPLETED,m3-1,46.93,"{'m1-1': 103.56, 'm2-1': 1.0, 'm3-1': 1.1, 'm4-1': 112.43, 'm5-1': 1.04, 'm6-1': 112.91, 'm7-1': 1.02, 'm8-1': 0.99}",1.6500000000000001,46.93,48.03,inf,196.93,196.93
179,T4,BESTEFFORT,ARRIVING,m4-1,46.961,"{'m1-1': 101.61, 'm2-1': 1.1, 'm3-1': 1.1, 'm4-1': 97.17, 'm5-1': 1.17, 'm6-1': 100.35, 'm7-1': 1.0, 'm8-1': 1.09}",0.0,inf,inf,inf,196.961,196.961
180,T2,BESTEFFORT,COMPLETED,m5-1,47.092,"{'m1-1': 99.49, 'm2-1': 1.03, 'm3-1': 0.96, 'm4-1': 92.25, 'm5-1': 1.15, 'm6-1': 108.21, 'm7-1': 1.14, 'm8-1': 1.02}",1.7249999999999999,47.092,48.242,inf,197.09199999999998,197.09199999999998
181,T1,BESTEFFORT,ARRIVING,m6-1,47.273,"{'m1-1': 109.33, 'm2-1': 1.11, 'm3-1': 1.0, 'm4-1': 118.65, 'm5-1': 1.02, 'm6-1': 110.28, 'm7-1': 1.08, 'm8-1': 1.07}",0.0,inf,inf,inf,197.273,197.273
182,T4,BESTEFFORT,COMPLETED,m7-1,47.42,"{'m1-1': 94.67, 'm2-1': 1.02, 'm3-1': 0.98, 'm4-1': 111.64, 'm5-1': 1.15, 'm6-1': 109.71, 'm7-1': 1.04, 'm8-1': 1.01}",1.56,47.42,48.46,inf,197.42000000000002,197.42000000000002
183,T4,BESTEFFORT,COMPLETED,m8-1,48.002,"{'m1-1': 95.84, 'm2-1': 1.09, 'm3-1': 1.0, 'm4-1': 96.87, 'm5-1': 1.1, 'm6-1': 114.55, 'm7-1': 0.97, 'm8-1': 1.02}",1.53,48.002,49.022000000000006,inf,198.002,198.002
184,T3,BESTEFFORT,ARRIVING,m1-1,48.095,"{'m1-1': 96.52, 'm2-1': 1.04, 'm3-1': 1.02, 'm4-1': 115.36, 'm5-1': 1.02, 'm6-1': 109.54, 'm7-1': 1.03, 'm8-1': 1.09}",0.0,inf,inf,inf,198.095,198.095
185,T4,BESTEFFORT,COMPLETED,m2-1,48.342,"{'m1-1': 107.56, 'm2-1': 0.98, 'm3-1': 1.05, 'm4-1': 103.99, 'm5-1': 1.11, 'm6-1': 113.49, 'm7-1': 1.08, 'm8-1': 1.08}",1.47,48.342,49.321999999999996,inf,198.34199999999998,198.34199999999998
186,T3,BESTEFFORT,COMPLETED,m3-1,48.905,"{'m1-1': 101.84, 'm2-1': 1.0, 'm3-1': 1.03, 'm4-1': 108.97, 'm5-1': 1.05, 'm6-1': 106.84, 'm7-1': 1.11, 'm8-1': 0.96}",1.545,48.905,49.935,inf,198.905,198.905
187,T2,BESTEFFORT,ARRIVING,m4-1,49.083,"{'m1-1': 109.78, 'm2-1': 1.15, 'm3-1': 0.97, 'm4-1': 101.64, 'm5-1': 1.01, 'm6-1': 100.5, 'm7-1': 1.14, 'm8-1': 1.06}",0.0,inf,inf,inf,199.083,199.083
188,T2,BESTEFFORT,COMPLETED,m5-1,49.424,"{'m1-1': 100.02, 'm2-1': 1.09, 'm3-1': 1.1, 'm4-1': 108.57, 'm5-1': 1.12, 'm6-1': 97.13, 'm7-1': 1.14, 'm8-1': 1.01}",1.6800000000000002,49.424,50.544,inf,199.424,199.424
189,T2,BESTEFFORT,ARRIVING,m6-1,49.472,"{'m1-1': 99.1, 'm2-1': 1.04, 'm3-1': 1.07, 'm4-1': 106.25, 'm5-1': 1.13, 'm6-1': 101.96, 'm7-1': 1.06, 'm8-1': 0.93}",0.0,inf,inf,inf,199.472,199.472
190,T4,BESTEFFORT,COMPLETED,m7-1,49.52,"{'m1-1': 101.47, 'm2-1': 1.01, 'm3-1': 1.07, 'm4-1': 103.08, 'm5-1': 1.13, 'm6-1': 110.78, 'm7-1': 1.1, 'm8-1': 1.03}",1.6500000000000001,49.52,50.620000000000005,inf,199.52,199.52
191,T3,BESTEFFORT,COMPLETED,m8-1,49.708,"{'m1-1': 106.28, 'm2-1': 1.14, 'm3-1': 1.08, 'm4-1': 109.77, 'm5-1': 1.02, 'm6-1': 104.85, 'm7-1': 1.17, 'm8-1': 1.06}",1.59,49.708,50.768,inf,199.708,199.708
192,T1,BESTEFFORT,ARRIVING,m1-1,49.793,"{'m1-1': 104.47, 'm2-1': 1.05, 'm3-1': 0.99, 'm4-1': 107.3, 'm5-1': 1.04, 'm6-1': 100.65, 'm7-1': 0.97, 'm8-1': 1.02}",0.0,inf,inf,inf,199.793,199.793
193,T2,BESTEFFORT,COMPLETED,m2-1,49.918,"{'m1-1': 112.24, 'm2-1': 1.09, 'm3-1': 0.96, 'm4-1': 102.08, 'm5-1': 1.02, 'm6-1': 99.26, 'm7-1': 1.01, 'm8-1': 1.04}",1.6350000000000002,49.918,51.008,inf,199.918,199.918
194,T2,BESTEFFORT,COMPLETED,m3-1,49.933,"{'m1-1': 100.01, 'm2-1': 1.15, 'm3-1': 1.05, 'm4-1': 105.46, 'm5-1': 1.09, 'm6-1': 98.35, 'm7-1': 1.12, 'm8-1': 1.03}",1.5750000000000002,49.935,50.985,inf,199.933,199.933
195,T1,BESTEFFORT,ARRIVING,m4-1,50.149,"{'m1-1': 105.07, 'm2-1': 1.05, 'm3-1': 1.08, 'm4-1': 109.81, 'm5-1': 0.97, 'm6-1': 99.36, 'm7-1': 1.0, 'm8-1': 1.1}",0.0,inf,inf,inf,200.149,200.149
196,T1,BESTEFFORT,COMPLETED,m5-1,50.18,"{'m1-1': 105.4, 'm2-1': 1.02, 'm3-1': 1.09, 'm4-1': 105.75, 'm5-1': 1.03, 'm6-1': 106.61, 'm7-1': 0.95, 'm8-1': 1.02}",1.545,50.544,51.574,inf,200.18,200.18
197,T2,BESTEFFORT,ARRIVING,m6-1,50.506,"{'m1-1': 103.27, 'm2-1': 1.04, 'm3-1': 1.03, 'm4-1': 94.24, 'm5-1': 1.15, 'm6-1': 110.78, 'm7-1': 0.97, 'm8-1': 1.0}",0.0,inf,inf,inf,200.506,200.506
198,T1,BESTEFFORT,COMPLETED,m7-1,50.702,"{'m1-1': 102.98, 'm2-1': 1.06, 'm3-1': 1.01, 'm4-1': 103.02, 'm5-1': 1.0, 'm6-1': 101.82, 'm7-1': 1.07, 'm8-1': 1.14}",1.605,50.702,51.772,inf,200.702,200.702
199,T4,BESTEFFORT,COMPLETED,m8-1,51.212,"{'m1-1': 104.18, 'm2-1': 1.02, 'm3-1': 1.11, 'm4-1': 110.88, 'm5-1': 1.01, 'm6-1': 116.13, 'm7-1': 0.95, 'm8-1': 0.95}",1.4249999999999998,51.212,52.162000000000006,inf,201.212,201.212
200,T4,BESTEFFORT,ARRIVING,m1-1,51.329,"{'m1-1': 103.1, 'm2-1': 1.12, 'm3-1': 1.13, 'm4-1': 103.56, 'm5-1': 1.02, 'm6-1': 104.86, 'm7-1': 1.06, 'm8-1': 0.94}",0.0,inf,inf,inf,201.329,201.329
201,T4,BESTEFFORT,COMPLETED,m2-1,51.466,"{'m1-1': 94.48, 'm2-1': 0.99, 'm3-1': 1.08, 'm4-1': 100.09, 'm5-1': 1.16, 'm6-1': 113.61, 'm7-1': 1.13, 'm8-1': 0.93}",1.4849999999999999,51.466,52.456,inf,201.466,201.466
202,T1,BESTEFFORT,COMPLETED,m3-1,51.488,"{'m1-1': 117.76, 'm2-1': 0.98, 'm3-1': 1.1, 'm4-1': 114.96, 'm5-1': 0.94, 'm6-1': 96.73, 'm7-1': 1.03, 'm8-1': 1.02}",1.6500000000000001,51.488,52.588,inf,201.488,201.488
203,T2,BESTEFFORT,ARRIVING,m4-1,51.994,"{'m1-1': 114.98, 'm2-1': 1.08, 'm3-1': 1.11, 'm4-1': 100.96, 'm5-1': 1.1, 'm6-1': 105.43, 'm7-1': 1.02, 'm8-1': 1.03}",0.0,inf,inf,inf,201.994,201.994
204,T4,BESTEFFORT,COMPLETED,m5-1,51.996,"{'m1-1': 107.87, 'm2-1': 1.03, 'm3-1': 1.02, 'm4-1': 109.08, 'm5-1': 1.11, 'm6-1': 115.15, 'm7-1': 1.07, 'm8-1': 1.08}",1.665,51.996,53.106,inf,201.996,201.996
205,T4,BESTEFFORT,ARRIVING,m6-1,52.161,"{'m1-1': 93.09, 'm2-1': 1.09, 'm3-1': 1.1, 'm4-1': 110.24, 'm5-1': 1.14, 'm6-1': 112.88, 'm7-1': 0.97, 'm8-1': 1.1}",0.0,inf,inf,inf,202.161,202.161
206,T1,BESTEFFORT,COMPLETED,m7-1,53.204,"{'m1-1': 117.64, 'm2-1': 0.96, 'm3-1': 0.97, 'm4-1': 113.87, 'm5-1': 0.95, 'm6-1': 110.28, 'm7-1': 1.0, 'm8-1': 0.98}",1.5,53.204,54.204,inf,203.204,203.204
207,T2,BESTEFFORT,COMPLETED,m8-1,53.338,"{'m1-1': 104.28, 'm2-1': 1.17, 'm3-1': 1.12, 'm4-1': 100.13, 'm5-1': 1.06, 'm6-1': 110.94, 'm7-1': 1.06, 'm8-1': 0.95}",1.4249999999999998,53.338,54.288000000000004,inf,203.338,203.338
208,T2,BESTEFFORT,ARRIVING,m1-1,53.966,"{'m1-1': 105.22, 'm2-1': 1.02, 'm3-1': 1.03, 'm4-1': 93.3, 'm5-1': 1.11, 'm6-1': 111.02, 'm7-1': 1.09, 'm8-1': 1.07}",0.0,inf,inf,inf,203.966,203.966
209,T1,BESTEFFORT,COMPLETED,m2-1,54.015,"{'m1-1': 108.85, 'm2-1': 1.04, 'm3-1': 1.02, 'm4-1': 109.79, 'm5-1': 1.06, 'm6-1': 107.28, 'm7-1': 0.96, 'm8-1': 1.13}",1.56,54.015,55.055,inf,204.015,204.015
210,T1,BESTEFFORT,COMPLETED,m3-1,54.075,"{'m1-1': 106.03, 'm2-1': 1.06, 'm3-1': 0.98, 'm4-1': 117.03, 'm5-1': 0.99, 'm6-1': 103.0, 'm7-1': 1.08, 'm8-1': 0.99}",1.47,54.075,55.055,inf,204.075,204.075
211,T3,BESTEFFORT,ARRIVING,m4-1,54.264,"{'m1-1': 94.11, 'm2-1': 0.99, 'm3-1': 1.06, 'm4-1': 111.33, 'm5-1': 1.0, 'm6-1': 114.77, 'm7-1': 1.06, 'm8-1': 1.0}",0.0,inf,inf,inf,204.264,204.264
212,T1,BESTEFFORT,COMPLETED,m5-1,54.374,"{'m1-1': 101.5, 'm2-1': 1.11, 'm3-1': 0.96, 'm4-1': 110.42, 'm5-1': 1.1, 'm6-1': 102.34, 'm7-1': 1.05, 'm8-1': 1.16}",1.6500000000000001,54.374,55.474000000000004,inf,204.374,204.374
213,T2,BESTEFFORT,ARRIVING,m6-1,54.525,"{'m1-1': 111.99, 'm2-1': 1.13, 'm3-1': 0.99, 'm4-1': 93.0, 'm5-1': 1.03, 'm6-1': 94.57, 'm7-1': 1.04, 'm8-1': 1.02}",0.0,inf,inf,inf,204.525,204.525
214,T2,BESTEFFORT,COMPLETED,m7-1,54.634,"{'m1-1': 107.23, 'm2-1': 1.09, 'm3-1': 0.95, 'm4-1': 100.91, 'm5-1': 1.05, 'm6-1': 105.7, 'm7-1': 1.02, 'm8-1': 0.95}",1.53,54.634,55.654,inf,204.63400000000001,204.63400000000001
215,T4,BESTEFFORT,COMPLETED,m8-1,55.082,"{'m1-1': 99.36, 'm2-1': 0.98, 'm3-1': 0.97, 'm4-1': 107.18, 'm5-1': 1.0, 'm6-1': 107.61, 'm7-1': 1.13, 'm8-1': 0.96}",1.44,55.082,56.042,inf,205.082,205.082
216,T1,BESTEFFORT,ARRIVING,m1-1,55.101,"{'m1-1': 100.9, 'm2-1': 1.08, 'm3-1': 1.08, 'm4-1': 108.44, 'm5-1': 0.99, 'm6-1': 110.55, 'm7-1': 0.93, 'm8-1': 1.02}",0.0,inf,inf,inf,205.101,205.101
217,T3,BESTEFFORT,COMPLETED,m2-1,55.161,"{'m1-1': 107.79, 'm2-1': 1.07, 'm3-1': 0.98, 'm4-1': 103.41, 'm5-1': 1.07, 'm6-1': 113.74, 'm7-1': 1.16, 'm8-1': 0.96}",1.605,55.161,56.231,inf,205.161,205.161
218,T3,BESTEFFORT,COMPLETED,m3-1,55.377,"{'m1-1': 98.88, 'm2-1': 1.12, 'm3-1': 1.02, 'm4-1': 111.79, 'm5-1': 1.05, 'm6-1': 111.29, 'm7-1': 1.16, 'm8-1': 1.01}",1.53,55.377,56.397000000000006,inf,205.377,205.377
219,T1,BESTEFFORT,ARRIVING,m4-1,55.445,"{'m1-1': 106.72, 'm2-1': 1.11, 'm3-1': 1.07, 'm4-1': 105.94, 'm5-1': 1.08, 'm6-1': 105.09, 'm7-1': 0.96, 'm8-1': 1.08}",0.0,inf,inf,inf,205.445,205.445
220,T3,BESTEFFORT,COMPLETED,m5-1,55.764,"{'m1-1': 106.94, 'm2-1': 1.02, 'm3-1': 0.94, 'm4-1': 101.56, 'm5-1': 1.02, 'm6-1': 109.14, 'm7-1': 1.02, 'm8-1': 1.03}",1.53,55.764,56.784000000000006,inf,205.764,205.764
221,T3,BESTEFFORT,ARRIVING,m6-1,56.149,"{'m1-1': 108.55, 'm2-1': 0.98, 'm3-1': 1.09, 'm4-1': 97.4, 'm5-1': 0.97, 'm6-1': 106.05, 'm7-1': 1.07, 'm8-1': 1.06}",0.0,inf,inf,inf,206.149,206.149
222,T1,BESTEFFORT,COMPLETED,m7-1,56.273,"{'m1-1': 103.03, 'm2-1': 0.97, 'm3-1': 0.96, 'm4-1': 113.86, 'm5-1': 1.05, 'm6-1': 111.52, 'm7-1': 0.96, 'm8-1': 1.08}",1.44,56.273,57.233000000000004,inf,206.273,206.273
223,T3,BESTEFFORT,COMPLETED,m8-1,56.96,"{'m1-1': 94.78, 'm2-1': 1.0, 'm3-1': 0.97, 'm4-1': 98.6, 'm5-1': 1.06, 'm6-1': 112.22, 'm7-1': 1.15, 'm8-1': 0.96}",1.44,56.96,57.92,inf,206.96,206.96
224,T1,BESTEFFORT,ARRIVING,m1-1,57.042,"{'m1-1': 108.45, 'm2-1': 1.06, 'm3-1': 0.98, 'm4-1': 101.3, 'm5-1': 1.06, 'm6-1': 106.14, 'm7-1': 1.09, 'm8-1': 1.08}",0.0,inf,inf,inf,207.042,207.042
225,T2,BESTEFFORT,COMPLETED,m2-1,57.536,"{'m1-1': 102.94, 'm2-1': 1.0, 'm3-1': 1.0, 'm4-1': 94.92, 'm5-1': 1.0, 'm6-1': 100.57, 'm7-1': 1.14, 'm8-1': 1.08}",1.5,57.536,58.536,inf,207.536,207.536
226,T3,BESTEFFORT,COMPLETED,m3-1,57.666,"{'m1-1': 95.13, 'm2-1': 0.98, 'm3-1': 1.05, 'm4-1': 111.01, 'm5-1': 1.09, 'm6-1': 103.73, 'm7-1': 1.15, 'm8-1': 1.07}",1.5750000000000002,57.666,58.715999999999994,inf,207.666,207.666
227,T4,BESTEFFORT,ARRIVING,m4-1,57.671,"{'m1-1': 102.52, 'm2-1': 0.98, 'm3-1': 0.98, 'm4-1': 111.14, 'm5-1': 1.04, 'm6-1': 111.77, 'm7-1': 1.07, 'm8-1': 1.05}",0.0,inf,inf,inf,207.671,207.671
228,T3,BESTEFFORT,COMPLETED,m5-1,59.155,"{'m1-1': 109.02, 'm2-1': 1.13, 'm3-1': 0.98, 'm4-1': 101.34, 'm5-1': 1.08, 'm6-1': 102.01, 'm7-1': 1.15, 'm8-1': 1.05}",1.62,59.155,60.235,inf,209.155,209.155
229,T2,BESTEFFORT,ARRIVING,m6-1,59.502,"{'m1-1': 110.8, 'm2-1': 1.16, 'm3-1': 1.1, 'm4-1': 102.51, 'm5-1': 1.14, 'm6-1': 106.0, 'm7-1': 0.98, 'm8-1': 1.03}",0.0,inf,inf,inf,209.502,209.502
230,T3,BESTEFFORT,COMPLETED,m7-1,59.516,"{'m1-1': 106.28, 'm2-1': 1.01, 'm3-1': 0.95, 'm4-1': 108.58, 'm5-1': 1.01, 'm6-1': 111.96, 'm7-1': 1.12, 'm8-1': 1.06}",1.6800000000000002,59.516,60.635999999999996,inf,209.516,209.516
231,T4,BESTEFFORT,COMPLETED,m8-1,59.788,"{'m1-1': 106.87, 'm2-1': 1.05, 'm3-1': 0.97, 'm4-1': 113.07, 'm5-1': 1.07, 'm6-1': 107.61, 'm7-1': 1.0, 'm8-1': 1.07}",1.605,59.788,60.858,inf,209.788,209.788
232,T1,BESTEFFORT,ARRIVING,m1-1,60.049,"{'m1-1': 113.08, 'm2-1': 1.07, 'm3-1': 1.05, 'm4-1': 103.79, 'm5-1': 1.0, 'm6-1': 99.67, 'm7-1': 0.96, 'm8-1': 1.09}",0.0,inf,inf,inf,210.049,210.049
233,T2,BESTEFFORT,COMPLETED,m2-1,60.17,"{'m1-1': 106.29, 'm2-1': 1.04, 'm3-1': 0.97, 'm4-1': 107.65, 'm5-1': 1.06, 'm6-1': 111.67, 'm7-1': 1.08, 'm8-1': 1.06}",1.56,60.17,61.21,inf,210.17000000000002,210.17000000000002
234,T4,BESTEFFORT,COMPLETED,m3-1,60.71,"{'m1-1': 108.7, 'm2-1': 1.09, 'm3-1': 0.98, 'm4-1': 105.56, 'm5-1': 1.16, 'm6-1': 116.13, 'm7-1': 1.1, 'm8-1': 1.0}",1.47,60.71,61.69,inf,210.71,210.71
235,T1,BESTEFFORT,ARRIVING,m4-1,60.759,"{'m1-1': 99.68, 'm2-1': 1.02, 'm3-1': 1.12, 'm4-1': 118.36, 'm5-1': 0.94, 'm6-1': 96.19, 'm7-1': 1.07, 'm8-1': 1.09}",0.0,inf,inf,inf,210.75900000000001,210.75900000000001
236,T4,BESTEFFORT,COMPLETED,m5-1,60.876,"{'m1-1': 104.95, 'm2-1': 1.13, 'm3-1': 1.1, 'm4-1': 106.31, 'm5-1': 1.03, 'm6-1': 102.08, 'm7-1': 1.09, 'm8-1': 1.07}",1.545,60.876,61.906,inf,210.876,210.876
237,T1,BESTEFFORT,ARRIVING,m6-1,61.476,"{'m1-1': 101.04, 'm2-1': 1.03, 'm3-1': 1.09, 'm4-1': 101.96, 'm5-1': 0.97, 'm6-1': 98.76, 'm7-1': 1.09, 'm8-1': 1.01}",0.0,inf,inf,inf,211.476,211.476
238,T2,BESTEFFORT,COMPLETED,m7-1,61.906,"{'m1-1': 99.6, 'm2-1': 1.06, 'm3-1': 1.01, 'm4-1': 101.22, 'm5-1': 0.98, 'm6-1': 109.8, 'm7-1': 1.02, 'm8-1': 1.08}",1.53,61.906,62.926,inf,211.906,211.906
239,T3,BESTEFFORT,COMPLETED,m8-1,61.916,"{'m1-1': 110.25, 'm2-1': 1.11, 'm3-1': 0.98, 'm4-1': 98.46, 'm5-1': 0.99, 'm6-1': 114.28, 'm7-1': 1.01, 'm8-1': 0.97}",1.455,61.916,62.885999999999996,inf,211.916,211.916
240,T1,BESTEFFORT,ARRIVING,m1-1,62.12,"{'m1-1': 110.17, 'm2-1': 1.0, 'm3-1': 1.01, 'm4-1': 117.69, 'm5-1': 1.09, 'm6-1': 99.72, 'm7-1': 0.95, 'm8-1': 1.13}",0.0,inf,inf,inf,212.12,212.12
241,T2,BESTEFFORT,COMPLETED,m2-1,62.398,"{'m1-1': 97.66, 'm2-1': 1.05, 'm3-1': 1.07, 'm4-1': 103.32, 'm5-1': 1.0, 'm6-1': 105.9, 'm7-1': 1.09, 'm8-1': 1.06}",1.5750000000000002,62.398,63.448,inf,212.398,212.398
242,T1,BESTEFFORT,COMPLETED,m3-1,63.202,"{'m1-1': 111.82, 'm2-1': 1.06, 'm3-1': 1.11, 'm4-1': 108.57, 'm5-1': 1.0, 'm6-1': 110.42, 'm7-1': 1.0, 'm8-1': 1.12}",1.665,63.202,64.312,inf,213.202,213.202
243,T2,BESTEFFORT,ARRIVING,m4-1,64.334,"{'m1-1': 108.5, 'm2-1': 1.18, 'm3-1': 1.08, 'm4-1': 99.94, 'm5-1': 1.08, 'm6-1': 107.57, 'm7-1': 1.05, 'm8-1': 0.98}",0.0,inf,inf,inf,214.334,214.334
244,T1,BESTEFFORT,COMPLETED,m5-1,64.418,"{'m1-1': 106.51, 'm2-1': 1.09, 'm3-1': 0.96, 'm4-1': 108.26, 'm5-1': 1.02, 'm6-1': 101.28, 'm7-1': 0.92, 'm8-1': 1.1}",1.53,64.418,65.438,inf,214.418,214.418
245,T4,BESTEFFORT,ARRIVING,m6-1,64.435,"{'m1-1': 92.78, 'm2-1': 1.12, 'm3-1': 1.1, 'm4-1': 114.66, 'm5-1': 1.17, 'm6-1': 99.25, 'm7-1': 1.06, 'm8-1': 0.98}",0.0,inf,inf,inf,214.435,214.435
246,T1,BESTEFFORT,COMPLETED,m7-1,64.784,"{'m1-1': 101.91, 'm2-1': 1.09, 'm3-1': 1.11, 'm4-1': 103.1, 'm5-1': 0.99, 'm6-1': 109.2, 'm7-1': 0.92, 'm8-1': 1.08}",1.3800000000000001,64.784,65.70400000000001,inf,214.784,214.784
247,T4,BESTEFFORT,COMPLETED,m8-1,64.793,"{'m1-1': 100.01, 'm2-1': 1.03, 'm3-1': 1.13, 'm4-1': 111.98, 'm5-1': 1.11, 'm6-1': 105.53, 'm7-1': 1.1, 'm8-1': 0.98}",1.47,64.793,65.77300000000001,inf,214.793,214.793
248,T1,BESTEFFORT,ARRIVING,m1-1,65.651,"{'m1-1': 113.17, 'm2-1': 1.06, 'm3-1': 1.01, 'm4-1': 107.74, 'm5-1': 1.12, 'm6-1': 101.04, 'm7-1': 1.05, 'm8-1': 1.04}",0.0,inf,inf,inf,215.651,215.651
249,T2,BESTEFFORT,COMPLETED,m2-1,65.657,"{'m1-1': 99.79, 'm2-1': 1.04, 'm3-1': 1.07, 'm4-1': 99.59, 'm5-1': 1.1, 'm6-1': 106.05, 'm7-1': 1.0, 'm8-1': 1.04}",1.56,65.657,66.697,inf,215.65699999999998,215.65699999999998
250,T4,BESTEFFORT,COMPLETED,m3-1,65.671,"{'m1-1': 97.52, 'm2-1': 1.12, 'm3-1': 1.12, 'm4-1': 97.6, 'm5-1': 1.12, 'm6-1': 98.53, 'm7-1': 1.12, 'm8-1': 1.04}",1.6800000000000002,65.671,66.79100000000001,inf,215.671,215.671
251,T2,BESTEFFORT,ARRIVING,m4-1,65.847,"{'m1-1': 112.9, 'm2-1': 1.03, 'm3-1': 1.1, 'm4-1': 100.69, 'm5-1': 1.01, 'm6-1': 102.33, 'm7-1': 1.15, 'm8-1': 1.01}",0.0,inf,inf,inf,215.84699999999998,215.84699999999998
252,T2,BESTEFFORT,COMPLETED,m5-1,66.058,"{'m1-1': 112.95, 'm2-1': 1.04, 'm3-1': 1.03, 'm4-1': 93.29, 'm5-1': 1.09, 'm6-1': 100.08, 'm7-1': 1.03, 'm8-1': 0.92}",1.6350000000000002,66.058,67.14800000000001,inf,216.058,216.058
253,T4,BESTEFFORT,ARRIVING,m6-1,66.698,"{'m1-1': 100.81, 'm2-1': 1.11, 'm3-1': 1.01, 'm4-1': 100.48, 'm5-1': 1.15, 'm6-1': 108.58, 'm7-1': 1.02, 'm8-1': 1.08}",0.0,inf,inf,inf,216.69799999999998,216.69799999999998
254,T3,BESTEFFORT,COMPLETED,m7-1,67.594,"{'m1-1': 94.3, 'm2-1': 1.05, 'm3-1': 0.99, 'm4-1': 109.84, 'm5-1': 1.1, 'm6-1': 99.44, 'm7-1': 1.06, 'm8-1': 0.99}",1.59,67.594,68.654,inf,217.594,217.594
255,T2,BESTEFFORT,COMPLETED,m8-1,68.075,"{'m1-1': 100.01, 'm2-1': 1.02, 'm3-1': 0.98, 'm4-1': 97.27, 'm5-1': 1.1, 'm6-1': 107.93, 'm7-1': 0.99, 'm8-1': 0.93}",1.395,68.075,69.00500000000001,inf,218.075,218.075
256,T4,BESTEFFORT,ARRIVING,m1-1,68.105,"{'m1-1': 99.77, 'm2-1': 1.01, 'm3-1': 1.04, 'm4-1': 113.18, 'm5-1': 1.0, 'm6-1': 107.3, 'm7-1': 0.99, 'm8-1': 0.96}",0.0,inf,inf,inf,218.10500000000002,218.10500000000002
257,T3,BESTEFFORT,COMPLETED,m2-1,68.197,"{'m1-1': 106.99, 'm2-1': 1.08, 'm3-1': 0.99, 'm4-1': 106.23, 'm5-1': 1.01, 'm6-1': 111.06, 'm7-1': 1.1, 'm8-1': 1.1}",1.62,68.197,69.277,inf,218.197,218.197
258,T3,BESTEFFORT,COMPLETED,m3-1,68.269,"{'m1-1': 106.44, 'm2-1': 1.1, 'm3-1': 1.06, 'm4-1': 98.26, 'm5-1': 1.0, 'm6-1': 108.76, 'm7-1': 1.07, 'm8-1': 1.09}",1.59,68.269,69.32900000000001,inf,218.269,218.269
259,T4,BESTEFFORT,ARRIVING,m4-1,68.284,"{'m1-1': 102.62, 'm2-1': 1.12, 'm3-1': 1.09, 'm4-1': 104.46, 'm5-1': 1.17, 'm6-1': 100.03, 'm7-1': 1.06, 'm8-1': 0.97}",0.0,inf,inf,inf,218.284,218.284
260,T3,BESTEFFORT,COMPLETED,m5-1,68.375,"{'m1-1': 103.92, 'm2-1': 1.13, 'm3-1': 1.12, 'm4-1': 110.69, 'm5-1': 0.99, 'm6-1': 113.98, 'm7-1': 1.11, 'm8-1': 1.11}",1.4849999999999999,68.375,69.365,inf,218.375,218.375
261,T3,BESTEFFORT,ARRIVING,m6-1,68.493,"{'m1-1': 97.44, 'm2-1': 1.05, 'm3-1': 0.96, 'm4-1': 106.59, 'm5-1': 0.98, 'm6-1': 101.46, 'm7-1': 1.11, 'm8-1': 0.95}",0.0,inf,inf,inf,218.493,218.493
262,T1,BESTEFFORT,COMPLETED,m7-1,68.691,"{'m1-1': 109.56, 'm2-1': 1.06, 'm3-1': 0.98, 'm4-1': 113.49, 'm5-1': 1.0, 'm6-1': 105.1, 'm7-1': 1.01, 'm8-1': 1.04}",1.5150000000000001,68.691,69.70100000000001,inf,218.691,218.691
263,T1,BESTEFFORT,COMPLETED,m8-1,68.714,"{'m1-1': 110.27, 'm2-1': 1.0, 'm3-1': 0.97, 'm4-1': 111.21, 'm5-1': 1.05, 'm6-1': 99.11, 'm7-1': 0.92, 'm8-1': 1.13}",1.6949999999999998,69.00500000000001,70.135,inf,218.714,218.714
264,T1,BESTEFFORT,ARRIVING,m1-1,69.228,"{'m1-1': 100.56, 'm2-1': 0.96, 'm3-1': 1.07, 'm4-1': 103.74, 'm5-1': 0.95, 'm6-1': 106.8, 'm7-1': 1.05, 'm8-1': 1.1}",0.0,inf,inf,inf,219.228,219.228
265,T2,BESTEFFORT,COMPLETED,m2-1,69.264,"{'m1-1': 107.23, 'm2-1': 1.05, 'm3-1': 1.11, 'm4-1': 91.99, 'm5-1': 1.0, 'm6-1': 105.43, 'm7-1': 1.04, 'm8-1': 0.93}",1.5750000000000002,69.277,70.327,inf,219.264,219.264
266,T3,BESTEFFORT,COMPLETED,m3-1,69.391,"{'m1-1': 106.25, 'm2-1': 1.12, 'm3-1': 0.95, 'm4-1': 106.4, 'm5-1': 1.05, 'm6-1': 115.03, 'm7-1': 1.14, 'm8-1': 0.99}",1.4249999999999998,69.391,70.34100000000001,inf,219.39100000000002,219.39100000000002
267,T3,BESTEFFORT,ARRIVING,m4-1,69.832,"{'m1-1': 96.5, 'm2-1': 1.02, 'm3-1': 1.02, 'm4-1': 105.39, 'm5-1': 0.95, 'm6-1': 100.71, 'm7-1': 1.01, 'm8-1': 1.04}",0.0,inf,inf,inf,219.832,219.832
268,T2,BESTEFFORT,COMPLETED,m5-1,70.206,"{'m1-1': 106.98, 'm2-1': 1.15, 'm3-1': 0.96, 'm4-1': 93.11, 'm5-1': 1.02, 'm6-1': 96.18, 'm7-1': 0.97, 'm8-1': 0.97}",1.53,70.206,71.226,inf,220.20600000000002,220.20600000000002
269,T2,BESTEFFORT,ARRIVING,m6-1,70.46,"{'m1-1': 98.68, 'm2-1': 1.12, 'm3-1': 0.98, 'm4-1': 93.56, 'm5-1': 1.0, 'm6-1': 97.04, 'm7-1': 1.04, 'm8-1': 1.01}",0.0,inf,inf,inf,220.45999999999998,220.45999999999998
270,T3,BESTEFFORT,COMPLETED,m7-1,70.643,"{'m1-1': 96.81, 'm2-1': 1.0, 'm3-1': 1.01, 'm4-1': 108.86, 'm5-1': 0.98, 'm6-1': 104.92, 'm7-1': 1.12, 'm8-1': 0.94}",1.6800000000000002,70.643,71.763,inf,220.643,220.643
271,T3,BESTEFFORT,COMPLETED,m8-1,70.953,"{'m1-1': 95.93, 'm2-1': 0.96, 'm3-1': 1.02, 'm4-1': 112.91, 'm5-1': 1.05, 'm6-1': 113.28, 'm7-1': 1.1, 'm8-1': 0.96}",1.44,70.953,71.913,inf,220.953,220.953
272,T3,BESTEFFORT,ARRIVING,m1-1,71.124,"{'m1-1': 109.26, 'm2-1': 1.08, 'm3-1': 0.94, 'm4-1': 109.91, 'm5-1': 1.0, 'm6-1': 102.32, 'm7-1': 1.16, 'm8-1': 1.11}",0.0,inf,inf,inf,221.124,221.124
273,T1,BESTEFFORT,COMPLETED,m2-1,71.384,"{'m1-1': 110.76, 'm2-1': 1.02, 'm3-1': 0.98, 'm4-1': 118.01, 'm5-1': 1.06, 'm6-1': 103.33, 'm7-1': 1.05, 'm8-1': 1.02}",1.53,71.384,72.404,inf,221.38400000000001,221.38400000000001
274,T2,BESTEFFORT,COMPLETED,m3-1,71.416,"{'m1-1': 112.26, 'm2-1': 1.01, 'm3-1': 1.0, 'm4-1': 95.9, 'm5-1': 1.06, 'm6-1': 104.26, 'm7-1': 1.04, 'm8-1': 1.08}",1.5,71.416,72.416,inf,221.416,221.416
275,T2,BESTEFFORT,ARRIVING,m4-1,71.618,"{'m1-1': 97.83, 'm2-1': 1.13, 'm3-1': 1.1, 'm4-1': 107.3, 'm5-1': 1.05, 'm6-1': 110.57, 'm7-1': 1.14, 'm8-1': 0.94}",0.0,inf,inf,inf,221.618,221.618
276,T3,BESTEFFORT,COMPLETED,m5-1,71.721,"{'m1-1': 108.79, 'm2-1': 1.06, 'm3-1': 0.95, 'm4-1': 112.67, 'm5-1': 0.98, 'm6-1': 100.21, 'm7-1': 1.01, 'm8-1': 1.11}",1.47,71.721,72.70100000000001,inf,221.721,221.721
277,T3,BESTEFFORT,ARRIVING,m6-1,71.837,"{'m1-1': 103.64, 'm2-1': 1.07, 'm3-1': 0.98, 'm4-1': 98.76, 'm5-1': 1.06, 'm6-1': 103.83, 'm7-1': 1.15, 'm8-1': 1.02}",0.0,inf,inf,inf,221.837,221.837
278,T2,BESTEFFORT,COMPLETED,m7-1,71.864,"{'m1-1': 97.63, 'm2-1': 1.17, 'm3-1': 1.0, 'm4-1': 98.07, 'm5-1': 1.09, 'm6-1': 99.77, 'm7-1': 1.02, 'm8-1': 0.97}",1.53,71.864,72.884,inf,221.864,221.864
279,T3,BESTEFFORT,COMPLETED,m8-1,71.89,"{'m1-1': 95.94, 'm2-1': 1.08, 'm3-1': 1.07, 'm4-1': 98.46, 'm5-1': 1.08, 'm6-1': 101.97, 'm7-1': 1.01, 'm8-1': 1.03}",1.545,71.913,72.943,inf,221.89,221.89
280,T4,BESTEFFORT,ARRIVING,m1-1,72.123,"{'m1-1': 109.22, 'm2-1': 1.01, 'm3-1': 1.09, 'm4-1': 112.6, 'm5-1': 1.04, 'm6-1': 103.51, 'm7-1': 1.02, 'm8-1': 1.11}",0.0,inf,inf,inf,222.123,222.123
281,T4,BESTEFFORT,COMPLETED,m2-1,72.38,"{'m1-1': 106.3, 'm2-1': 1.06, 'm3-1': 1.01, 'm4-1': 102.01, 'm5-1': 1.09, 'm6-1': 111.44, 'm7-1': 1.07, 'm8-1': 0.98}",1.59,72.404,73.464,inf,222.38,222.38
282,T3,BESTEFFORT,COMPLETED,m3-1,72.415,"{'m1-1': 103.84, 'm2-1': 1.07, 'm3-1': 1.08, 'm4-1': 102.58, 'm5-1': 0.97, 'm6-1': 104.33, 'm7-1': 1.09, 'm8-1': 1.06}",1.62,72.416,73.496,inf,222.41500000000002,222.41500000000002
283,T4,BESTEFFORT,ARRIVING,m4-1,73.076,"{'m1-1': 105.62, 'm2-1': 1.02, 'm3-1': 0.98, 'm4-1': 106.98, 'm5-1': 1.1, 'm6-1': 102.67, 'm7-1': 1.09, 'm8-1': 1.03}",0.0,inf,inf,inf,223.076,223.076
284,T2,BESTEFFORT,COMPLETED,m5-1,73.121,"{'m1-1': 105.96, 'm2-1': 1.06, 'm3-1': 0.98, 'm4-1': 104.22, 'm5-1': 0.98, 'm6-1': 106.95, 'm7-1': 1.13, 'm8-1': 0.98}",1.47,73.121,74.101,inf,223.12099999999998,223.12099999999998
285,T4,BESTEFFORT,ARRIVING,m6-1,73.127,"{'m1-1': 100.76, 'm2-1': 1.12, 'm3-1': 1.08, 'm4-1': 113.39, 'm5-1': 1.0, 'm6-1': 107.27, 'm7-1': 1.03, 'm8-1': 1.07}",0.0,inf,inf,inf,223.127,223.127
286,T3,BESTEFFORT,COMPLETED,m7-1,73.33,"{'m1-1': 108.44, 'm2-1': 1.12, 'm3-1': 1.08, 'm4-1': 110.63, 'm5-1': 1.02, 'm6-1': 113.3, 'm7-1': 1.17, 'm8-1': 0.98}",1.755,73.33,74.5,inf,223.32999999999998,223.32999999999998
287,T3,BESTEFFORT,COMPLETED,m8-1,73.471,"{'m1-1': 97.24, 'm2-1': 0.98, 'm3-1': 1.08, 'm4-1': 103.19, 'm5-1': 0.99, 'm6-1': 103.94, 'm7-1': 1.12, 'm8-1': 1.06}",1.59,73.471,74.531,inf,223.471,223.471
288,T4,BESTEFFORT,ARRIVING,m1-1,73.549,"{'m1-1': 103.84, 'm2-1': 0.99, 'm3-1': 0.96, 'm4-1': 100.88, 'm5-1': 0.99, 'm6-1': 115.02, 'm7-1': 1.01, 'm8-1': 0.99}",0.0,inf,inf,inf,223.549,223.549
289,T2,BESTEFFORT,COMPLETED,m2-1,73.686,"{'m1-1': 107.62, 'm2-1': 1.02, 'm3-1': 1.09, 'm4-1': 105.47, 'm5-1': 1.07, 'm6-1': 107.19, 'm7-1': 1.14, 'm8-1': 1.02}",1.53,73.686,74.706,inf,223.686,223.686
290,T2,BESTEFFORT,COMPLETED,m3-1,73.741,"{'m1-1': 103.88, 'm2-1': 1.17, 'm3-1': 1.01, 'm4-1': 108.3, 'm5-1': 0.99, 'm6-1': 106.13, 'm7-1': 1.06, 'm8-1': 1.08}",1.5150000000000001,73.741,74.751,inf,223.74099999999999,223.74099999999999
291,T3,BESTEFFORT,ARRIVING,m4-1,74.383,"{'m1-1': 108.31, 'm2-1': 0.97, 'm3-1': 0.98, 'm4-1': 104.63, 'm5-1': 0.97, 'm6-1': 110.19, 'm7-1': 1.14, 'm8-1': 1.07}",0.0,inf,inf,inf,224.38299999999998,224.38299999999998
292,T3,BESTEFFORT,COMPLETED,m5-1,74.963,"{'m1-1': 106.44, 'm2-1': 1.05, 'm3-1': 0.99, 'm4-1': 100.51, 'm5-1': 0.95, 'm6-1': 104.87, 'm7-1': 1.08, 'm8-1': 1.11}",1.4249999999999998,74.963,75.913,inf,224.963,224.963
293,T3,BESTEFFORT,ARRIVING,m6-1,75.024,"{'m1-1': 108.09, 'm2-1': 0.97, 'm3-1': 0.99, 'm4-1': 113.72, 'm5-1': 1.04, 'm6-1': 113.51, 'm7-1': 1.01, 'm8-1': 0.97}",0.0,inf,inf,inf,225.024,225.024
294,T2,BESTEFFORT,COMPLETED,m7-1,75.281,"{'m1-1': 103.56, 'm2-1': 1.18, 'm3-1': 1.06, 'm4-1': 100.01, 'm5-1': 1.11, 'm6-1': 101.94, 'm7-1': 1.09, 'm8-1': 0.95}",1.6350000000000002,75.281,76.37100000000001,inf,225.281,225.281
295,T3,BESTEFFORT,COMPLETED,m8-1,75.704,"{'m1-1': 94.03, 'm2-1': 0.99, 'm3-1': 0.98, 'm4-1': 104.09, 'm5-1': 1.06, 'm6-1': 109.79, 'm7-1': 1.04, 'm8-1': 1.08}",1.62,75.704,76.78399999999999,inf,225.704,225.704
296,T1,BESTEFFORT,ARRIVING,m1-1,76.094,"{'m1-1': 110.16, 'm2-1': 1.03, 'm3-1': 1.06, 'm4-1': 114.91, 'm5-1': 1.08, 'm6-1': 108.47, 'm7-1': 0.95, 'm8-1': 1.07}",0.0,inf,inf,inf,226.094,226.094
297,T2,BESTEFFORT,COMPLETED,m2-1,76.227,"{'m1-1': 112.38, 'm2-1': 1.09, 'm3-1': 1.12, 'm4-1': 105.86, 'm5-1': 1.05, 'm6-1': 100.5, 'm7-1': 1.01, 'm8-1': 1.02}",1.6350000000000002,76.227,77.31700000000001,inf,226.227,226.227
298,T1,BESTEFFORT,COMPLETED,m3-1,77.077,"{'m1-1': 109.56, 'm2-1': 1.08, 'm3-1': 1.03, 'm4-1': 107.88, 'm5-1': 1.04, 'm6-1': 108.93, 'm7-1': 0.93, 'm8-1': 1.09}",1.545,77.077,78.107,inf,227.077,227.077
299,T2,BESTEFFORT,ARRIVING,m4-1,77.204,"{'m1-1': 107.79, 'm2-1': 1.16, 'm3-1': 1.12, 'm4-1': 104.04, 'm5-1': 1.14, 'm6-1': 110.75, 'm7-1': 1.11, 'm8-1': 1.03}",0.0,inf,inf,inf,227.204,227.204
300,T2,BESTEFFORT,COMPLETED,m5-1,77.574,"{'m1-1': 104.59, 'm2-1': 1.17, 'm3-1': 1.12, 'm4-1': 98.59, 'm5-1': 1.09, 'm6-1': 105.38, 'm7-1': 1.06, 'm8-1': 0.99}",1.6350000000000002,77.574,78.664,inf,227.574,227.574
301,T1,BESTEFFORT,ARRIVING,m6-1,78.66,"{'m1-1': 114.96, 'm2-1': 1.07, 'm3-1': 0.97, 'm4-1': 101.8, 'm5-1': 0.99, 'm6-1': 101.65, 'm7-1': 1.02, 'm8-1': 1.04}",0.0,inf,inf,inf,228.66,228.66
302,T4,BESTEFFORT,COMPLETED,m7-1,78.847,"{'m1-1': 105.78, 'm2-1': 1.01, 'm3-1': 0.96, 'm4-1': 105.56, 'm5-1': 1.17, 'm6-1': 100.17, 'm7-1': 1.1, 'm8-1': 1.03}",1.6500000000000001,78.847,79.94699999999999,inf,228.84699999999998,228.84699999999998
303,T1,BESTEFFORT,COMPLETED,m8-1,78.859,"{'m1-1': 107.94, 'm2-1': 0.98, 'm3-1': 1.08, 'm4-1': 108.41, 'm5-1': 1.05, 'm6-1': 109.03, 'm7-1': 1.05, 'm8-1': 1.11}",1.665,78.859,79.969,inf,228.85899999999998,228.85899999999998
304,T2,BESTEFFORT,ARRIVING,m1-1,78.962,"{'m1-1': 103.78, 'm2-1': 1.04, 'm3-1': 1.08, 'm4-1': 101.97, 'm5-1': 1.14, 'm6-1': 102.03, 'm7-1': 0.99, 'm8-1': 1.0}",0.0,inf,inf,inf,228.962,228.962
305,T2,BESTEFFORT,COMPLETED,m2-1,79.093,"{'m1-1': 105.31, 'm2-1': 1.07, 'm3-1': 1.06, 'm4-1': 94.56, 'm5-1': 1.02, 'm6-1': 100.58, 'm7-1': 1.01, 'm8-1': 1.06}",1.605,79.093,80.163,inf,229.09300000000002,229.09300000000002
306,T4,BESTEFFORT,COMPLETED,m3-1,79.227,"{'m1-1': 92.31, 'm2-1': 1.1, 'm3-1': 1.04, 'm4-1': 99.15, 'm5-1': 1.04, 'm6-1': 103.13, 'm7-1': 1.03, 'm8-1': 1.01}",1.56,79.227,80.26700000000001,inf,229.227,229.227
307,T2,BESTEFFORT,ARRIVING,m4-1,79.619,"{'m1-1': 105.5, 'm2-1': 1.14, 'm3-1': 1.03, 'm4-1': 92.17, 'm5-1': 1.02, 'm6-1': 103.31, 'm7-1': 1.04, 'm8-1': 0.93}",0.0,inf,inf,inf,229.619,229.619
308,T3,BESTEFFORT,COMPLETED,m5-1,79.692,"{'m1-1': 104.93, 'm2-1': 1.11, 'm3-1': 1.08, 'm4-1': 104.19, 'm5-1': 1.04, 'm6-1': 103.83, 'm7-1': 1.08, 'm8-1': 1.01}",1.56,79.692,80.732,inf,229.692,229.692
309,T4,BESTEFFORT,ARRIVING,m6-1,79.875,"{'m1-1': 100.1, 'm2-1': 1.02, 'm3-1': 1.01, 'm4-1': 101.89, 'm5-1': 1.02, 'm6-1': 111.16, 'm7-1': 0.97, 'm8-1': 1.01}",0.0,inf,inf,inf,229.875,229.875
310,T2,BESTEFFORT,COMPLETED,m7-1,79.898,"{'m1-1': 110.41, 'm2-1': 1.06, 'm3-1': 1.08, 'm4-1': 96.92, 'm5-1': 1.01, 'm6-1': 110.1, 'm7-1': 1.02, 'm8-1': 0.96}",1.53,79.94699999999999,80.96699999999998,inf,229.898,229.898
311,T1,BESTEFFORT,COMPLETED,m8-1,79.919,"{'m1-1': 102.62, 'm2-1': 0.96, 'm3-1': 1.01, 'm4-1': 105.75, 'm5-1': 1.05, 'm6-1': 104.24, 'm7-1': 1.0, 'm8-1': 1.04}",1.56,79.969,81.009,inf,229.91899999999998,229.91899999999998
312,T3,BESTEFFORT,ARRIVING,m1-1,79.972,"{'m1-1': 93.52, 'm2-1': 1.04, 'm3-1': 0.94, 'm4-1': 114.99, 'm5-1': 1.02, 'm6-1': 104.42, 'm7-1': 0.99, 'm8-1': 0.96}",0.0,inf,inf,inf,229.97199999999998,229.97199999999998
313,T1,BESTEFFORT,COMPLETED,m2-1,79.978,"{'m1-1': 107.63, 'm2-1': 0.96, 'm3-1': 1.12, 'm4-1': 114.96, 'm5-1': 1.03, 'm6-1': 98.61, 'm7-1': 1.06, 'm8-1': 1.05}",1.44,80.163,81.12299999999999,inf,229.978,229.978
314,T3,BESTEFFORT,COMPLETED,m3-1,79.985,"{'m1-1': 95.19, 'm2-1': 1.09, 'm3-1': 1.08, 'm4-1': 113.78, 'm5-1': 1.09, 'm6-1': 111.53, 'm7-1': 1.05, 'm8-1': 1.06}",1.62,80.26700000000001,81.34700000000001,inf,229.985,229.985
315,T1,BESTEFFORT,ARRIVING,m4-1,79.998,"{'m1-1': 107.66, 'm2-1': 1.04, 'm3-1': 1.04, 'm4-1': 118.62, 'm5-1': 1.04, 'm6-1': 104.85, 'm7-1': 1.03, 'm8-1': 1.16}",0.0,inf,inf,inf,229.998,229.998
316,T3,BESTEFFORT,COMPLETED,m5-1,80.11,"{'m1-1': 102.8, 'm2-1': 1.13, 'm3-1': 1.07, 'm4-1': 111.21, 'm5-1': 0.94, 'm6-1': 112.48, 'm7-1': 1.14, 'm8-1': 1.01}",1.41,80.732,81.672,inf,230.11,230.11
317,T2,BESTEFFORT,ARRIVING,m6-1,80.157,"{'m1-1': 108.48, 'm2-1': 1.18, 'm3-1': 1.03, 'm4-1': 108.47, 'm5-1': 1.08, 'm6-1': 96.4, 'm7-1': 1.09, 'm8-1': 1.03}",0.0,inf,inf,inf,230.15699999999998,230.15699999999998
318,T1,BESTEFFORT,COMPLETED,m7-1,80.311,"{'m1-1': 111.04, 'm2-1': 1.0, 'm3-1': 0.96, 'm4-1': 107.79, 'm5-1': 1.09, 'm6-1': 110.99, 'm7-1': 0.96, 'm8-1': 1.11}",1.44,80.96699999999998,81.92699999999998,inf,230.311,230.311
319,T1,BESTEFFORT,COMPLETED,m8-1,80.314,"{'m1-1': 111.86, 'm2-1': 1.1, 'm3-1': 1.08, 'm4-1': 119.17, 'm5-1': 1.0, 'm6-1': 96.73, 'm7-1': 1.0, 'm8-1': 1.08}",1.62,81.009,82.089,inf,230.314,230.314
320,T4,BESTEFFORT,ARRIVING,m1-1,80.855,"{'m1-1': 94.59, 'm2-1': 1.03, 'm3-1': 0.96, 'm4-1': 108.56, 'm5-1': 1.03, 'm6-1': 112.25, 'm7-1': 1.0, 'm8-1': 1.08}",0.0,inf,inf,inf,230.85500000000002,230.85500000000002
321,T2,BESTEFFORT,COMPLETED,m2-1,81.24,"{'m1-1': 109.47, 'm2-1': 1.18, 'm3-1': 1.13, 'm4-1': 103.78, 'm5-1': 1.06, 'm6-1': 103.1, 'm7-1': 1.11, 'm8-1': 1.06}",1.77,81.24,82.42,inf,231.24,231.24
322,T2,BESTEFFORT,COMPLETED,m3-1,81.836,"{'m1-1': 97.96, 'm2-1': 1.12, 'm3-1': 1.05, 'm4-1': 104.2, 'm5-1': 1.12, 'm6-1': 97.36, 'm7-1': 1.01, 'm8-1': 1.06}",1.5750000000000002,81.836,82.886,inf,231.836,231.836
323,T3,BESTEFFORT,ARRIVING,m4-1,82.223,"{'m1-1': 110.32, 'm2-1': 0.98, 'm3-1': 1.1, 'm4-1': 98.34, 'm5-1': 0.97, 'm6-1': 114.42, 'm7-1': 1.07, 'm8-1': 0.94}",0.0,inf,inf,inf,232.223,232.223
324,T3,BESTEFFORT,COMPLETED,m5-1,82.305,"{'m1-1': 102.12, 'm2-1': 0.98, 'm3-1': 1.12, 'm4-1': 97.95, 'm5-1': 0.95, 'm6-1': 110.98, 'm7-1': 1.14, 'm8-1': 1.11}",1.4249999999999998,82.305,83.25500000000001,inf,232.305,232.305
325,T4,BESTEFFORT,ARRIVING,m6-1,82.55,"{'m1-1': 92.6, 'm2-1': 1.12, 'm3-1': 1.11, 'm4-1': 104.54, 'm5-1': 1.03, 'm6-1': 116.7, 'm7-1': 1.03, 'm8-1': 1.08}",0.0,inf,inf,inf,232.55,232.55
326,T2,BESTEFFORT,COMPLETED,m7-1,82.919,"{'m1-1': 112.51, 'm2-1': 1.17, 'm3-1': 0.96, 'm4-1': 100.56, 'm5-1': 1.02, 'm6-1': 101.89, 'm7-1': 1.1, 'm8-1': 1.06}",1.6500000000000001,82.919,84.01899999999999,inf,232.91899999999998,232.91899999999998
327,T3,BESTEFFORT,COMPLETED,m8-1,83.173,"{'m1-1': 107.08, 'm2-1': 1.1, 'm3-1': 0.97, 'm4-1': 101.14, 'm5-1': 1.01, 'm6-1': 114.75, 'm7-1': 1.02, 'm8-1': 1.06}",1.59,83.173,84.233,inf,233.173,233.173
328,T4,BESTEFFORT,ARRIVING,m1-1,83.194,"{'m1-1': 94.66, 'm2-1': 1.02, 'm3-1': 1.08, 'm4-1': 100.46, 'm5-1': 1.08, 'm6-1': 112.33, 'm7-1': 1.07, 'm8-1': 1.08}",0.0,inf,inf,inf,233.19400000000002,233.19400000000002
329,T1,BESTEFFORT,COMPLETED,m2-1,83.799,"{'m1-1': 111.69, 'm2-1': 1.03, 'm3-1': 1.04, 'm4-1': 103.58, 'm5-1': 0.98, 'm6-1': 96.11, 'm7-1': 0.96, 'm8-1': 1.04}",1.545,83.799,84.82900000000001,inf,233.799,233.799
330,T1,BESTEFFORT,COMPLETED,m3-1,84.174,"{'m1-1': 109.0, 'm2-1': 1.09, 'm3-1': 1.12, 'm4-1': 112.38, 'm5-1': 1.03, 'm6-1': 109.96, 'm7-1': 1.01, 'm8-1': 1.16}",1.6800000000000002,84.174,85.29400000000001,inf,234.174,234.174
331,T3,BESTEFFORT,ARRIVING,m4-1,84.469,"{'m1-1': 109.28, 'm2-1': 1.09, 'm3-1': 0.96, 'm4-1': 100.1, 'm5-1': 1.07, 'm6-1': 103.88, 'm7-1': 1.12, 'm8-1': 0.97}",0.0,inf,inf,inf,234.469,234.469
332,T4,BESTEFFORT,COMPLETED,m5-1,84.841,"{'m1-1': 107.9, 'm2-1': 0.99, 'm3-1': 1.12, 'm4-1': 101.47, 'm5-1': 1.05, 'm6-1': 101.5, 'm7-1': 0.99, 'm8-1': 1.05}",1.5750000000000002,84.841,85.89099999999999,inf,234.841,234.841
333,T3,BESTEFFORT,ARRIVING,m6-1,85.123,"{'m1-1': 107.79, 'm2-1': 1.0, 'm3-1': 1.02, 'm4-1': 114.62, 'm5-1': 1.02, 'm6-1': 105.04, 'm7-1': 1.06, 'm8-1': 0.97}",0.0,inf,inf,inf,235.123,235.123
334,T4,BESTEFFORT,COMPLETED,m7-1,85.342,"{'m1-1': 107.29, 'm2-1': 1.11, 'm3-1': 1.13, 'm4-1': 105.58, 'm5-1': 1.16, 'm6-1': 112.48, 'm7-1': 1.09, 'm8-1': 1.04}",1.6350000000000002,85.342,86.432,inf,235.34199999999998,235.34199999999998
335,T1,BESTEFFORT,COMPLETED,m8-1,85.408,"{'m1-1': 112.57, 'm2-1': 1.03, 'm3-1': 1.02, 'm4-1': 115.52, 'm5-1': 1.0, 'm6-1': 99.12, 'm7-1': 1.04, 'm8-1': 1.04}",1.56,85.408,86.44800000000001,inf,235.40800000000002,235.40800000000002
336,T2,BESTEFFORT,ARRIVING,m1-1,85.475,"{'m1-1': 112.99, 'm2-1': 1.09, 'm3-1': 0.99, 'm4-1': 98.7, 'm5-1': 1.03, 'm6-1': 105.81, 'm7-1': 1.01, 'm8-1': 1.06}",0.0,inf,inf,inf,235.475,235.475
337,T2,BESTEFFORT,COMPLETED,m2-1,85.953,"{'m1-1': 99.92, 'm2-1': 1.05, 'm3-1': 1.03, 'm4-1': 97.91, 'm5-1': 1.14, 'm6-1': 95.38, 'm7-1': 0.99, 'm8-1': 1.02}",1.5750000000000002,85.953,87.003,inf,235.953,235.953
338,T4,BESTEFFORT,COMPLETED,m3-1,86.025,"{'m1-1': 101.0, 'm2-1': 0.97, 'm3-1': 1.01, 'm4-1': 101.28, 'm5-1': 1.08, 'm6-1': 102.46, 'm7-1': 1.08, 'm8-1': 1.07}",1.5150000000000001,86.025,87.03500000000001,inf,236.025,236.025
339,T4,BESTEFFORT,ARRIVING,m4-1,86.052,"{'m1-1': 103.08, 'm2-1': 1.13, 'm3-1': 0.96, 'm4-1': 101.92, 'm5-1': 1.08, 'm6-1': 111.78, 'm7-1': 0.98, 'm8-1': 1.07}",0.0,inf,inf,inf,236.05200000000002,236.05200000000002
340,T4,BESTEFFORT,COMPLETED,m5-1,86.534,"{'m1-1': 99.39, 'm2-1': 1.03, 'm3-1': 1.01, 'm4-1': 114.66, 'm5-1': 1.08, 'm6-1': 99.59, 'm7-1': 1.06, 'm8-1': 0.94}",1.62,86.534,87.614,inf,236.534,236.534
341,T3,BESTEFFORT,ARRIVING,m6-1,86.653,"{'m1-1': 99.34, 'm2-1': 1.13, 'm3-1': 0.97, 'm4-1': 103.52, 'm5-1': 1.11, 'm6-1': 103.73, 'm7-1': 1.02, 'm8-1': 1.1}",0.0,inf,inf,inf,236.65300000000002,236.65300000000002
342,T2,BESTEFFORT,COMPLETED,m7-1,86.813,"{'m1-1': 102.94, 'm2-1': 1.03, 'm3-1': 1.02, 'm4-1': 100.35, 'm5-1': 0.99, 'm6-1': 111.46, 'm7-1': 1.06, 'm8-1': 0.95}",1.59,86.813,87.873,inf,236.813,236.813
343,T4,BESTEFFORT,COMPLETED,m8-1,86.901,"{'m1-1': 94.67, 'm2-1': 1.03, 'm3-1': 1.04, 'm4-1': 103.41, 'm5-1': 1.01, 'm6-1': 113.32, 'm7-1': 0.96, 'm8-1': 1.01}",1.5150000000000001,86.901,87.911,inf,236.901,236.901
344,T2,BESTEFFORT,ARRIVING,m1-1,86.953,"{'m1-1': 113.95, 'm2-1': 1.01, 'm3-1': 0.95, 'm4-1': 94.66, 'm5-1': 1.0, 'm6-1': 109.69, 'm7-1': 1.06, 'm8-1': 1.06}",0.0,inf,inf,inf,236.953,236.953
345,T3,BESTEFFORT,COMPLETED,m2-1,87.237,"{'m1-1': 93.01, 'm2-1': 1.12, 'm3-1': 1.12, 'm4-1': 107.23, 'm5-1': 1.1, 'm6-1': 103.95, 'm7-1': 1.11, 'm8-1': 1.06}",1.6800000000000002,87.237,88.357,inf,237.237,237.237
346,T4,BESTEFFORT,COMPLETED,m3-1,87.307,"{'m1-1': 99.27, 'm2-1': 1.06, 'm3-1': 0.98, 'm4-1': 110.85, 'm5-1': 1.1, 'm6-1': 101.09, 'm7-1': 1.1, 'm8-1': 1.02}",1.47,87.307,88.287,inf,237.30700000000002,237.30700000000002
347,T1,BESTEFFORT,ARRIVING,m4-1,87.453,"{'m1-1': 116.87, 'm2-1': 1.04, 'm3-1': 1.03, 'm4-1': 115.69, 'm5-1': 1.08, 'm6-1': 103.37, 'm7-1': 1.06, 'm8-1': 1.07}",0.0,inf,inf,inf,237.453,237.453
348,T3,BESTEFFORT,COMPLETED,m5-1,87.735,"{'m1-1': 104.4, 'm2-1': 1.11, 'm3-1': 1.04, 'm4-1': 110.12, 'm5-1': 1.06, 'm6-1': 105.62, 'm7-1': 1.1, 'm8-1': 1.11}",1.59,87.735,88.795,inf,237.735,237.735
349,T3,BESTEFFORT,ARRIVING,m6-1,88.062,"{'m1-1': 105.48, 'm2-1': 1.07, 'm3-1': 1.01, 'm4-1': 108.99, 'm5-1': 1.0, 'm6-1': 114.36, 'm7-1': 1.01, 'm8-1': 1.1}",0.0,inf,inf,inf,238.062,238.062
350,T2,BESTEFFORT,COMPLETED,m7-1,88.141,"{'m1-1': 112.83, 'm2-1': 1.18, 'm3-1': 1.02, 'm4-1': 108.47, 'm5-1': 1.12, 'm6-1': 105.8, 'm7-1': 1.09, 'm8-1': 1.0}",1.6350000000000002,88.141,89.23100000000001,inf,238.14100000000002,238.14100000000002
351,T3,BESTEFFORT,COMPLETED,m8-1,88.653,"{'m1-1': 93.29, 'm2-1': 1.1, 'm3-1': 1.06, 'm4-1': 98.74, 'm5-1': 0.99, 'm6-1': 105.82, 'm7-1': 1.12, 'm8-1': 1.11}",1.665,88.653,89.763,inf,238.65300000000002,238.65300000000002
352,T1,BESTEFFORT,ARRIVING,m1-1,88.771,"{'m1-1': 116.65, 'm2-1': 1.03, 'm3-1': 1.01, 'm4-1': 112.84, 'm5-1': 1.09, 'm6-1': 106.58, 'm7-1': 0.94, 'm8-1': 1.14}",0.0,inf,inf,inf,238.77100000000002,238.77100000000002
353,T3,BESTEFFORT,COMPLETED,m2-1,88.923,"{'m1-1': 107.4, 'm2-1': 1.03, 'm3-1': 1.09, 'm4-1': 112.27, 'm5-1': 1.01, 'm6-1': 102.84, 'm7-1': 1.17, 'm8-1': 0.96}",1.545,88.923,89.953,inf,238.923,238.923
354,T3,BESTEFFORT,COMPLETED,m3-1,89.095,"{'m1-1': 106.47, 'm2-1': 1.0, 'm3-1': 1.0, 'm4-1': 113.8, 'm5-1': 0.95, 'm6-1': 106.92, 'm7-1': 1.07, 'm8-1': 1.04}",1.5,89.095,90.095,inf,239.095,239.095
355,T2,BESTEFFORT,ARRIVING,m4-1,89.66,"{'m1-1': 105.05, 'm2-1': 1.18, 'm3-1': 0.98, 'm4-1': 101.06, 'm5-1': 1.04, 'm6-1': 96.64, 'm7-1': 1.04, 'm8-1': 1.0}",0.0,inf,inf,inf,239.66,239.66
356,T3,BESTEFFORT,COMPLETED,m5-1,89.973,"{'m1-1': 109.89, 'm2-1': 1.04, 'm3-1': 1.05, 'm4-1': 109.96, 'm5-1': 0.99, 'm6-1': 104.48, 'm7-1': 0.99, 'm8-1': 1.02}",1.4849999999999999,89.973,90.963,inf,239.973,239.973
357,T2,BESTEFFORT,ARRIVING,m6-1,90.061,"{'m1-1': 99.06, 'm2-1': 1.17, 'm3-1': 0.99, 'm4-1': 108.48, 'm5-1': 1.03, 'm6-1': 110.02, 'm7-1': 1.13, 'm8-1': 1.0}",0.0,inf,inf,inf,240.061,240.061
358,T4,BESTEFFORT,COMPLETED,m7-1,90.466,"{'m1-1': 108.64, 'm2-1': 1.04, 'm3-1': 1.12, 'm4-1': 96.63, 'm5-1': 1.07, 'm6-1': 104.31, 'm7-1': 1.0, 'm8-1': 0.98}",1.5,90.466,91.466,inf,240.466,240.466
359,T2,BESTEFFORT,COMPLETED,m8-1,90.526,"{'m1-1': 109.08, 'm2-1': 1.03, 'm3-1': 1.06, 'm4-1': 101.07, 'm5-1': 1.13, 'm6-1': 110.23, 'm7-1': 1.1, 'm8-1': 0.97}",1.455,90.526,91.496,inf,240.526,240.526
360,T3,BESTEFFORT,ARRIVING,m1-1,90.639,"{'m1-1': 99.1, 'm2-1': 1.02, 'm3-1': 1.03, 'm4-1': 104.1, 'm5-1': 1.06, 'm6-1': 112.77, 'm7-1': 1.08, 'm8-1': 1.01}",0.0,inf,inf,inf,240.639,240.639
361,T4,BESTEFFORT,COMPLETED,m2-1,90.695,"{'m1-1': 108.8, 'm2-1': 1.03, 'm3-1': 1.08, 'm4-1': 107.72, 'm5-1': 1.17, 'm6-1': 104.07, 'm7-1': 0.98, 'm8-1': 1.07}",1.545,90.695,91.725,inf,240.695,240.695
362,T4,BESTEFFORT,COMPLETED,m3-1,90.914,"{'m1-1': 104.93, 'm2-1': 1.09, 'm3-1': 0.97, 'm4-1': 104.34, 'm5-1': 1.09, 'm6-1': 103.32, 'm7-1': 0.96, 'm8-1': 0.99}",1.455,90.914,91.884,inf,240.914,240.914
363,T3,BESTEFFORT,ARRIVING,m4-1,91.134,"{'m1-1': 102.03, 'm2-1': 1.12, 'm3-1': 0.96, 'm4-1': 101.72, 'm5-1': 1.03, 'm6-1': 102.06, 'm7-1': 1.14, 'm8-1': 1.12}",0.0,inf,inf,inf,241.13400000000001,241.13400000000001
364,T1,BESTEFFORT,COMPLETED,m5-1,91.156,"{'m1-1': 109.72, 'm2-1': 0.96, 'm3-1': 1.08, 'm4-1': 118.65, 'm5-1': 0.95, 'm6-1': 103.71, 'm7-1': 0.99, 'm8-1': 1.04}",1.4249999999999998,91.156,92.10600000000001,inf,241.156,241.156
365,T1,BESTEFFORT,ARRIVING,m6-1,91.242,"{'m1-1': 114.89, 'm2-1': 1.13, 'm3-1': 1.06, 'm4-1': 107.43, 'm5-1': 1.04, 'm6-1': 111.96, 'm7-1': 1.07, 'm8-1': 0.98}",0.0,inf,inf,inf,241.24200000000002,241.24200000000002
366,T3,BESTEFFORT,COMPLETED,m7-1,91.42,"{'m1-1': 97.35, 'm2-1': 1.0, 'm3-1': 0.94, 'm4-1': 109.27, 'm5-1': 0.99, 'm6-1': 114.24, 'm7-1': 1.03, 'm8-1': 0.97}",1.545,91.466,92.496,inf,241.42000000000002,241.42000000000002
367,T3,BESTEFFORT,COMPLETED,m8-1,92.925,"{'m1-1': 104.4, 'm2-1': 0.99, 'm3-1': 0.96, 'm4-1': 113.11, 'm5-1': 0.96, 'm6-1': 101.34, 'm7-1': 1.03, 'm8-1': 1.0}",1.5,92.925,93.925,inf,242.925,242.925
368,T3,BESTEFFORT,ARRIVING,m1-1,93.137,"{'m1-1': 109.6, 'm2-1': 1.11, 'm3-1': 1.06, 'm4-1': 106.7, 'm5-1': 1.03, 'm6-1': 104.81, 'm7-1': 1.12, 'm8-1': 1.02}",0.0,inf,inf,inf,243.137,243.137
369,T3,BESTEFFORT,COMPLETED,m2-1,93.777,"{'m1-1': 99.36, 'm2-1': 1.1, 'm3-1': 0.96, 'm4-1': 100.02, 'm5-1': 1.09, 'm6-1': 102.96, 'm7-1': 1.04, 'm8-1': 1.02}",1.6500000000000001,93.777,94.877,inf,243.777,243.777
370,T3,BESTEFFORT,COMPLETED,m3-1,94.124,"{'m1-1': 101.63, 'm2-1': 1.0, 'm3-1': 1.06, 'm4-1': 103.52, 'm5-1': 1.02, 'm6-1': 112.7, 'm7-1': 1.13, 'm8-1': 1.07}",1.59,94.124,95.184,inf,244.124,244.124
371,T2,BESTEFFORT,ARRIVING,m4-1,94.186,"{'m1-1': 98.15, 'm2-1': 1.17, 'm3-1': 1.13, 'm4-1': 108.47, 'm5-1': 1.03, 'm6-1': 100.72, 'm7-1': 0.98, 'm8-1': 1.04}",0.0,inf,inf,inf,244.186,244.186
372,T1,BESTEFFORT,COMPLETED,m5-1,94.203,"{'m1-1': 110.96, 'm2-1': 0.96, 'm3-1': 1.14, 'm4-1': 107.74, 'm5-1': 1.05, 'm6-1': 96.69, 'm7-1': 1.07, 'm8-1': 0.99}",1.5750000000000002,94.203,95.253,inf,244.203,244.203
373,T4,BESTEFFORT,ARRIVING,m6-1,94.558,"{'m1-1': 91.86, 'm2-1': 1.1, 'm3-1': 1.1, 'm4-1': 103.18, 'm5-1': 1.07, 'm6-1': 114.81, 'm7-1': 1.12, 'm8-1': 1.01}",0.0,inf,inf,inf,244.558,244.558
374,T4,BESTEFFORT,COMPLETED,m7-1,95.531,"{'m1-1': 109.1, 'm2-1': 0.99, 'm3-1': 1.04, 'm4-1': 104.72, 'm5-1': 1.02, 'm6-1': 109.23, 'm7-1': 1.0, 'm8-1': 0.98}",1.5,95.531,96.531,inf,245.531,245.531
375,T2,BESTEFFORT,COMPLETED,m8-1,95.718,"{'m1-1': 106.5, 'm2-1': 1.12, 'm3-1': 0.97, 'm4-1': 93.38, 'm5-1': 1.14, 'm6-1': 97.9, 'm7-1': 1.07, 'm8-1': 1.06}",1.59,95.718,96.778,inf,245.71800000000002,245.71800000000002
376,T4,BESTEFFORT,ARRIVING,m1-1,95.815,"{'m1-1': 104.18, 'm2-1': 1.07, 'm3-1': 1.11, 'm4-1': 106.3, 'm5-1': 1.07, 'm6-1': 114.36, 'm7-1': 0.97, 'm8-1': 0.98}",0.0,inf,inf,inf,245.815,245.815
377,T3,BESTEFFORT,COMPLETED,m2-1,95.83,"{'m1-1': 108.71, 'm2-1': 1.1, 'm3-1': 1.12, 'm4-1': 113.74, 'm5-1': 0.96, 'm6-1': 112.26, 'm7-1': 1.16, 'm8-1': 1.08}",1.6500000000000001,95.83,96.92999999999999,inf,245.82999999999998,245.82999999999998
378,T2,BESTEFFORT,COMPLETED,m3-1,96.078,"{'m1-1': 114.33, 'm2-1': 1.01, 'm3-1': 1.09, 'm4-1': 104.65, 'm5-1': 1.12, 'm6-1': 106.58, 'm7-1': 1.04, 'm8-1': 0.99}",1.6350000000000002,96.078,97.168,inf,246.078,246.078
379,T4,BESTEFFORT,ARRIVING,m4-1,96.157,"{'m1-1': 96.97, 'm2-1': 1.1, 'm3-1': 1.07, 'm4-1': 103.16, 'm5-1': 1.04, 'm6-1': 107.77, 'm7-1': 0.98, 'm8-1': 1.0}",0.0,inf,inf,inf,246.15699999999998,246.15699999999998
380,T4,BESTEFFORT,COMPLETED,m5-1,96.522,"{'m1-1': 107.74, 'm2-1': 1.03, 'm3-1': 1.0, 'm4-1': 96.4, 'm5-1': 1.0, 'm6-1': 116.46, 'm7-1': 0.99, 'm8-1': 1.06}",1.5,96.522,97.522,inf,246.522,246.522
381,T2,BESTEFFORT,ARRIVING,m6-1,96.59,"{'m1-1': 107.77, 'm2-1': 1.16, 'm3-1': 1.03, 'm4-1': 100.64, 'm5-1': 1.05, 'm6-1': 95.37, 'm7-1': 1.04, 'm8-1': 1.01}",0.0,inf,inf,inf,246.59,246.59
382,T4,BESTEFFORT,COMPLETED,m7-1,96.599,"{'m1-1': 101.32, 'm2-1': 1.08, 'm3-1': 1.1, 'm4-1': 98.91, 'm5-1': 1.08, 'm6-1': 103.37, 'm7-1': 1.11, 'm8-1': 1.08}",1.665,96.599,97.709,inf,246.599,246.599
383,T1,BESTEFFORT,COMPLETED,m8-1,97.203,"{'m1-1': 113.96, 'm2-1': 1.1, 'm3-1': 1.09, 'm4-1': 102.98, 'm5-1': 1.02, 'm6-1': 101.58, 'm7-1': 0.94, 'm8-1': 1.14}",1.71,97.203,98.343,inf,247.203,247.203
384,T4,BESTEFFORT,ARRIVING,m1-1,97.215,"{'m1-1': 96.99, 'm2-1': 1.14, 'm3-1': 1.02, 'm4-1': 112.43, 'm5-1': 1.11, 'm6-1': 113.8, 'm7-1': 1.13, 'm8-1': 1.08}",0.0,inf,inf,inf,247.215,247.215
385,T1,BESTEFFORT,COMPLETED,m2-1,97.481,"{'m1-1': 109.6, 'm2-1': 1.07, 'm3-1': 1.09, 'm4-1': 109.89, 'm5-1': 1.03, 'm6-1': 105.95, 'm7-1': 0.99, 'm8-1': 1.06}",1.605,97.481,98.55099999999999,inf,247.481,247.481
386,T4,BESTEFFORT,COMPLETED,m3-1,97.502,"{'m1-1': 96.74, 'm2-1': 1.1, 'm3-1': 0.99, 'm4-1': 110.96, 'm5-1': 1.02, 'm6-1': 111.22, 'm7-1': 1.04, 'm8-1': 1.01}",1.4849999999999999,97.502,98.49199999999999,inf,247.502,247.502
387,T4,BESTEFFORT,ARRIVING,m4-1,97.973,"{'m1-1': 94.66, 'm2-1': 1.07, 'm3-1': 1.08, 'm4-1': 101.22, 'm5-1': 1.08, 'm6-1': 100.06, 'm7-1': 1.08, 'm8-1': 1.08}",0.0,inf,inf,inf,247.973,247.973
388,T2,BESTEFFORT,COMPLETED,m5-1,97.976,"{'m1-1': 105.47, 'm2-1': 1.14, 'm3-1': 0.96, 'm4-1': 95.49, 'm5-1': 1.04, 'm6-1': 101.53, 'm7-1': 0.98, 'm8-1': 0.99}",1.56,97.976,99.016,inf,247.976,247.976
389,T4,BESTEFFORT,ARRIVING,m6-1,98.189,"{'m1-1': 101.47, 'm2-1': 1.09, 'm3-1': 1.05, 'm4-1': 100.42, 'm5-1': 1.13, 'm6-1': 103.97, 'm7-1': 1.11, 'm8-1': 0.94}",0.0,inf,inf,inf,248.189,248.189
390,T4,BESTEFFORT,COMPLETED,m7-1,98.301,"{'m1-1': 96.72, 'm2-1': 0.97, 'm3-1': 1.09, 'm4-1': 97.63, 'm5-1': 1.01, 'm6-1': 114.67, 'm7-1': 1.06, 'm8-1': 0.96}",1.59,98.301,99.361,inf,248.301,248.301
391,T3,BESTEFFORT,COMPLETED,m8-1,98.356,"{'m1-1': 108.41, 'm2-1': 1.09, 'm3-1': 0.94, 'm4-1': 107.85, 'm5-1': 1.08, 'm6-1': 108.09, 'm7-1': 1.1, 'm8-1': 1.06}",1.59,98.356,99.416,inf,248.356,248.356
392,T3,BESTEFFORT,ARRIVING,m1-1,99.425,"{'m1-1': 107.37, 'm2-1': 1.0, 'm3-1': 1.03, 'm4-1': 105.48, 'm5-1': 0.95, 'm6-1': 112.74, 'm7-1': 1.02, 'm8-1': 1.11}",0.0,inf,inf,inf,249.425,249.425
393,T1,BESTEFFORT,COMPLETED,m2-1,99.476,"{'m1-1': 100.02, 'm2-1': 1.02, 'm3-1': 0.98, 'm4-1': 111.72, 'm5-1': 0.97, 'm6-1': 106.71, 'm7-1': 1.02, 'm8-1': 1.06}",1.53,99.476,100.496,inf,249.476,249.476
394,T3,BESTEFFORT,COMPLETED,m3-1,99.798,"{'m1-1': 108.41, 'm2-1': 1.08, 'm3-1': 0.98, 'm4-1': 102.39, 'm5-1': 1.12, 'm6-1': 110.52, 'm7-1': 1.01, 'm8-1': 1.02}",1.47,99.798,100.778,inf,249.798,249.798
395,T3,BESTEFFORT,MISSED,m4-1,100.435,"{'m1-1': 103.26, 'm2-1': 1.05, 'm3-1': 1.01, 'm4-1': 104.69, 'm5-1': 0.95, 'm6-1': 109.55, 'm7-1': 1.09, 'm8-1': 1.03}",140.787,156.577,inf,250.435,250.435,250.435
396,T3,BESTEFFORT,COMPLETED,m5-1,101.367,"{'m1-1': 108.44, 'm2-1': 1.06, 'm3-1': 0.97, 'm4-1': 114.3, 'm5-1': 1.05, 'm6-1': 109.49, 'm7-1': 1.02, 'm8-1': 0.99}",1.5750000000000002,101.367,102.417,inf,251.36700000000002,251.36700000000002
397,T3,BESTEFFORT,ARRIVING,m6-1,101.519,"{'m1-1': 104.48, 'm2-1': 1.07, 'm3-1': 1.09, 'm4-1': 105.11, 'm5-1': 1.1, 'm6-1': 113.6, 'm7-1': 1.15, 'm8-1': 0.99}",0.0,inf,inf,inf,251.519,251.519
398,T2,BESTEFFORT,COMPLETED,m7-1,101.808,"{'m1-1': 107.27, 'm2-1': 1.08, 'm3-1': 1.08, 'm4-1': 100.27, 'm5-1': 1.03, 'm6-1': 106.12, 'm7-1': 1.11, 'm8-1': 1.01}",1.665,101.808,102.918,inf,251.808,251.808
399,T2,BESTEFFORT,COMPLETED,m8-1,102.094,"{'m1-1': 104.49, 'm2-1': 1.1, 'm3-1': 1.08, 'm4-1': 96.31, 'm5-1': 1.12, 'm6-1': 96.53, 'm7-1': 1.14, 'm8-1': 1.04}",1.56,102.094,103.134,inf,252.094,252.094
400,T2,BESTEFFORT,ARRIVING,m1-1,102.096,"{'m1-1': 104.28, 'm2-1': 1.12, 'm3-1': 0.97, 'm4-1': 103.56, 'm5-1': 1.02, 'm6-1': 104.22, 'm7-1': 1.04, 'm8-1': 0.99}",0.0,inf,inf,inf,252.096,252.096
401,T4,BESTEFFORT,COMPLETED,m2-1,102.143,"{'m1-1': 102.89, 'm2-1': 1.1, 'm3-1': 1.12, 'm4-1': 98.53, 'm5-1': 1.14, 'm6-1': 101.73, 'm7-1': 1.06, 'm8-1': 0.96}",1.6500000000000001,102.143,103.243,inf,252.143,252.143
402,T2,BESTEFFORT,COMPLETED,m3-1,102.432,"{'m1-1': 104.28, 'm2-1': 1.1, 'm3-1': 0.96, 'm4-1': 101.03, 'm5-1': 1.11, 'm6-1': 100.22, 'm7-1': 1.08, 'm8-1': 0.97}",1.44,102.432,103.392,inf,252.43200000000002,252.43200000000002
403,T1,BESTEFFORT,ARRIVING,m4-1,102.93,"{'m1-1': 110.59, 'm2-1': 1.04, 'm3-1': 1.0, 'm4-1': 106.4, 'm5-1': 0.99, 'm6-1': 105.55, 'm7-1': 0.99, 'm8-1': 1.03}",0.0,inf,inf,inf,252.93,252.93
404,T2,BESTEFFORT,COMPLETED,m5-1,103.08,"{'m1-1': 112.73, 'm2-1': 1.03, 'm3-1': 0.96, 'm4-1': 92.17, 'm5-1': 1.07, 'm6-1': 99.54, 'm7-1': 1.06, 'm8-1': 0.94}",1.605,103.08,104.14999999999999,inf,253.07999999999998,253.07999999999998
405,T4,BESTEFFORT,ARRIVING,m6-1,103.571,"{'m1-1': 101.19, 'm2-1': 1.04, 'm3-1': 0.97, 'm4-1': 111.45, 'm5-1': 1.08, 'm6-1': 112.83, 'm7-1': 1.06, 'm8-1': 1.06}",0.0,inf,inf,inf,253.571,253.571
406,T1,BESTEFFORT,COMPLETED,m7-1,104.242,"{'m1-1': 108.88, 'm2-1': 0.98, 'm3-1': 1.02, 'm4-1': 118.73, 'm5-1': 0.95, 'm6-1': 97.71, 'm7-1': 1.08, 'm8-1': 1.07}",1.62,104.242,105.322,inf,254.24200000000002,254.24200000000002
407,T3,BESTEFFORT,COMPLETED,m8-1,104.288,"{'m1-1': 96.46, 'm2-1': 0.97, 'm3-1': 1.07, 'm4-1': 109.38, 'm5-1': 1.01, 'm6-1': 98.25, 'm7-1': 1.17, 'm8-1': 1.07}",1.605,104.288,105.35799999999999,inf,254.288,254.288
408,T2,BESTEFFORT,ARRIVING,m1-1,104.363,"{'m1-1': 106.3, 'm2-1': 1.0, 'm3-1': 0.96, 'm4-1': 93.89, 'm5-1': 1.1, 'm6-1': 100.84, 'm7-1': 1.11, 'm8-1': 1.03}",0.0,inf,inf,inf,254.363,254.363
409,T1,BESTEFFORT,COMPLETED,m2-1,104.517,"{'m1-1': 105.05, 'm2-1': 1.01, 'm3-1': 1.06, 'm4-1': 108.26, 'm5-1': 0.95, 'm6-1': 110.52, 'm7-1': 1.09, 'm8-1': 1.03}",1.5150000000000001,104.517,105.527,inf,254.517,254.517
410,T1,BESTEFFORT,COMPLETED,m3-1,104.998,"{'m1-1': 108.69, 'm2-1': 1.13, 'm3-1': 1.06, 'm4-1': 110.92, 'm5-1': 1.09, 'm6-1': 107.46, 'm7-1': 0.97, 'm8-1': 1.15}",1.59,104.998,106.058,inf,254.998,254.998
411,T2,BESTEFFORT,ARRIVING,m4-1,105.123,"{'m1-1': 112.95, 'm2-1': 1.15, 'm3-1': 0.97, 'm4-1': 108.24, 'm5-1': 0.98, 'm6-1': 106.12, 'm7-1': 1.12, 'm8-1': 1.09}",0.0,inf,inf,inf,255.123,255.123
412,T4,BESTEFFORT,COMPLETED,m5-1,105.66,"{'m1-1': 101.67, 'm2-1': 0.99, 'm3-1': 1.09, 'm4-1': 109.93, 'm5-1': 1.03, 'm6-1': 101.09, 'm7-1': 1.13, 'm8-1': 1.02}",1.545,105.66,106.69,inf,255.66,255.66
413,T2,BESTEFFORT,ARRIVING,m6-1,105.693,"{'m1-1': 101.27, 'm2-1': 1.14, 'm3-1': 1.1, 'm4-1': 97.4, 'm5-1': 1.09, 'm6-1': 104.05, 'm7-1': 0.99, 'm8-1': 0.95}",0.0,inf,inf,inf,255.69299999999998,255.69299999999998
414,T1,BESTEFFORT,COMPLETED,m7-1,105.776,"{'m1-1': 105.76, 'm2-1': 1.04, 'm3-1': 0.98, 'm4-1': 112.12, 'm5-1': 1.0, 'm6-1': 101.1, 'm7-1': 0.96, 'm8-1': 0.98}",1.44,105.776,106.73599999999999,inf,255.776,255.776
415,T2,BESTEFFORT,COMPLETED,m8-1,106.459,"{'m1-1': 103.64, 'm2-1': 1.03, 'm3-1': 0.96, 'm4-1': 94.07, 'm5-1': 0.98, 'm6-1': 97.77, 'm7-1': 1.1, 'm8-1': 0.93}",1.395,106.459,107.38900000000001,inf,256.459,256.459
416,T4,BESTEFFORT,ARRIVING,m1-1,107.042,"{'m1-1': 103.47, 'm2-1': 1.05, 'm3-1': 1.09, 'm4-1': 106.67, 'm5-1': 1.14, 'm6-1': 100.13, 'm7-1': 1.04, 'm8-1': 1.06}",0.0,inf,inf,inf,257.04200000000003,257.04200000000003
417,T4,BESTEFFORT,COMPLETED,m2-1,107.048,"{'m1-1': 102.96, 'm2-1': 1.03, 'm3-1': 1.07, 'm4-1': 107.24, 'm5-1': 1.04, 'm6-1': 99.15, 'm7-1': 1.08, 'm8-1': 0.99}",1.545,107.048,108.078,inf,257.048,257.048
418,T3,BESTEFFORT,COMPLETED,m3-1,107.426,"{'m1-1': 105.34, 'm2-1': 1.12, 'm3-1': 1.01, 'm4-1': 113.39, 'm5-1': 1.12, 'm6-1': 109.79, 'm7-1': 1.0, 'm8-1': 1.0}",1.5150000000000001,107.426,108.436,inf,257.426,257.426
419,T4,BESTEFFORT,ARRIVING,m4-1,107.877,"{'m1-1': 98.32, 'm2-1': 1.03, 'm3-1': 1.08, 'm4-1': 104.82, 'm5-1': 1.14, 'm6-1': 103.72, 'm7-1': 1.0, 'm8-1': 1.02}",0.0,inf,inf,inf,257.877,257.877
420,T2,BESTEFFORT,COMPLETED,m5-1,107.988,"{'m1-1': 100.01, 'm2-1': 1.06, 'm3-1': 1.06, 'm4-1': 101.01, 'm5-1': 1.02, 'm6-1': 108.47, 'm7-1': 1.13, 'm8-1': 1.06}",1.53,107.988,109.008,inf,257.988,257.988
421,T1,BESTEFFORT,ARRIVING,m6-1,108.06,"{'m1-1': 99.93, 'm2-1': 1.12, 'm3-1': 1.09, 'm4-1': 103.94, 'm5-1': 0.98, 'm6-1': 99.08, 'm7-1': 1.0, 'm8-1': 1.16}",0.0,inf,inf,inf,258.06,258.06
422,T4,BESTEFFORT,COMPLETED,m7-1,108.131,"{'m1-1': 101.61, 'm2-1': 1.08, 'm3-1': 1.04, 'm4-1': 110.0, 'm5-1': 1.16, 'm6-1': 105.71, 'm7-1': 1.02, 'm8-1': 1.05}",1.53,108.131,109.151,inf,258.131,258.131
423,T1,BESTEFFORT,COMPLETED,m8-1,109.348,"{'m1-1': 108.77, 'm2-1': 1.06, 'm3-1': 1.12, 'm4-1': 104.88, 'm5-1': 1.03, 'm6-1': 97.9, 'm7-1': 1.0, 'm8-1': 1.07}",1.605,109.348,110.41799999999999,inf,259.348,259.348
424,T2,BESTEFFORT,ARRIVING,m1-1,109.443,"{'m1-1': 111.67, 'm2-1': 1.18, 'm3-1': 1.12, 'm4-1': 102.14, 'm5-1': 1.12, 'm6-1': 96.43, 'm7-1': 1.13, 'm8-1': 1.03}",0.0,inf,inf,inf,259.443,259.443
425,T1,BESTEFFORT,COMPLETED,m2-1,109.723,"{'m1-1': 112.65, 'm2-1': 1.12, 'm3-1': 1.04, 'm4-1': 110.32, 'm5-1': 0.98, 'm6-1': 107.37, 'm7-1': 1.02, 'm8-1': 1.07}",1.6800000000000002,109.723,110.843,inf,259.723,259.723
426,T3,BESTEFFORT,COMPLETED,m3-1,110.064,"{'m1-1': 102.96, 'm2-1': 1.12, 'm3-1': 1.09, 'm4-1': 100.84, 'm5-1': 1.1, 'm6-1': 102.49, 'm7-1': 1.03, 'm8-1': 0.99}",1.6350000000000002,110.064,111.154,inf,260.06399999999996,260.06399999999996
427,T1,BESTEFFORT,ARRIVING,m4-1,110.123,"{'m1-1': 117.76, 'm2-1': 1.13, 'm3-1': 1.09, 'm4-1': 101.74, 'm5-1': 0.99, 'm6-1': 113.08, 'm7-1': 1.06, 'm8-1': 1.14}",0.0,inf,inf,inf,260.123,260.123
428,T4,BESTEFFORT,COMPLETED,m5-1,110.878,"{'m1-1': 93.93, 'm2-1': 1.07, 'm3-1': 1.01, 'm4-1': 104.19, 'm5-1': 1.07, 'm6-1': 111.78, 'm7-1': 0.98, 'm8-1': 0.95}",1.605,110.878,111.948,inf,260.878,260.878
429,T4,BESTEFFORT,ARRIVING,m6-1,110.97,"{'m1-1': 93.81, 'm2-1': 1.04, 'm3-1': 1.08, 'm4-1': 101.88, 'm5-1': 1.17, 'm6-1': 114.36, 'm7-1': 1.04, 'm8-1': 1.01}",0.0,inf,inf,inf,260.97,260.97
430,T3,BESTEFFORT,COMPLETED,m7-1,111.06,"{'m1-1': 101.48, 'm2-1': 1.02, 'm3-1': 0.95, 'm4-1': 97.51, 'm5-1': 1.02, 'm6-1': 109.07, 'm7-1': 1.08, 'm8-1': 1.09}",1.62,111.06,112.14,inf,261.06,261.06
431,T4,BESTEFFORT,COMPLETED,m8-1,111.239,"{'m1-1': 95.69, 'm2-1': 1.06, 'm3-1': 0.96, 'm4-1': 101.26, 'm5-1': 1.06, 'm6-1': 98.39, 'm7-1': 1.02, 'm8-1': 1.09}",1.6350000000000002,111.239,112.32900000000001,inf,261.23900000000003,261.23900000000003
432,T2,BESTEFFORT,ARRIVING,m1-1,111.499,"{'m1-1': 107.98, 'm2-1': 1.08, 'm3-1': 1.02, 'm4-1': 101.69, 'm5-1': 0.99, 'm6-1': 98.38, 'm7-1': 1.06, 'm8-1': 1.04}",0.0,inf,inf,inf,261.499,261.499
433,T2,BESTEFFORT,COMPLETED,m2-1,111.587,"{'m1-1': 108.48, 'm2-1': 1.12, 'm3-1': 0.96, 'm4-1': 101.34, 'm5-1': 1.06, 'm6-1': 107.6, 'm7-1': 1.07, 'm8-1': 1.0}",1.6800000000000002,111.587,112.70700000000001,inf,261.587,261.587
434,T2,BESTEFFORT,COMPLETED,m3-1,111.765,"{'m1-1': 108.26, 'm2-1': 1.16, 'm3-1': 0.96, 'm4-1': 94.37, 'm5-1': 1.03, 'm6-1': 97.22, 'm7-1': 1.05, 'm8-1': 0.93}",1.44,111.765,112.725,inf,261.765,261.765
435,T4,BESTEFFORT,ARRIVING,m4-1,112.089,"{'m1-1': 102.49, 'm2-1': 1.11, 'm3-1': 1.11, 'm4-1': 113.25, 'm5-1': 1.02, 'm6-1': 100.6, 'm7-1': 1.02, 'm8-1': 1.03}",0.0,inf,inf,inf,262.089,262.089
436,T2,BESTEFFORT,COMPLETED,m5-1,113.47,"{'m1-1': 101.81, 'm2-1': 1.04, 'm3-1': 1.13, 'm4-1': 96.11, 'm5-1': 1.03, 'm6-1': 94.87, 'm7-1': 0.99, 'm8-1': 0.93}",1.545,113.47,114.5,inf,263.47,263.47
437,T2,BESTEFFORT,MISSED,m6-1,113.765,"{'m1-1': 106.13, 'm2-1': 1.14, 'm3-1': 0.95, 'm4-1': 107.99, 'm5-1': 1.01, 'm6-1': 107.47, 'm7-1': 1.04, 'm8-1': 1.02}",159.969,157.119,inf,263.765,263.765,263.765
438,T4,BESTEFFORT,COMPLETED,m7-1,113.872,"{'m1-1': 92.92, 'm2-1': 1.03, 'm3-1': 1.13, 'm4-1': 104.42, 'm5-1': 1.02, 'm6-1': 102.42, 'm7-1': 1.06, 'm8-1': 1.01}",1.59,113.872,114.932,inf,263.872,263.872
439,T2,BESTEFFORT,COMPLETED,m8-1,114.315,"{'m1-1': 106.05, 'm2-1': 1.05, 'm3-1': 1.11, 'm4-1': 93.03, 'm5-1': 1.05, 'm6-1': 103.8, 'm7-1': 1.07, 'm8-1': 1.05}",1.5750000000000002,114.315,115.365,inf,264.315,264.315
440,T3,BESTEFFORT,COMPLETED,m1-1,114.369,"{'m1-1': 99.81, 'm2-1': 1.07, 'm3-1': 0.96, 'm4-1': 106.95, 'm5-1': 1.09, 'm6-1': 103.73, 'm7-1': 1.07, 'm8-1': 1.06}",149.715,155.375,255.185,inf,264.369,264.369
441,T2,BESTEFFORT,COMPLETED,m2-1,115.026,"{'m1-1': 104.18, 'm2-1': 1.08, 'm3-1': 1.1, 'm4-1': 102.34, 'm5-1': 1.13, 'm6-1': 96.49, 'm7-1': 1.12, 'm8-1': 1.03}",1.62,115.026,116.106,inf,265.026,265.026
442,T3,BESTEFFORT,COMPLETED,m3-1,115.075,"{'m1-1': 103.68, 'm2-1': 1.07, 'm3-1': 1.05, 'm4-1': 109.16, 'm5-1': 0.97, 'm6-1': 100.09, 'm7-1': 1.12, 'm8-1': 1.11}",1.5750000000000002,115.075,116.125,inf,265.075,265.075
443,T1,BESTEFFORT,ARRIVING,m4-1,115.772,"{'m1-1': 108.99, 'm2-1': 1.06, 'm3-1': 1.1, 'm4-1': 107.82, 'm5-1': 1.03, 'm6-1': 99.72, 'm7-1': 0.95, 'm8-1': 1.07}",0.0,inf,inf,inf,265.772,265.772
444,T4,BESTEFFORT,COMPLETED,m5-1,115.9,"{'m1-1': 100.87, 'm2-1': 1.13, 'm3-1': 1.1, 'm4-1': 109.88, 'm5-1': 1.15, 'm6-1': 113.32, 'm7-1': 1.03, 'm8-1': 1.07}",1.7249999999999999,115.9,117.05000000000001,inf,265.9,265.9
445,T1,BESTEFFORT,ARRIVING,m6-1,116.002,"{'m1-1': 104.73, 'm2-1': 0.97, 'm3-1': 1.0, 'm4-1': 110.91, 'm5-1': 0.95, 'm6-1': 110.48, 'm7-1': 1.05, 'm8-1': 1.03}",0.0,inf,inf,inf,266.002,266.002
446,T4,BESTEFFORT,COMPLETED,m7-1,116.055,"{'m1-1': 103.61, 'm2-1': 1.03, 'm3-1': 1.12, 'm4-1': 97.73, 'm5-1': 1.09, 'm6-1': 100.88, 'm7-1': 0.97, 'm8-1': 1.06}",1.455,116.055,117.025,inf,266.055,266.055
447,T2,BESTEFFORT,COMPLETED,m8-1,116.336,"{'m1-1': 110.36, 'm2-1': 1.17, 'm3-1': 1.09, 'm4-1': 93.13, 'm5-1': 1.0, 'm6-1': 104.58, 'm7-1': 1.0, 'm8-1': 1.08}",1.62,116.336,117.416,inf,266.336,266.336
448,T1,BESTEFFORT,ARRIVING,m1-1,116.495,"{'m1-1': 108.96, 'm2-1': 0.96, 'm3-1': 1.06, 'm4-1': 100.51, 'm5-1': 1.04, 'm6-1': 99.68, 'm7-1': 1.05, 'm8-1': 1.14}",0.0,inf,inf,inf,266.495,266.495
449,T2,BESTEFFORT,COMPLETED,m2-1,116.534,"{'m1-1': 114.91, 'm2-1': 1.06, 'm3-1': 1.08, 'm4-1': 100.77, 'm5-1': 0.98, 'm6-1': 99.43, 'm7-1': 1.04, 'm8-1': 1.03}",1.59,116.534,117.59400000000001,inf,266.534,266.534
450,T1,BESTEFFORT,COMPLETED,m3-1,116.668,"{'m1-1': 100.99, 'm2-1': 1.01, 'm3-1': 1.1, 'm4-1': 111.18, 'm5-1': 1.01, 'm6-1': 112.59, 'm7-1': 1.07, 'm8-1': 1.04}",1.6500000000000001,116.668,117.768,inf,266.668,266.668
451,T4,BESTEFFORT,ARRIVING,m4-1,116.684,"{'m1-1': 107.05, 'm2-1': 1.01, 'm3-1': 1.04, 'm4-1': 100.86, 'm5-1': 1.16, 'm6-1': 99.27, 'm7-1': 0.99, 'm8-1': 1.0}",0.0,inf,inf,inf,266.68399999999997,266.68399999999997
452,T2,BESTEFFORT,COMPLETED,m5-1,117.111,"{'m1-1': 103.14, 'm2-1': 1.13, 'm3-1': 1.03, 'm4-1': 93.98, 'm5-1': 1.14, 'm6-1': 102.66, 'm7-1': 1.11, 'm8-1': 1.04}",1.71,117.111,118.251,inf,267.111,267.111
453,T3,BESTEFFORT,ARRIVING,m6-1,117.324,"{'m1-1': 104.47, 'm2-1': 1.0, 'm3-1': 1.08, 'm4-1': 104.48, 'm5-1': 1.08, 'm6-1': 107.5, 'm7-1': 1.09, 'm8-1': 0.97}",0.0,inf,inf,inf,267.324,267.324
454,T3,BESTEFFORT,COMPLETED,m7-1,117.401,"{'m1-1': 94.85, 'm2-1': 1.04, 'm3-1': 0.94, 'm4-1': 104.34, 'm5-1': 0.96, 'm6-1': 102.3, 'm7-1': 1.13, 'm8-1': 1.11}",1.6949999999999998,117.401,118.53099999999999,inf,267.401,267.401
455,T1,BESTEFFORT,COMPLETED,m8-1,117.669,"{'m1-1': 102.22, 'm2-1': 1.0, 'm3-1': 1.04, 'm4-1': 115.17, 'm5-1': 1.01, 'm6-1': 101.01, 'm7-1': 1.01, 'm8-1': 1.04}",1.56,117.669,118.709,inf,267.669,267.669
456,T2,BESTEFFORT,ARRIVING,m1-1,118.405,"{'m1-1': 104.39, 'm2-1': 1.18, 'm3-1': 1.06, 'm4-1': 99.9, 'm5-1': 1.11, 'm6-1': 112.2, 'm7-1': 1.01, 'm8-1': 1.03}",0.0,inf,inf,inf,268.405,268.405
457,T1,BESTEFFORT,COMPLETED,m2-1,118.72,"{'m1-1': 116.0, 'm2-1': 0.98, 'm3-1': 1.04, 'm4-1': 114.25, 'm5-1': 1.0, 'm6-1': 96.7, 'm7-1': 1.04, 'm8-1': 1.14}",1.47,118.72,119.7,inf,268.72,268.72
458,T4,BESTEFFORT,COMPLETED,m3-1,119.017,"{'m1-1': 100.1, 'm2-1': 1.12, 'm3-1': 1.04, 'm4-1': 105.42, 'm5-1': 1.05, 'm6-1': 107.35, 'm7-1': 1.08, 'm8-1': 1.09}",1.56,119.017,120.057,inf,269.017,269.017
459,T3,BESTEFFORT,ARRIVING,m4-1,119.122,"{'m1-1': 110.0, 'm2-1': 1.08, 'm3-1': 1.07, 'm4-1': 98.89, 'm5-1': 0.94, 'm6-1': 110.55, 'm7-1': 1.16, 'm8-1': 1.07}",0.0,inf,inf,inf,269.122,269.122
460,T1,BESTEFFORT,COMPLETED,m5-1,120.819,"{'m1-1': 113.25, 'm2-1': 1.13, 'm3-1': 1.11, 'm4-1': 119.1, 'm5-1': 1.1, 'm6-1': 95.63, 'm7-1': 0.92, 'm8-1': 1.04}",1.6500000000000001,120.819,121.919,inf,270.819,270.819
461,T4,BESTEFFORT,ARRIVING,m6-1,121.076,"{'m1-1': 105.95, 'm2-1': 1.04, 'm3-1': 1.07, 'm4-1': 113.1, 'm5-1': 1.0, 'm6-1': 105.1, 'm7-1': 1.04, 'm8-1': 1.04}",0.0,inf,inf,inf,271.076,271.076
462,T1,BESTEFFORT,COMPLETED,m7-1,121.107,"{'m1-1': 103.32, 'm2-1': 0.99, 'm3-1': 1.12, 'm4-1': 109.16, 'm5-1': 1.06, 'm6-1': 102.0, 'm7-1': 1.09, 'm8-1': 0.99}",1.6350000000000002,121.107,122.197,inf,271.10699999999997,271.10699999999997
463,T4,BESTEFFORT,COMPLETED,m8-1,121.255,"{'m1-1': 106.53, 'm2-1': 1.07, 'm3-1': 1.09, 'm4-1': 103.05, 'm5-1': 1.09, 'm6-1': 109.43, 'm7-1': 1.06, 'm8-1': 1.01}",1.5150000000000001,121.255,122.265,inf,271.255,271.255
464,T4,BESTEFFORT,ARRIVING,m1-1,121.997,"{'m1-1': 93.44, 'm2-1': 1.06, 'm3-1': 1.03, 'm4-1': 106.56, 'm5-1': 1.04, 'm6-1': 103.88, 'm7-1': 0.97, 'm8-1': 1.06}",0.0,inf,inf,inf,271.997,271.997
465,T3,BESTEFFORT,COMPLETED,m2-1,122.002,"{'m1-1': 94.1, 'm2-1': 1.02, 'm3-1': 1.12, 'm4-1': 99.85, 'm5-1': 1.1, 'm6-1': 106.44, 'm7-1': 1.07, 'm8-1': 1.1}",1.53,122.002,123.02199999999999,inf,272.002,272.002
466,T3,BESTEFFORT,COMPLETED,m3-1,122.27,"{'m1-1': 106.09, 'm2-1': 1.0, 'm3-1': 1.03, 'm4-1': 111.82, 'm5-1': 1.05, 'm6-1': 101.89, 'm7-1': 1.01, 'm8-1': 1.1}",1.545,122.27,123.3,inf,272.27,272.27
467,T1,BESTEFFORT,ARRIVING,m4-1,123.558,"{'m1-1': 115.47, 'm2-1': 1.11, 'm3-1': 1.04, 'm4-1': 117.4, 'm5-1': 1.02, 'm6-1': 96.36, 'm7-1': 0.99, 'm8-1': 1.05}",0.0,inf,inf,inf,273.558,273.558
468,T4,BESTEFFORT,COMPLETED,m5-1,123.76,"{'m1-1': 91.84, 'm2-1': 1.1, 'm3-1': 1.02, 'm4-1': 108.99, 'm5-1': 1.03, 'm6-1': 99.03, 'm7-1': 1.12, 'm8-1': 0.95}",1.545,123.76,124.79,inf,273.76,273.76
469,T4,BESTEFFORT,ARRIVING,m6-1,124.428,"{'m1-1': 92.56, 'm2-1': 1.08, 'm3-1': 0.96, 'm4-1': 110.42, 'm5-1': 1.08, 'm6-1': 103.06, 'm7-1': 0.98, 'm8-1': 0.96}",0.0,inf,inf,inf,274.428,274.428
470,T4,BESTEFFORT,COMPLETED,m7-1,124.661,"{'m1-1': 99.89, 'm2-1': 1.12, 'm3-1': 0.97, 'm4-1': 100.8, 'm5-1': 1.14, 'm6-1': 100.6, 'm7-1': 1.01, 'm8-1': 1.02}",1.5150000000000001,124.661,125.671,inf,274.661,274.661
471,T4,BESTEFFORT,COMPLETED,m8-1,125.658,"{'m1-1': 107.4, 'm2-1': 1.11, 'm3-1': 1.06, 'm4-1': 111.9, 'm5-1': 1.0, 'm6-1': 114.62, 'm7-1': 1.1, 'm8-1': 1.0}",1.5,125.658,126.658,inf,275.658,275.658
472,T4,BESTEFFORT,ARRIVING,m1-1,126.083,"{'m1-1': 101.11, 'm2-1': 1.05, 'm3-1': 1.13, 'm4-1': 106.47, 'm5-1': 1.09, 'm6-1': 116.09, 'm7-1': 1.01, 'm8-1': 1.08}",0.0,inf,inf,inf,276.08299999999997,276.08299999999997
473,T1,BESTEFFORT,COMPLETED,m2-1,126.736,"{'m1-1': 111.93, 'm2-1': 0.99, 'm3-1': 1.1, 'm4-1': 119.28, 'm5-1': 1.08, 'm6-1': 99.52, 'm7-1': 1.03, 'm8-1': 1.06}",1.4849999999999999,126.736,127.726,inf,276.736,276.736
474,T1,BESTEFFORT,COMPLETED,m3-1,127.543,"{'m1-1': 103.13, 'm2-1': 1.12, 'm3-1': 1.06, 'm4-1': 113.08, 'm5-1': 1.04, 'm6-1': 101.65, 'm7-1': 1.08, 'm8-1': 1.1}",1.59,127.543,128.603,inf,277.543,277.543
475,T4,BESTEFFORT,ARRIVING,m4-1,127.573,"{'m1-1': 93.84, 'm2-1': 0.99, 'm3-1': 1.12, 'm4-1': 105.42, 'm5-1': 1.1, 'm6-1': 112.88, 'm7-1': 1.13, 'm8-1': 1.01}",0.0,inf,inf,inf,277.573,277.573
476,T4,BESTEFFORT,COMPLETED,m5-1,128.329,"{'m1-1': 92.19, 'm2-1': 1.01, 'm3-1': 1.11, 'm4-1': 99.89, 'm5-1': 1.1, 'm6-1': 110.78, 'm7-1': 1.07, 'm8-1': 1.08}",1.6500000000000001,128.329,129.429,inf,278.329,278.329
477,T4,BESTEFFORT,ARRIVING,m6-1,128.829,"{'m1-1': 93.8, 'm2-1': 1.03, 'm3-1': 0.96, 'm4-1': 102.2, 'm5-1': 1.13, 'm6-1': 113.88, 'm7-1': 0.97, 'm8-1': 0.98}",0.0,inf,inf,inf,278.829,278.829
478,T1,BESTEFFORT,COMPLETED,m7-1,128.896,"{'m1-1': 111.54, 'm2-1': 1.12, 'm3-1': 0.96, 'm4-1': 107.82, 'm5-1': 0.99, 'm6-1': 110.52, 'm7-1': 1.02, 'm8-1': 1.06}",1.53,128.896,129.916,inf,278.89599999999996,278.89599999999996
479,T4,BESTEFFORT,COMPLETED,m8-1,129.376,"{'m1-1': 103.61, 'm2-1': 1.01, 'm3-1': 0.96, 'm4-1': 101.89, 'm5-1': 1.12, 'm6-1': 112.04, 'm7-1': 1.12, 'm8-1': 1.02}",1.53,129.376,130.39600000000002,inf,279.376,279.376
480,T4,BESTEFFORT,ARRIVING,m1-1,129.69,"{'m1-1': 92.99, 'm2-1': 1.07, 'm3-1': 1.01, 'm4-1': 109.78, 'm5-1': 1.03, 'm6-1': 115.26, 'm7-1': 1.08, 'm8-1': 0.99}",0.0,inf,inf,inf,279.69,279.69
481,T4,BESTEFFORT,COMPLETED,m2-1,130.066,"{'m1-1': 98.07, 'm2-1': 1.03, 'm3-1': 1.05, 'm4-1': 110.02, 'm5-1': 1.06, 'm6-1': 99.48, 'm7-1': 1.09, 'm8-1': 1.0}",1.545,130.066,131.096,inf,280.06600000000003,280.06600000000003
482,T4,BESTEFFORT,COMPLETED,m3-1,131.206,"{'m1-1': 99.07, 'm2-1': 1.05, 'm3-1': 1.11, 'm4-1': 111.98, 'm5-1': 1.08, 'm6-1': 107.99, 'm7-1': 1.08, 'm8-1': 1.02}",1.665,131.206,132.316,inf,281.206,281.206
483,T4,BESTEFFORT,ARRIVING,m4-1,131.94,"{'m1-1': 98.72, 'm2-1': 1.02, 'm3-1': 0.99, 'm4-1': 103.0, 'm5-1': 1.04, 'm6-1': 99.15, 'm7-1': 1.08, 'm8-1': 1.09}",0.0,inf,inf,inf,281.94,281.94
484,T4,BESTEFFORT,COMPLETED,m5-1,131.944,"{'m1-1': 92.74, 'm2-1': 1.0, 'm3-1': 1.12, 'm4-1': 110.41, 'm5-1': 1.05, 'm6-1': 101.8, 'm7-1': 1.06, 'm8-1': 0.98}",1.5750000000000002,131.944,132.994,inf,281.94399999999996,281.94399999999996
485,T1,BESTEFFORT,ARRIVING,m6-1,133.253,"{'m1-1': 117.1, 'm2-1': 1.1, 'm3-1': 1.09, 'm4-1': 115.38, 'm5-1': 0.99, 'm6-1': 100.16, 'm7-1': 1.01, 'm8-1': 1.15}",0.0,inf,inf,inf,283.253,283.253
486,T1,BESTEFFORT,COMPLETED,m7-1,133.624,"{'m1-1': 110.25, 'm2-1': 0.97, 'm3-1': 1.09, 'm4-1': 105.43, 'm5-1': 1.08, 'm6-1': 101.01, 'm7-1': 0.98, 'm8-1': 1.09}",1.47,133.624,134.60399999999998,inf,283.624,283.624
487,T4,BESTEFFORT,COMPLETED,m8-1,134.316,"{'m1-1': 97.49, 'm2-1': 0.97, 'm3-1': 1.05, 'm4-1': 111.88, 'm5-1': 1.13, 'm6-1': 113.49, 'm7-1': 0.95, 'm8-1': 1.05}",1.5750000000000002,134.316,135.366,inf,284.31600000000003,284.31600000000003
488,T1,BESTEFFORT,ARRIVING,m1-1,134.695,"{'m1-1': 113.07, 'm2-1': 1.02, 'm3-1': 0.97, 'm4-1': 108.02, 'm5-1': 0.96, 'm6-1': 98.82, 'm7-1': 0.95, 'm8-1': 0.99}",0.0,inf,inf,inf,284.695,284.695
489,T4,BESTEFFORT,COMPLETED,m2-1,135.279,"{'m1-1': 107.73, 'm2-1': 1.09, 'm3-1': 1.1, 'm4-1': 110.41, 'm5-1': 1.15, 'm6-1': 110.48, 'm7-1': 1.02, 'm8-1': 0.99}",1.6350000000000002,135.279,136.369,inf,285.279,285.279
490,T1,BESTEFFORT,COMPLETED,m3-1,136.328,"{'m1-1': 104.11, 'm2-1': 1.02, 'm3-1': 1.1, 'm4-1': 111.55, 'm5-1': 0.98, 'm6-1': 102.55, 'm7-1': 1.07, 'm8-1': 1.16}",1.6500000000000001,136.328,137.428,inf,286.328,286.328
491,T4,BESTEFFORT,ARRIVING,m4-1,136.343,"{'m1-1': 96.14, 'm2-1': 1.09, 'm3-1': 0.98, 'm4-1': 107.17, 'm5-1': 1.02, 'm6-1': 110.8, 'm7-1': 0.99, 'm8-1': 1.04}",0.0,inf,inf,inf,286.34299999999996,286.34299999999996
492,T1,BESTEFFORT,COMPLETED,m5-1,136.47,"{'m1-1': 104.19, 'm2-1': 1.08, 'm3-1': 1.06, 'm4-1': 117.28, 'm5-1': 0.97, 'm6-1': 95.6, 'm7-1': 1.06, 'm8-1': 1.03}",1.455,136.47,137.44,inf,286.47,286.47
493,T1,BESTEFFORT,ARRIVING,m6-1,136.778,"{'m1-1': 104.98, 'm2-1': 1.11, 'm3-1': 1.0, 'm4-1': 110.28, 'm5-1': 1.12, 'm6-1': 99.62, 'm7-1': 1.04, 'm8-1': 1.01}",0.0,inf,inf,inf,286.778,286.778
494,T4,BESTEFFORT,COMPLETED,m7-1,137.117,"{'m1-1': 92.99, 'm2-1': 1.08, 'm3-1': 1.1, 'm4-1': 105.56, 'm5-1': 1.09, 'm6-1': 104.86, 'm7-1': 0.95, 'm8-1': 1.07}",1.4249999999999998,137.117,138.06699999999998,inf,287.11699999999996,287.11699999999996
495,T1,BESTEFFORT,COMPLETED,m8-1,137.184,"{'m1-1': 108.99, 'm2-1': 1.1, 'm3-1': 1.02, 'm4-1': 118.01, 'm5-1': 1.05, 'm6-1': 96.88, 'm7-1': 1.01, 'm8-1': 1.11}",1.665,137.184,138.294,inf,287.18399999999997,287.18399999999997
496,T1,BESTEFFORT,ARRIVING,m1-1,137.514,"{'m1-1': 109.86, 'm2-1': 1.05, 'm3-1': 1.09, 'm4-1': 101.96, 'm5-1': 1.03, 'm6-1': 111.11, 'm7-1': 1.07, 'm8-1': 1.14}",0.0,inf,inf,inf,287.514,287.514
497,T1,BESTEFFORT,COMPLETED,m2-1,138.133,"{'m1-1': 101.91, 'm2-1': 1.05, 'm3-1': 1.11, 'm4-1': 113.61, 'm5-1': 0.94, 'm6-1': 107.51, 'm7-1': 1.08, 'm8-1': 0.98}",1.5750000000000002,138.133,139.18300000000002,inf,288.13300000000004,288.13300000000004
498,T4,BESTEFFORT,COMPLETED,m3-1,138.524,"{'m1-1': 94.21, 'm2-1': 1.0, 'm3-1': 1.08, 'm4-1': 113.52, 'm5-1': 1.02, 'm6-1': 114.48, 'm7-1': 1.07, 'm8-1': 1.04}",1.62,138.524,139.604,inf,288.524,288.524
499,T4,BESTEFFORT,ARRIVING,m4-1,138.885,"{'m1-1': 100.06, 'm2-1': 0.98, 'm3-1': 1.11, 'm4-1': 113.56, 'm5-1': 1.16, 'm6-1': 105.1, 'm7-1': 0.99, 'm8-1': 0.99}",0.0,inf,inf,inf,288.885,288.885
