id,type,urgency,status,assigned_machine,arrival_time,execution_time,energy_usage,start_time,completion_time,missed_time,deadline,extended_deadline
0,T3,BESTEFFORT,COMPLETED,m8-1,0.211,"{'m1-1': 11.14, 'm2-1': 97.72, 'm3-1': 99.89, 'm4-1': 97.93, 'm5-1': 10.02, 'm6-1': 9.99, 'm7-1': 109.52, 'm8-1': 0.97}",1.455,0.211,1.181,inf,150.211,150.211
1,T3,BESTEFFORT,COMPLETED,m8-1,0.363,"{'m1-1': 11.32, 'm2-1': 101.77, 'm3-1': 100.97, 'm4-1': 109.2, 'm5-1': 11.21, 'm6-1': 10.42, 'm7-1': 105.39, 'm8-1': 1.06}",1.59,1.181,2.241,inf,150.363,150.363
2,T1,BESTEFFORT,COMPLETED,m8-1,0.748,"{'m1-1': 10.68, 'm2-1': 106.54, 'm3-1': 112.46, 'm4-1': 113.32, 'm5-1': 10.22, 'm6-1': 10.3, 'm7-1': 104.7, 'm8-1': 1.02}",1.53,2.241,3.261,inf,150.748,150.748
3,T3,BESTEFFORT,COMPLETED,m8-1,1.647,"{'m1-1': 9.83, 'm2-1': 112.0, 'm3-1': 105.83, 'm4-1': 99.42, 'm5-1': 11.15, 'm6-1': 10.88, 'm7-1': 99.72, 'm8-1': 1.03}",1.545,3.261,4.291,inf,151.647,151.647
4,T2,BESTEFFORT,COMPLETED,m8-1,1.734,"{'m1-1': 10.43, 'm2-1': 104.03, 'm3-1': 97.77, 'm4-1': 110.99, 'm5-1': 10.17, 'm6-1': 11.66, 'm7-1': 101.32, 'm8-1': 1.05}",1.5750000000000002,4.291,5.341,inf,151.734,151.734
5,T2,BESTEFFORT,COMPLETED,m8-1,2.278,"{'m1-1': 10.63, 'm2-1': 105.93, 'm3-1': 112.54, 'm4-1': 102.23, 'm5-1': 11.5, 'm6-1': 11.11, 'm7-1': 106.36, 'm8-1': 1.09}",1.6350000000000002,5.341,6.431,inf,152.278,152.278
6,T1,BESTEFFORT,COMPLETED,m5-1,2.508,"{'m1-1': 10.7, 'm2-1': 106.08, 'm3-1': 104.14, 'm4-1': 106.75, 'm5-1': 9.38, 'm6-1': 10.62, 'm7-1': 107.01, 'm8-1': 1.08}",14.07,2.508,11.888000000000002,inf,152.508,152.508
7,T4,BESTEFFORT,COMPLETED,m6-1,2.712,"{'m1-1': 9.84, 'm2-1': 102.92, 'm3-1': 109.27, 'm4-1': 100.59, 'm5-1': 10.26, 'm6-1': 10.38, 'm7-1': 107.64, 'm8-1': 1.01}",15.57,2.712,13.092,inf,152.712,152.712
8,T4,BESTEFFORT,COMPLETED,m1-1,3.176,"{'m1-1': 10.75, 'm2-1': 113.43, 'm3-1': 103.36, 'm4-1': 102.79, 'm5-1': 10.25, 'm6-1': 11.5, 'm7-1': 99.16, 'm8-1': 1.08}",16.125,3.176,13.926,inf,153.176,153.176
9,T3,BESTEFFORT,COMPLETED,m8-1,3.651,"{'m1-1': 11.06, 'm2-1': 100.68, 'm3-1': 93.55, 'm4-1': 110.44, 'm5-1': 9.78, 'm6-1': 10.25, 'm7-1': 100.13, 'm8-1': 1.08}",1.62,6.431,7.511,inf,153.651,153.651
10,T3,BESTEFFORT,COMPLETED,m5-1,3.923,"{'m1-1': 11.24, 'm2-1': 109.88, 'm3-1': 95.66, 'm4-1': 96.76, 'm5-1': 10.04, 'm6-1': 10.59, 'm7-1': 96.9, 'm8-1': 1.06}",15.059999999999999,11.888000000000002,21.928,inf,153.923,153.923
11,T3,BESTEFFORT,COMPLETED,m6-1,4.264,"{'m1-1': 11.24, 'm2-1': 107.13, 'm3-1': 95.42, 'm4-1': 96.66, 'm5-1': 10.33, 'm6-1': 10.96, 'm7-1': 106.0, 'm8-1': 1.02}",16.44,13.092,24.052,inf,154.264,154.264
12,T1,BESTEFFORT,COMPLETED,m8-1,4.536,"{'m1-1': 9.45, 'm2-1': 103.07, 'm3-1': 100.09, 'm4-1': 117.08, 'm5-1': 9.74, 'm6-1': 10.93, 'm7-1': 95.76, 'm8-1': 1.04}",1.56,7.511,8.551,inf,154.536,154.536
13,T2,BESTEFFORT,COMPLETED,m1-1,4.558,"{'m1-1': 10.22, 'm2-1': 104.19, 'm3-1': 110.03, 'm4-1': 104.14, 'm5-1': 10.97, 'm6-1': 11.66, 'm7-1': 98.36, 'm8-1': 1.02}",15.330000000000002,13.926,24.146,inf,154.558,154.558
14,T1,BESTEFFORT,COMPLETED,m5-1,4.806,"{'m1-1': 10.64, 'm2-1': 114.33, 'm3-1': 107.25, 'm4-1': 107.63, 'm5-1': 10.01, 'm6-1': 11.35, 'm7-1': 101.43, 'm8-1': 0.99}",15.015,21.928,31.938000000000002,inf,154.806,154.806
15,T2,BESTEFFORT,COMPLETED,m6-1,4.809,"{'m1-1': 10.66, 'm2-1': 107.84, 'm3-1': 105.43, 'm4-1': 103.57, 'm5-1': 10.82, 'm6-1': 10.68, 'm7-1': 98.83, 'm8-1': 1.13}",16.02,24.052,34.732,inf,154.809,154.809
16,T3,BESTEFFORT,COMPLETED,m1-1,5.262,"{'m1-1': 10.72, 'm2-1': 112.1, 'm3-1': 100.08, 'm4-1': 106.46, 'm5-1': 10.52, 'm6-1': 10.42, 'm7-1': 101.67, 'm8-1': 0.97}",16.080000000000002,24.146,34.866,inf,155.262,155.262
17,T1,BESTEFFORT,COMPLETED,m8-1,5.872,"{'m1-1': 10.06, 'm2-1': 102.08, 'm3-1': 98.6, 'm4-1': 101.69, 'm5-1': 9.3, 'm6-1': 10.53, 'm7-1': 108.66, 'm8-1': 1.11}",1.665,8.551,9.661,inf,155.872,155.872
18,T3,BESTEFFORT,COMPLETED,m5-1,6.313,"{'m1-1': 11.15, 'm2-1': 113.76, 'm3-1': 99.59, 'm4-1': 109.04, 'm5-1': 10.98, 'm6-1': 9.57, 'm7-1': 103.33, 'm8-1': 1.04}",16.47,31.938000000000002,42.918000000000006,inf,156.313,156.313
19,T1,BESTEFFORT,COMPLETED,m6-1,6.362,"{'m1-1': 9.79, 'm2-1': 104.77, 'm3-1': 100.63, 'm4-1': 117.29, 'm5-1': 10.03, 'm6-1': 10.88, 'm7-1': 102.9, 'm8-1': 1.04}",16.32,34.732,45.612,inf,156.362,156.362
20,T3,BESTEFFORT,COMPLETED,m8-1,6.69,"{'m1-1': 10.07, 'm2-1': 97.96, 'm3-1': 104.36, 'm4-1': 111.29, 'm5-1': 9.85, 'm6-1': 10.23, 'm7-1': 114.2, 'm8-1': 1.06}",1.59,9.661,10.721,inf,156.69,156.69
21,T4,BESTEFFORT,COMPLETED,m1-1,7.049,"{'m1-1': 10.63, 'm2-1': 101.9, 'm3-1': 113.55, 'm4-1': 101.53, 'm5-1': 10.03, 'm6-1': 11.65, 'm7-1': 105.63, 'm8-1': 1.0}",15.945,34.866,45.496,inf,157.049,157.049
22,T1,BESTEFFORT,COMPLETED,m8-1,7.947,"{'m1-1': 9.7, 'm2-1': 101.4, 'm3-1': 98.68, 'm4-1': 116.48, 'm5-1': 10.71, 'm6-1': 10.3, 'm7-1': 95.43, 'm8-1': 1.13}",1.6949999999999998,10.721,11.850999999999999,inf,157.947,157.947
23,T2,BESTEFFORT,COMPLETED,m2-1,8.257,"{'m1-1': 11.42, 'm2-1': 93.4, 'm3-1': 102.78, 'm4-1': 105.62, 'm5-1': 11.14, 'm6-1': 10.31, 'm7-1': 105.09, 'm8-1': 0.98}",140.10000000000002,8.257,101.65700000000001,inf,158.257,158.257
24,T1,BESTEFFORT,COMPLETED,m7-1,8.373,"{'m1-1': 9.52, 'm2-1': 104.51, 'm3-1': 99.59, 'm4-1': 113.05, 'm5-1': 9.19, 'm6-1': 10.29, 'm7-1': 112.65, 'm8-1': 1.02}",168.97500000000002,8.373,121.02300000000001,inf,158.373,158.373
25,T1,BESTEFFORT,COMPLETED,m8-1,8.577,"{'m1-1': 9.88, 'm2-1': 98.64, 'm3-1': 101.57, 'm4-1': 114.63, 'm5-1': 10.23, 'm6-1': 11.03, 'm7-1': 111.86, 'm8-1': 1.09}",1.6350000000000002,11.850999999999999,12.940999999999999,inf,158.577,158.577
26,T4,BESTEFFORT,COMPLETED,m4-1,8.622,"{'m1-1': 9.78, 'm2-1': 102.45, 'm3-1': 108.02, 'm4-1': 106.85, 'm5-1': 10.03, 'm6-1': 11.31, 'm7-1': 111.61, 'm8-1': 1.07}",160.27499999999998,8.622,115.472,inf,158.622,158.622
27,T1,BESTEFFORT,COMPLETED,m3-1,8.669,"{'m1-1': 9.43, 'm2-1': 103.3, 'm3-1': 102.41, 'm4-1': 106.84, 'm5-1': 10.46, 'm6-1': 10.2, 'm7-1': 111.53, 'm8-1': 1.1}",153.615,8.669,111.079,inf,158.669,158.669
28,T4,BESTEFFORT,MISSED,m2-1,8.804,"{'m1-1': 10.34, 'm2-1': 113.78, 'm3-1': 105.63, 'm4-1': 105.6, 'm5-1': 11.19, 'm6-1': 9.95, 'm7-1': 102.03, 'm8-1': 1.08}",85.72049999999999,101.65700000000001,inf,158.804,158.804,158.804
29,T1,BESTEFFORT,MISSED,m3-1,8.829,"{'m1-1': 9.86, 'm2-1': 106.47, 'm3-1': 99.83, 'm4-1': 110.68, 'm5-1': 10.34, 'm6-1': 11.03, 'm7-1': 96.61, 'm8-1': 0.99}",71.62500000000003,111.079,inf,158.829,158.829,158.829
30,T1,BESTEFFORT,MISSED,m7-1,8.859,"{'m1-1': 10.85, 'm2-1': 109.73, 'm3-1': 111.36, 'm4-1': 111.25, 'm5-1': 10.74, 'm6-1': 11.53, 'm7-1': 113.0, 'm8-1': 1.06}",56.754,121.02300000000001,inf,158.859,158.859,158.859
31,T2,BESTEFFORT,MISSED,m4-1,9.045,"{'m1-1': 10.24, 'm2-1': 105.59, 'm3-1': 97.98, 'm4-1': 102.1, 'm5-1': 10.45, 'm6-1': 10.31, 'm7-1': 110.52, 'm8-1': 1.06}",65.3595,115.472,inf,159.045,159.045,159.045
32,T4,BESTEFFORT,MISSED,m2-1,9.08,"{'m1-1': 10.24, 'm2-1': 113.33, 'm3-1': 110.97, 'm4-1': 107.11, 'm5-1': 11.36, 'm6-1': 10.29, 'm7-1': 100.9, 'm8-1': 1.02}",0.4140000000000157,158.804,inf,159.08,159.08,159.08
33,T1,BESTEFFORT,MISSED,m3-1,9.391,"{'m1-1': 9.47, 'm2-1': 111.29, 'm3-1': 108.96, 'm4-1': 103.59, 'm5-1': 9.76, 'm6-1': 10.1, 'm7-1': 111.03, 'm8-1': 0.97}",0.8429999999999751,158.829,inf,159.391,159.391,159.391
34,T4,BESTEFFORT,COMPLETED,m8-1,9.858,"{'m1-1': 10.79, 'm2-1': 98.93, 'm3-1': 102.52, 'm4-1': 105.78, 'm5-1': 11.47, 'm6-1': 11.73, 'm7-1': 97.44, 'm8-1': 1.0}",1.5,12.940999999999999,13.940999999999999,inf,159.858,159.858
35,T3,BESTEFFORT,MISSED,m7-1,10.56,"{'m1-1': 10.42, 'm2-1': 109.64, 'm3-1': 99.52, 'm4-1': 109.38, 'm5-1': 9.89, 'm6-1': 10.05, 'm7-1': 100.53, 'm8-1': 1.01}",2.55149999999999,158.859,inf,160.56,160.56,160.56
36,T2,BESTEFFORT,COMPLETED,m8-1,10.817,"{'m1-1': 11.31, 'm2-1': 106.78, 'm3-1': 111.58, 'm4-1': 100.52, 'm5-1': 11.29, 'm6-1': 10.94, 'm7-1': 108.37, 'm8-1': 0.99}",1.4849999999999999,13.940999999999999,14.931,inf,160.817,160.817
37,T1,BESTEFFORT,MISSED,m7-1,10.951,"{'m1-1': 10.82, 'm2-1': 106.96, 'm3-1': 98.52, 'm4-1': 105.2, 'm5-1': 10.28, 'm6-1': 10.02, 'm7-1': 107.52, 'm8-1': 0.97}",0.5864999999999867,160.56,inf,160.951,160.951,160.951
38,T4,BESTEFFORT,MISSED,m4-1,11.04,"{'m1-1': 10.43, 'm2-1': 104.76, 'm3-1': 113.13, 'm4-1': 97.65, 'm5-1': 10.44, 'm6-1': 11.59, 'm7-1': 111.27, 'm8-1': 1.12}",2.992500000000007,159.045,inf,161.04,161.04,161.04
39,T4,BESTEFFORT,MISSED,m2-1,11.124,"{'m1-1': 10.6, 'm2-1': 107.5, 'm3-1': 117.25, 'm4-1': 100.37, 'm5-1': 10.96, 'm6-1': 10.04, 'm7-1': 98.24, 'm8-1': 1.02}",3.065999999999974,159.08,inf,161.124,161.124,161.124
40,T1,BESTEFFORT,MISSED,m3-1,11.395,"{'m1-1': 9.54, 'm2-1': 103.07, 'm3-1': 104.76, 'm4-1': 113.34, 'm5-1': 9.3, 'm6-1': 10.82, 'm7-1': 108.43, 'm8-1': 0.98}",3.0060000000000286,159.391,inf,161.395,161.395,161.395
41,T4,BESTEFFORT,MISSED,m4-1,11.6,"{'m1-1': 10.47, 'm2-1': 101.73, 'm3-1': 109.99, 'm4-1': 108.28, 'm5-1': 10.65, 'm6-1': 11.25, 'm7-1': 102.41, 'm8-1': 1.08}",0.8400000000000034,161.04,inf,161.6,161.6,161.6
42,T3,BESTEFFORT,COMPLETED,m8-1,11.988,"{'m1-1': 11.08, 'm2-1': 106.42, 'm3-1': 96.42, 'm4-1': 110.87, 'm5-1': 9.88, 'm6-1': 9.64, 'm7-1': 109.1, 'm8-1': 1.02}",1.53,14.931,15.950999999999999,inf,161.988,161.988
43,T1,BESTEFFORT,COMPLETED,m5-1,12.023,"{'m1-1': 10.42, 'm2-1': 111.28, 'm3-1': 112.56, 'm4-1': 114.24, 'm5-1': 10.27, 'm6-1': 11.38, 'm7-1': 100.64, 'm8-1': 0.99}",15.405,42.918000000000006,53.188,inf,162.023,162.023
44,T3,BESTEFFORT,COMPLETED,m8-1,12.362,"{'m1-1': 10.58, 'm2-1': 111.93, 'm3-1': 93.59, 'm4-1': 110.29, 'm5-1': 11.48, 'm6-1': 10.55, 'm7-1': 101.95, 'm8-1': 1.09}",1.6350000000000002,15.950999999999999,17.041,inf,162.362,162.362
45,T3,BESTEFFORT,COMPLETED,m6-1,12.829,"{'m1-1': 11.25, 'm2-1': 100.2, 'm3-1': 106.89, 'm4-1': 105.51, 'm5-1': 10.52, 'm6-1': 10.47, 'm7-1': 99.99, 'm8-1': 1.01}",15.705000000000002,45.612,56.082,inf,162.829,162.829
46,T4,BESTEFFORT,COMPLETED,m1-1,12.844,"{'m1-1': 9.73, 'm2-1': 106.0, 'm3-1': 102.02, 'm4-1': 98.72, 'm5-1': 11.58, 'm6-1': 10.13, 'm7-1': 111.3, 'm8-1': 1.07}",14.595,45.496,55.226,inf,162.844,162.844
47,T4,BESTEFFORT,COMPLETED,m8-1,13.479,"{'m1-1': 10.21, 'm2-1': 109.56, 'm3-1': 107.38, 'm4-1': 102.8, 'm5-1': 10.13, 'm6-1': 11.73, 'm7-1': 97.32, 'm8-1': 1.08}",1.62,17.041,18.121000000000002,inf,163.47899999999998,163.47899999999998
48,T2,BESTEFFORT,COMPLETED,m8-1,13.595,"{'m1-1': 11.6, 'm2-1': 93.98, 'm3-1': 96.44, 'm4-1': 103.88, 'm5-1': 11.48, 'm6-1': 11.66, 'm7-1': 109.99, 'm8-1': 1.06}",1.59,18.121000000000002,19.181,inf,163.595,163.595
49,T3,BESTEFFORT,COMPLETED,m8-1,14.137,"{'m1-1': 10.84, 'm2-1': 102.41, 'm3-1': 92.05, 'm4-1': 110.74, 'm5-1': 10.24, 'm6-1': 11.05, 'm7-1': 99.6, 'm8-1': 0.95}",1.4249999999999998,19.181,20.131,inf,164.137,164.137
50,T4,BESTEFFORT,COMPLETED,m8-1,15.126,"{'m1-1': 10.1, 'm2-1': 101.79, 'm3-1': 111.27, 'm4-1': 102.45, 'm5-1': 10.06, 'm6-1': 10.79, 'm7-1': 111.15, 'm8-1': 1.13}",1.6949999999999998,20.131,21.261,inf,165.126,165.126
51,T1,BESTEFFORT,COMPLETED,m8-1,15.254,"{'m1-1': 10.33, 'm2-1': 114.46, 'm3-1': 100.58, 'm4-1': 107.82, 'm5-1': 9.31, 'm6-1': 10.23, 'm7-1': 103.43, 'm8-1': 0.97}",1.455,21.261,22.230999999999998,inf,165.254,165.254
52,T3,BESTEFFORT,COMPLETED,m8-1,15.469,"{'m1-1': 10.94, 'm2-1': 108.35, 'm3-1': 102.57, 'm4-1': 110.57, 'm5-1': 11.48, 'm6-1': 9.9, 'm7-1': 104.78, 'm8-1': 0.96}",1.44,22.230999999999998,23.191,inf,165.469,165.469
53,T2,BESTEFFORT,COMPLETED,m8-1,15.547,"{'m1-1': 10.67, 'm2-1': 93.41, 'm3-1': 102.02, 'm4-1': 98.7, 'm5-1': 11.1, 'm6-1': 10.86, 'm7-1': 97.56, 'm8-1': 0.96}",1.44,23.191,24.151,inf,165.547,165.547
54,T3,BESTEFFORT,COMPLETED,m8-1,15.614,"{'m1-1': 11.31, 'm2-1': 101.71, 'm3-1': 94.06, 'm4-1': 103.73, 'm5-1': 10.0, 'm6-1': 10.36, 'm7-1': 111.28, 'm8-1': 1.03}",1.545,24.151,25.181,inf,165.614,165.614
55,T4,BESTEFFORT,COMPLETED,m5-1,15.875,"{'m1-1': 9.94, 'm2-1': 105.79, 'm3-1': 117.1, 'm4-1': 103.56, 'm5-1': 11.48, 'm6-1': 11.72, 'm7-1': 112.15, 'm8-1': 0.98}",17.22,53.188,64.668,inf,165.875,165.875
56,T3,BESTEFFORT,COMPLETED,m8-1,15.991,"{'m1-1': 10.43, 'm2-1': 101.6, 'm3-1': 101.81, 'm4-1': 105.34, 'm5-1': 9.96, 'm6-1': 10.41, 'm7-1': 99.91, 'm8-1': 0.99}",1.4849999999999999,25.181,26.171,inf,165.99099999999999,165.99099999999999
57,T2,BESTEFFORT,COMPLETED,m8-1,16.252,"{'m1-1': 10.8, 'm2-1': 101.68, 'm3-1': 107.87, 'm4-1': 105.7, 'm5-1': 10.29, 'm6-1': 11.89, 'm7-1': 109.14, 'm8-1': 0.99}",1.4849999999999999,26.171,27.160999999999998,inf,166.252,166.252
58,T3,BESTEFFORT,COMPLETED,m6-1,16.764,"{'m1-1': 10.73, 'm2-1': 113.56, 'm3-1': 97.13, 'm4-1': 105.21, 'm5-1': 11.46, 'm6-1': 10.55, 'm7-1': 105.51, 'm8-1': 0.98}",15.825000000000001,56.082,66.632,inf,166.764,166.764
59,T3,BESTEFFORT,COMPLETED,m1-1,16.792,"{'m1-1': 10.64, 'm2-1': 100.15, 'm3-1': 105.28, 'm4-1': 107.24, 'm5-1': 11.03, 'm6-1': 9.62, 'm7-1': 99.24, 'm8-1': 0.96}",15.96,55.226,65.866,inf,166.792,166.792
60,T1,BESTEFFORT,COMPLETED,m8-1,16.954,"{'m1-1': 9.93, 'm2-1': 111.76, 'm3-1': 100.16, 'm4-1': 101.86, 'm5-1': 10.8, 'm6-1': 10.39, 'm7-1': 99.71, 'm8-1': 1.08}",1.62,27.160999999999998,28.241,inf,166.954,166.954
61,T3,BESTEFFORT,COMPLETED,m8-1,17.158,"{'m1-1': 10.4, 'm2-1': 109.42, 'm3-1': 93.48, 'm4-1': 97.93, 'm5-1': 11.07, 'm6-1': 10.78, 'm7-1': 110.15, 'm8-1': 1.04}",1.56,28.241,29.281,inf,167.15800000000002,167.15800000000002
62,T2,BESTEFFORT,COMPLETED,m8-1,17.602,"{'m1-1': 10.89, 'm2-1': 97.14, 'm3-1': 110.36, 'm4-1': 109.66, 'm5-1': 10.89, 'm6-1': 11.17, 'm7-1': 109.07, 'm8-1': 1.02}",1.53,29.281,30.301,inf,167.602,167.602
63,T2,BESTEFFORT,COMPLETED,m8-1,17.66,"{'m1-1': 11.24, 'm2-1': 101.02, 'm3-1': 102.04, 'm4-1': 113.7, 'm5-1': 10.69, 'm6-1': 10.93, 'm7-1': 95.82, 'm8-1': 1.06}",1.59,30.301,31.360999999999997,inf,167.66,167.66
64,T3,BESTEFFORT,COMPLETED,m8-1,17.75,"{'m1-1': 10.72, 'm2-1': 104.62, 'm3-1': 98.22, 'm4-1': 109.2, 'm5-1': 10.44, 'm6-1': 10.75, 'm7-1': 107.94, 'm8-1': 1.08}",1.62,31.360999999999997,32.440999999999995,inf,167.75,167.75
65,T1,BESTEFFORT,COMPLETED,m8-1,17.885,"{'m1-1': 10.91, 'm2-1': 109.92, 'm3-1': 107.94, 'm4-1': 101.04, 'm5-1': 10.01, 'm6-1': 11.56, 'm7-1': 105.92, 'm8-1': 1.13}",1.6949999999999998,32.440999999999995,33.571,inf,167.885,167.885
66,T3,BESTEFFORT,COMPLETED,m8-1,17.925,"{'m1-1': 10.57, 'm2-1': 107.39, 'm3-1': 92.75, 'm4-1': 107.24, 'm5-1': 11.26, 'm6-1': 10.04, 'm7-1': 100.98, 'm8-1': 1.03}",1.545,33.571,34.601,inf,167.925,167.925
67,T1,BESTEFFORT,COMPLETED,m8-1,17.962,"{'m1-1': 9.87, 'm2-1': 112.94, 'm3-1': 96.46, 'm4-1': 107.63, 'm5-1': 9.39, 'm6-1': 10.85, 'm7-1': 103.43, 'm8-1': 0.97}",1.455,34.601,35.571,inf,167.962,167.962
68,T2,BESTEFFORT,COMPLETED,m5-1,18.081,"{'m1-1': 11.48, 'm2-1': 105.16, 'm3-1': 97.04, 'm4-1': 114.8, 'm5-1': 10.8, 'm6-1': 11.34, 'm7-1': 107.65, 'm8-1': 1.07}",16.200000000000003,64.668,75.468,inf,168.081,168.081
69,T2,BESTEFFORT,COMPLETED,m8-1,18.52,"{'m1-1': 10.9, 'm2-1': 97.82, 'm3-1': 95.94, 'm4-1': 101.98, 'm5-1': 11.1, 'm6-1': 11.6, 'm7-1': 100.29, 'm8-1': 1.03}",1.545,35.571,36.601,inf,168.52,168.52
70,T2,BESTEFFORT,COMPLETED,m8-1,18.904,"{'m1-1': 10.94, 'm2-1': 98.11, 'm3-1': 102.0, 'm4-1': 98.16, 'm5-1': 11.04, 'm6-1': 10.94, 'm7-1': 112.98, 'm8-1': 1.05}",1.5750000000000002,36.601,37.650999999999996,inf,168.904,168.904
71,T4,BESTEFFORT,COMPLETED,m8-1,19.029,"{'m1-1': 10.5, 'm2-1': 115.14, 'm3-1': 104.21, 'm4-1': 107.11, 'm5-1': 10.94, 'm6-1': 10.99, 'm7-1': 104.41, 'm8-1': 1.02}",1.53,37.650999999999996,38.671,inf,169.029,169.029
72,T2,BESTEFFORT,COMPLETED,m6-1,19.107,"{'m1-1': 10.88, 'm2-1': 96.14, 'm3-1': 107.53, 'm4-1': 101.52, 'm5-1': 10.19, 'm6-1': 10.56, 'm7-1': 100.86, 'm8-1': 1.05}",15.84,66.632,77.19200000000001,inf,169.107,169.107
73,T2,BESTEFFORT,COMPLETED,m1-1,19.531,"{'m1-1': 11.62, 'm2-1': 95.03, 'm3-1': 104.34, 'm4-1': 110.26, 'm5-1': 11.48, 'm6-1': 11.43, 'm7-1': 111.75, 'm8-1': 1.13}",17.43,65.866,77.486,inf,169.531,169.531
74,T2,BESTEFFORT,COMPLETED,m8-1,19.818,"{'m1-1': 10.24, 'm2-1': 96.08, 'm3-1': 105.26, 'm4-1': 113.92, 'm5-1': 10.61, 'm6-1': 11.46, 'm7-1': 112.54, 'm8-1': 1.01}",1.5150000000000001,38.671,39.681,inf,169.818,169.818
75,T1,BESTEFFORT,COMPLETED,m8-1,19.874,"{'m1-1': 10.71, 'm2-1': 102.67, 'm3-1': 112.94, 'm4-1': 114.85, 'm5-1': 9.43, 'm6-1': 11.38, 'm7-1': 105.24, 'm8-1': 1.04}",1.56,39.681,40.721,inf,169.874,169.874
76,T3,BESTEFFORT,COMPLETED,m8-1,19.926,"{'m1-1': 9.86, 'm2-1': 104.41, 'm3-1': 107.91, 'm4-1': 108.15, 'm5-1': 10.27, 'm6-1': 10.34, 'm7-1': 106.58, 'm8-1': 0.95}",1.4249999999999998,40.721,41.671,inf,169.926,169.926
77,T2,BESTEFFORT,COMPLETED,m8-1,21.438,"{'m1-1': 10.4, 'm2-1': 99.18, 'm3-1': 98.09, 'm4-1': 99.26, 'm5-1': 9.85, 'm6-1': 10.74, 'm7-1': 106.35, 'm8-1': 1.06}",1.59,41.671,42.731,inf,171.438,171.438
78,T3,BESTEFFORT,COMPLETED,m8-1,21.451,"{'m1-1': 10.9, 'm2-1': 103.21, 'm3-1': 104.17, 'm4-1': 100.54, 'm5-1': 10.85, 'm6-1': 11.14, 'm7-1': 110.28, 'm8-1': 0.94}",1.41,42.731,43.671,inf,171.451,171.451
79,T4,BESTEFFORT,COMPLETED,m8-1,21.789,"{'m1-1': 9.59, 'm2-1': 101.36, 'm3-1': 102.02, 'm4-1': 101.14, 'm5-1': 11.21, 'm6-1': 11.19, 'm7-1': 95.71, 'm8-1': 1.02}",1.53,43.671,44.691,inf,171.789,171.789
80,T3,BESTEFFORT,COMPLETED,m8-1,21.892,"{'m1-1': 10.86, 'm2-1': 109.62, 'm3-1': 102.13, 'm4-1': 95.56, 'm5-1': 9.85, 'm6-1': 10.95, 'm7-1': 99.91, 'm8-1': 1.04}",1.56,44.691,45.731,inf,171.892,171.892
81,T4,BESTEFFORT,COMPLETED,m8-1,21.925,"{'m1-1': 10.33, 'm2-1': 99.5, 'm3-1': 106.02, 'm4-1': 103.81, 'm5-1': 11.11, 'm6-1': 11.13, 'm7-1': 103.41, 'm8-1': 1.04}",1.56,45.731,46.771,inf,171.925,171.925
82,T2,BESTEFFORT,COMPLETED,m5-1,22.015,"{'m1-1': 10.3, 'm2-1': 96.22, 'm3-1': 102.02, 'm4-1': 104.34, 'm5-1': 11.18, 'm6-1': 11.68, 'm7-1': 100.55, 'm8-1': 1.03}",16.77,75.468,86.648,inf,172.015,172.015
83,T1,BESTEFFORT,COMPLETED,m8-1,22.752,"{'m1-1': 9.42, 'm2-1': 106.51, 'm3-1': 104.94, 'm4-1': 105.75, 'm5-1': 9.33, 'm6-1': 9.85, 'm7-1': 107.2, 'm8-1': 1.06}",1.59,46.771,47.831,inf,172.752,172.752
84,T2,BESTEFFORT,COMPLETED,m8-1,23.067,"{'m1-1': 10.97, 'm2-1': 93.62, 'm3-1': 99.12, 'm4-1': 99.76, 'm5-1': 10.79, 'm6-1': 10.38, 'm7-1': 111.44, 'm8-1': 1.14}",1.71,47.831,48.971000000000004,inf,173.067,173.067
85,T2,BESTEFFORT,COMPLETED,m1-1,23.411,"{'m1-1': 9.81, 'm2-1': 99.9, 'm3-1': 99.41, 'm4-1': 109.3, 'm5-1': 11.1, 'm6-1': 10.18, 'm7-1': 101.0, 'm8-1': 1.1}",14.715,77.486,87.296,inf,173.411,173.411
86,T1,BESTEFFORT,COMPLETED,m6-1,23.427,"{'m1-1': 10.1, 'm2-1': 103.18, 'm3-1': 98.14, 'm4-1': 105.61, 'm5-1': 9.38, 'm6-1': 10.18, 'm7-1': 105.1, 'm8-1': 1.08}",15.27,77.19200000000001,87.37200000000001,inf,173.427,173.427
87,T4,BESTEFFORT,COMPLETED,m8-1,23.762,"{'m1-1': 10.73, 'm2-1': 110.13, 'm3-1': 113.41, 'm4-1': 97.86, 'm5-1': 10.34, 'm6-1': 9.93, 'm7-1': 99.18, 'm8-1': 1.02}",1.53,48.971000000000004,49.99100000000001,inf,173.762,173.762
88,T2,BESTEFFORT,COMPLETED,m8-1,23.818,"{'m1-1': 11.42, 'm2-1': 98.07, 'm3-1': 100.23, 'm4-1': 98.51, 'm5-1': 10.71, 'm6-1': 10.73, 'm7-1': 96.51, 'm8-1': 0.97}",1.455,49.99100000000001,50.961000000000006,inf,173.818,173.818
89,T4,BESTEFFORT,COMPLETED,m8-1,24.05,"{'m1-1': 9.82, 'm2-1': 99.02, 'm3-1': 103.26, 'm4-1': 98.85, 'm5-1': 9.8, 'm6-1': 11.66, 'm7-1': 105.87, 'm8-1': 1.09}",1.6350000000000002,50.961000000000006,52.05100000000001,inf,174.05,174.05
90,T3,BESTEFFORT,COMPLETED,m8-1,24.776,"{'m1-1': 10.26, 'm2-1': 104.39, 'm3-1': 97.01, 'm4-1': 110.98, 'm5-1': 11.2, 'm6-1': 10.83, 'm7-1': 100.26, 'm8-1': 0.93}",1.395,52.05100000000001,52.98100000000001,inf,174.776,174.776
91,T1,BESTEFFORT,COMPLETED,m8-1,24.897,"{'m1-1': 9.93, 'm2-1': 108.17, 'm3-1': 111.44, 'm4-1': 118.48, 'm5-1': 10.47, 'm6-1': 11.15, 'm7-1': 111.02, 'm8-1': 1.06}",1.59,52.98100000000001,54.04100000000001,inf,174.897,174.897
92,T2,BESTEFFORT,COMPLETED,m8-1,25.421,"{'m1-1': 11.21, 'm2-1': 104.97, 'm3-1': 112.68, 'm4-1': 99.73, 'm5-1': 11.4, 'm6-1': 11.58, 'm7-1': 102.45, 'm8-1': 0.98}",1.47,54.04100000000001,55.02100000000001,inf,175.421,175.421
93,T1,BESTEFFORT,COMPLETED,m8-1,27.187,"{'m1-1': 10.03, 'm2-1': 99.79, 'm3-1': 98.19, 'm4-1': 113.36, 'm5-1': 10.5, 'm6-1': 10.85, 'm7-1': 109.21, 'm8-1': 1.1}",1.6500000000000001,55.02100000000001,56.12100000000001,inf,177.187,177.187
94,T4,BESTEFFORT,COMPLETED,m8-1,27.872,"{'m1-1': 9.72, 'm2-1': 111.17, 'm3-1': 107.96, 'm4-1': 95.46, 'm5-1': 11.3, 'm6-1': 10.7, 'm7-1': 107.34, 'm8-1': 0.97}",1.455,56.12100000000001,57.09100000000001,inf,177.872,177.872
95,T3,BESTEFFORT,COMPLETED,m5-1,28.602,"{'m1-1': 10.98, 'm2-1': 104.38, 'm3-1': 95.36, 'm4-1': 108.44, 'm5-1': 9.84, 'm6-1': 10.75, 'm7-1': 98.58, 'm8-1': 0.95}",14.76,86.648,96.488,inf,178.602,178.602
96,T1,BESTEFFORT,COMPLETED,m8-1,29.202,"{'m1-1': 9.86, 'm2-1': 102.67, 'm3-1': 103.02, 'm4-1': 103.36, 'm5-1': 10.7, 'm6-1': 11.28, 'm7-1': 112.93, 'm8-1': 1.04}",1.56,57.09100000000001,58.13100000000001,inf,179.202,179.202
97,T3,BESTEFFORT,COMPLETED,m8-1,29.239,"{'m1-1': 9.66, 'm2-1': 101.46, 'm3-1': 102.4, 'm4-1': 96.36, 'm5-1': 11.37, 'm6-1': 10.11, 'm7-1': 105.67, 'm8-1': 0.98}",1.47,58.13100000000001,59.111000000000004,inf,179.239,179.239
98,T4,BESTEFFORT,COMPLETED,m1-1,29.411,"{'m1-1': 9.56, 'm2-1': 99.15, 'm3-1': 110.13, 'm4-1': 103.96, 'm5-1': 11.01, 'm6-1': 10.24, 'm7-1': 104.28, 'm8-1': 1.08}",14.34,87.296,96.85600000000001,inf,179.411,179.411
99,T4,BESTEFFORT,COMPLETED,m6-1,29.635,"{'m1-1': 10.8, 'm2-1': 97.89, 'm3-1': 110.21, 'm4-1': 98.96, 'm5-1': 10.15, 'm6-1': 10.44, 'm7-1': 106.22, 'm8-1': 1.11}",15.66,87.37200000000001,97.81200000000001,inf,179.635,179.635
100,T4,BESTEFFORT,COMPLETED,m8-1,29.703,"{'m1-1': 11.22, 'm2-1': 110.22, 'm3-1': 112.74, 'm4-1': 112.16, 'm5-1': 10.14, 'm6-1': 10.94, 'm7-1': 109.71, 'm8-1': 1.13}",1.6949999999999998,59.111000000000004,60.24100000000001,inf,179.703,179.703
101,T4,BESTEFFORT,COMPLETED,m8-1,29.782,"{'m1-1': 9.68, 'm2-1': 107.45, 'm3-1': 103.11, 'm4-1': 106.99, 'm5-1': 10.94, 'm6-1': 11.3, 'm7-1': 99.6, 'm8-1': 1.08}",1.62,60.24100000000001,61.321000000000005,inf,179.782,179.782
102,T4,BESTEFFORT,COMPLETED,m8-1,29.983,"{'m1-1': 9.93, 'm2-1': 100.45, 'm3-1': 101.25, 'm4-1': 95.84, 'm5-1': 10.72, 'm6-1': 10.48, 'm7-1': 105.17, 'm8-1': 1.03}",1.545,61.321000000000005,62.351000000000006,inf,179.983,179.983
103,T4,BESTEFFORT,COMPLETED,m8-1,30.555,"{'m1-1': 11.06, 'm2-1': 106.06, 'm3-1': 114.05, 'm4-1': 111.48, 'm5-1': 11.24, 'm6-1': 10.38, 'm7-1': 101.24, 'm8-1': 1.06}",1.59,62.351000000000006,63.41100000000001,inf,180.555,180.555
104,T1,BESTEFFORT,COMPLETED,m8-1,30.819,"{'m1-1': 10.59, 'm2-1': 111.35, 'm3-1': 96.08, 'm4-1': 106.46, 'm5-1': 10.46, 'm6-1': 10.92, 'm7-1': 112.25, 'm8-1': 1.03}",1.545,63.41100000000001,64.441,inf,180.819,180.819
105,T3,BESTEFFORT,COMPLETED,m8-1,30.854,"{'m1-1': 9.53, 'm2-1': 111.21, 'm3-1': 107.22, 'm4-1': 108.15, 'm5-1': 9.91, 'm6-1': 10.73, 'm7-1': 108.14, 'm8-1': 0.98}",1.47,64.441,65.421,inf,180.85399999999998,180.85399999999998
106,T1,BESTEFFORT,COMPLETED,m8-1,31.474,"{'m1-1': 10.94, 'm2-1': 110.14, 'm3-1': 99.37, 'm4-1': 102.64, 'm5-1': 9.27, 'm6-1': 10.58, 'm7-1': 102.54, 'm8-1': 1.1}",1.6500000000000001,65.421,66.521,inf,181.474,181.474
107,T4,BESTEFFORT,COMPLETED,m8-1,31.488,"{'m1-1': 10.69, 'm2-1': 107.8, 'm3-1': 99.64, 'm4-1': 109.43, 'm5-1': 9.91, 'm6-1': 11.25, 'm7-1': 107.17, 'm8-1': 1.14}",1.71,66.521,67.661,inf,181.488,181.488
108,T3,BESTEFFORT,COMPLETED,m8-1,31.556,"{'m1-1': 10.06, 'm2-1': 111.78, 'm3-1': 106.44, 'm4-1': 105.31, 'm5-1': 11.26, 'm6-1': 10.84, 'm7-1': 107.2, 'm8-1': 1.07}",1.605,67.661,68.731,inf,181.556,181.556
109,T1,BESTEFFORT,COMPLETED,m5-1,31.905,"{'m1-1': 10.59, 'm2-1': 107.65, 'm3-1': 103.43, 'm4-1': 116.45, 'm5-1': 9.26, 'm6-1': 11.13, 'm7-1': 100.38, 'm8-1': 1.06}",13.89,96.488,105.748,inf,181.905,181.905
110,T4,BESTEFFORT,COMPLETED,m8-1,32.286,"{'m1-1': 10.7, 'm2-1': 99.03, 'm3-1': 110.45, 'm4-1': 96.9, 'm5-1': 10.08, 'm6-1': 11.16, 'm7-1': 111.24, 'm8-1': 1.08}",1.62,68.731,69.81099999999999,inf,182.286,182.286
111,T2,BESTEFFORT,COMPLETED,m1-1,32.43,"{'m1-1': 11.48, 'm2-1': 99.9, 'm3-1': 104.46, 'm4-1': 108.5, 'm5-1': 11.33, 'm6-1': 10.7, 'm7-1': 106.86, 'm8-1': 1.08}",17.22,96.85600000000001,108.33600000000001,inf,182.43,182.43
112,T4,BESTEFFORT,COMPLETED,m8-1,32.602,"{'m1-1': 10.42, 'm2-1': 102.17, 'm3-1': 110.79, 'm4-1': 111.44, 'm5-1': 10.6, 'm6-1': 10.76, 'm7-1': 98.86, 'm8-1': 1.13}",1.6949999999999998,69.81099999999999,70.94099999999999,inf,182.602,182.602
113,T1,BESTEFFORT,COMPLETED,m6-1,33.149,"{'m1-1': 9.94, 'm2-1': 114.28, 'm3-1': 102.77, 'm4-1': 117.68, 'm5-1': 10.1, 'm6-1': 11.43, 'm7-1': 104.4, 'm8-1': 1.08}",17.145,97.81200000000001,109.24200000000002,inf,183.149,183.149
114,T2,BESTEFFORT,COMPLETED,m8-1,33.845,"{'m1-1': 11.04, 'm2-1': 100.06, 'm3-1': 105.33, 'm4-1': 104.92, 'm5-1': 10.5, 'm6-1': 10.79, 'm7-1': 108.95, 'm8-1': 1.07}",1.605,70.94099999999999,72.01099999999998,inf,183.845,183.845
115,T3,BESTEFFORT,COMPLETED,m8-1,33.988,"{'m1-1': 10.8, 'm2-1': 106.38, 'm3-1': 92.71, 'm4-1': 104.31, 'm5-1': 10.44, 'm6-1': 10.18, 'm7-1': 99.55, 'm8-1': 1.06}",1.59,72.01099999999998,73.07099999999998,inf,183.988,183.988
116,T2,BESTEFFORT,COMPLETED,m8-1,34.183,"{'m1-1': 10.07, 'm2-1': 108.02, 'm3-1': 108.89, 'm4-1': 105.34, 'm5-1': 9.88, 'm6-1': 10.35, 'm7-1': 101.1, 'm8-1': 0.99}",1.4849999999999999,73.07099999999998,74.06099999999998,inf,184.183,184.183
117,T2,BESTEFFORT,COMPLETED,m8-1,34.378,"{'m1-1': 9.94, 'm2-1': 101.3, 'm3-1': 110.32, 'm4-1': 98.61, 'm5-1': 11.1, 'm6-1': 11.65, 'm7-1': 107.3, 'm8-1': 0.97}",1.455,74.06099999999998,75.03099999999998,inf,184.378,184.378
118,T1,BESTEFFORT,COMPLETED,m8-1,34.411,"{'m1-1': 9.89, 'm2-1': 98.93, 'm3-1': 105.6, 'm4-1': 112.38, 'm5-1': 9.54, 'm6-1': 10.18, 'm7-1': 111.02, 'm8-1': 1.03}",1.545,75.03099999999998,76.06099999999998,inf,184.411,184.411
119,T2,BESTEFFORT,COMPLETED,m8-1,34.728,"{'m1-1': 11.65, 'm2-1': 93.19, 'm3-1': 96.37, 'm4-1': 97.93, 'm5-1': 10.24, 'm6-1': 10.15, 'm7-1': 111.81, 'm8-1': 1.08}",1.62,76.06099999999998,77.14099999999998,inf,184.728,184.728
120,T3,BESTEFFORT,COMPLETED,m8-1,34.777,"{'m1-1': 10.06, 'm2-1': 99.41, 'm3-1': 99.45, 'm4-1': 111.21, 'm5-1': 11.14, 'm6-1': 10.36, 'm7-1': 99.12, 'm8-1': 0.96}",1.44,77.14099999999998,78.10099999999997,inf,184.777,184.777
121,T4,BESTEFFORT,COMPLETED,m8-1,35.481,"{'m1-1': 10.74, 'm2-1': 103.99, 'm3-1': 110.21, 'm4-1': 110.91, 'm5-1': 10.09, 'm6-1': 10.56, 'm7-1': 98.97, 'm8-1': 1.02}",1.53,78.10099999999997,79.12099999999997,inf,185.481,185.481
122,T4,BESTEFFORT,COMPLETED,m5-1,35.961,"{'m1-1': 9.95, 'm2-1': 105.14, 'm3-1': 103.51, 'm4-1': 110.48, 'm5-1': 10.75, 'm6-1': 10.34, 'm7-1': 101.34, 'm8-1': 1.11}",16.125,105.748,116.498,inf,185.961,185.961
123,T2,BESTEFFORT,COMPLETED,m8-1,36.093,"{'m1-1': 10.47, 'm2-1': 95.04, 'm3-1': 110.91, 'm4-1': 107.28, 'm5-1': 9.74, 'm6-1': 10.04, 'm7-1': 100.3, 'm8-1': 1.09}",1.6350000000000002,79.12099999999997,80.21099999999997,inf,186.09300000000002,186.09300000000002
124,T1,BESTEFFORT,COMPLETED,m8-1,36.099,"{'m1-1': 10.65, 'm2-1': 101.14, 'm3-1': 100.3, 'm4-1': 119.04, 'm5-1': 10.64, 'm6-1': 11.65, 'm7-1': 111.4, 'm8-1': 1.05}",1.5750000000000002,80.21099999999997,81.26099999999997,inf,186.099,186.099
125,T4,BESTEFFORT,COMPLETED,m6-1,36.233,"{'m1-1': 10.53, 'm2-1': 101.32, 'm3-1': 102.91, 'm4-1': 108.32, 'm5-1': 10.84, 'm6-1': 10.71, 'm7-1': 102.36, 'm8-1': 1.07}",16.065,109.24200000000002,119.95200000000003,inf,186.233,186.233
126,T2,BESTEFFORT,COMPLETED,m1-1,36.275,"{'m1-1': 10.57, 'm2-1': 96.32, 'm3-1': 102.74, 'm4-1': 115.55, 'm5-1': 9.75, 'm6-1': 10.84, 'm7-1': 111.83, 'm8-1': 1.11}",15.855,108.33600000000001,118.906,inf,186.275,186.275
127,T2,BESTEFFORT,COMPLETED,m8-1,36.804,"{'m1-1': 11.34, 'm2-1': 106.28, 'm3-1': 106.05, 'm4-1': 113.84, 'm5-1': 10.26, 'm6-1': 11.92, 'm7-1': 98.78, 'm8-1': 0.97}",1.455,81.26099999999997,82.23099999999997,inf,186.804,186.804
128,T2,BESTEFFORT,COMPLETED,m8-1,36.886,"{'m1-1': 11.57, 'm2-1': 95.81, 'm3-1': 102.49, 'm4-1': 115.15, 'm5-1': 9.75, 'm6-1': 10.87, 'm7-1': 112.08, 'm8-1': 1.1}",1.6500000000000001,82.23099999999997,83.33099999999996,inf,186.886,186.886
129,T1,BESTEFFORT,COMPLETED,m8-1,37.252,"{'m1-1': 9.69, 'm2-1': 110.12, 'm3-1': 99.62, 'm4-1': 113.29, 'm5-1': 10.81, 'm6-1': 10.53, 'm7-1': 113.16, 'm8-1': 0.96}",1.44,83.33099999999996,84.29099999999995,inf,187.252,187.252
130,T3,BESTEFFORT,COMPLETED,m8-1,37.575,"{'m1-1': 11.08, 'm2-1': 106.5, 'm3-1': 93.69, 'm4-1': 96.53, 'm5-1': 9.77, 'm6-1': 10.93, 'm7-1': 98.5, 'm8-1': 1.04}",1.56,84.29099999999995,85.33099999999996,inf,187.575,187.575
131,T4,BESTEFFORT,COMPLETED,m8-1,38.203,"{'m1-1': 9.52, 'm2-1': 100.88, 'm3-1': 110.64, 'm4-1': 111.15, 'm5-1': 10.51, 'm6-1': 11.03, 'm7-1': 102.83, 'm8-1': 1.13}",1.6949999999999998,85.33099999999996,86.46099999999996,inf,188.203,188.203
132,T3,BESTEFFORT,COMPLETED,m8-1,38.221,"{'m1-1': 9.86, 'm2-1': 108.34, 'm3-1': 97.21, 'm4-1': 103.24, 'm5-1': 11.07, 'm6-1': 11.23, 'm7-1': 111.17, 'm8-1': 0.93}",1.395,86.46099999999996,87.39099999999996,inf,188.221,188.221
133,T3,BESTEFFORT,COMPLETED,m8-1,38.467,"{'m1-1': 10.64, 'm2-1': 97.94, 'm3-1': 96.94, 'm4-1': 100.39, 'm5-1': 9.86, 'm6-1': 10.7, 'm7-1': 103.81, 'm8-1': 1.02}",1.53,87.39099999999996,88.41099999999996,inf,188.46699999999998,188.46699999999998
134,T2,BESTEFFORT,COMPLETED,m8-1,38.51,"{'m1-1': 9.88, 'm2-1': 104.6, 'm3-1': 110.31, 'm4-1': 99.26, 'm5-1': 9.98, 'm6-1': 10.41, 'm7-1': 106.93, 'm8-1': 1.09}",1.6350000000000002,88.41099999999996,89.50099999999996,inf,188.51,188.51
135,T3,BESTEFFORT,COMPLETED,m8-1,38.776,"{'m1-1': 10.57, 'm2-1': 106.0, 'm3-1': 100.26, 'm4-1': 96.71, 'm5-1': 10.66, 'm6-1': 11.06, 'm7-1': 113.63, 'm8-1': 1.0}",1.5,89.50099999999996,90.50099999999996,inf,188.776,188.776
136,T1,BESTEFFORT,COMPLETED,m5-1,38.995,"{'m1-1': 9.94, 'm2-1': 100.18, 'm3-1': 113.04, 'm4-1': 110.76, 'm5-1': 9.63, 'm6-1': 10.72, 'm7-1': 104.89, 'm8-1': 1.06}",14.445,116.498,126.128,inf,188.995,188.995
137,T2,BESTEFFORT,COMPLETED,m1-1,39.12,"{'m1-1': 9.81, 'm2-1': 107.03, 'm3-1': 110.42, 'm4-1': 104.61, 'm5-1': 11.57, 'm6-1': 10.72, 'm7-1': 99.59, 'm8-1': 1.11}",14.715,118.906,128.716,inf,189.12,189.12
138,T2,BESTEFFORT,COMPLETED,m6-1,39.236,"{'m1-1': 11.54, 'm2-1': 104.03, 'm3-1': 104.16, 'm4-1': 106.84, 'm5-1': 10.86, 'm6-1': 10.84, 'm7-1': 108.64, 'm8-1': 1.02}",16.259999999999998,119.95200000000003,130.79200000000003,inf,189.236,189.236
139,T2,BESTEFFORT,COMPLETED,m8-1,39.325,"{'m1-1': 10.84, 'm2-1': 92.34, 'm3-1': 99.36, 'm4-1': 101.66, 'm5-1': 10.81, 'm6-1': 10.91, 'm7-1': 110.62, 'm8-1': 0.99}",1.4849999999999999,90.50099999999996,91.49099999999996,inf,189.325,189.325
140,T3,BESTEFFORT,COMPLETED,m8-1,40.571,"{'m1-1': 10.54, 'm2-1': 99.09, 'm3-1': 99.52, 'm4-1': 101.44, 'm5-1': 10.39, 'm6-1': 10.42, 'm7-1': 98.75, 'm8-1': 1.04}",1.56,91.49099999999996,92.53099999999996,inf,190.571,190.571
141,T4,BESTEFFORT,COMPLETED,m8-1,40.893,"{'m1-1': 9.88, 'm2-1': 109.77, 'm3-1': 99.11, 'm4-1': 107.11, 'm5-1': 9.83, 'm6-1': 11.46, 'm7-1': 106.55, 'm8-1': 0.97}",1.455,92.53099999999996,93.50099999999996,inf,190.893,190.893
142,T4,BESTEFFORT,COMPLETED,m8-1,42.389,"{'m1-1': 9.49, 'm2-1': 105.62, 'm3-1': 108.96, 'm4-1': 98.4, 'm5-1': 11.31, 'm6-1': 10.76, 'm7-1': 100.69, 'm8-1': 1.05}",1.5750000000000002,93.50099999999996,94.55099999999996,inf,192.389,192.389
143,T3,BESTEFFORT,COMPLETED,m8-1,42.497,"{'m1-1': 10.99, 'm2-1': 106.52, 'm3-1': 94.88, 'm4-1': 108.04, 'm5-1': 10.65, 'm6-1': 11.0, 'm7-1': 113.64, 'm8-1': 1.0}",1.5,94.55099999999996,95.55099999999996,inf,192.497,192.497
144,T2,BESTEFFORT,COMPLETED,m8-1,42.522,"{'m1-1': 10.9, 'm2-1': 94.5, 'm3-1': 100.64, 'm4-1': 111.22, 'm5-1': 11.11, 'm6-1': 10.42, 'm7-1': 99.72, 'm8-1': 1.1}",1.6500000000000001,95.55099999999996,96.65099999999995,inf,192.522,192.522
145,T4,BESTEFFORT,COMPLETED,m8-1,42.889,"{'m1-1': 9.75, 'm2-1': 104.09, 'm3-1': 108.65, 'm4-1': 113.14, 'm5-1': 11.08, 'm6-1': 10.36, 'm7-1': 96.68, 'm8-1': 0.98}",1.47,96.65099999999995,97.63099999999996,inf,192.889,192.889
146,T1,BESTEFFORT,COMPLETED,m8-1,43.602,"{'m1-1': 9.46, 'm2-1': 103.79, 'm3-1': 105.74, 'm4-1': 102.59, 'm5-1': 9.83, 'm6-1': 10.18, 'm7-1': 103.22, 'm8-1': 1.03}",1.545,97.63099999999996,98.66099999999996,inf,193.602,193.602
147,T4,BESTEFFORT,COMPLETED,m8-1,43.645,"{'m1-1': 10.59, 'm2-1': 112.21, 'm3-1': 110.4, 'm4-1': 109.5, 'm5-1': 10.9, 'm6-1': 10.44, 'm7-1': 101.62, 'm8-1': 0.98}",1.47,98.66099999999996,99.64099999999996,inf,193.645,193.645
148,T1,BESTEFFORT,COMPLETED,m5-1,43.779,"{'m1-1': 9.73, 'm2-1': 115.34, 'm3-1': 95.78, 'm4-1': 104.09, 'm5-1': 10.38, 'm6-1': 10.37, 'm7-1': 97.95, 'm8-1': 1.11}",15.57,126.128,136.508,inf,193.779,193.779
149,T3,BESTEFFORT,COMPLETED,m8-1,43.84,"{'m1-1': 11.1, 'm2-1': 106.75, 'm3-1': 96.13, 'm4-1': 103.32, 'm5-1': 9.84, 'm6-1': 9.71, 'm7-1': 104.54, 'm8-1': 1.0}",1.5,99.64099999999996,100.64099999999996,inf,193.84,193.84
150,T4,BESTEFFORT,COMPLETED,m1-1,43.871,"{'m1-1': 10.03, 'm2-1': 106.47, 'm3-1': 106.06, 'm4-1': 99.91, 'm5-1': 10.51, 'm6-1': 11.16, 'm7-1': 111.82, 'm8-1': 1.04}",15.044999999999998,128.716,138.746,inf,193.871,193.871
151,T2,BESTEFFORT,COMPLETED,m8-1,43.884,"{'m1-1': 10.1, 'm2-1': 97.24, 'm3-1': 99.23, 'm4-1': 115.27, 'm5-1': 11.22, 'm6-1': 11.09, 'm7-1': 95.97, 'm8-1': 1.0}",1.5,100.64099999999996,101.64099999999996,inf,193.88400000000001,193.88400000000001
152,T4,BESTEFFORT,COMPLETED,m6-1,44.296,"{'m1-1': 10.73, 'm2-1': 99.53, 'm3-1': 112.17, 'm4-1': 95.9, 'm5-1': 10.59, 'm6-1': 11.66, 'm7-1': 99.84, 'm8-1': 1.02}",17.490000000000002,130.79200000000003,142.45200000000003,inf,194.296,194.296
153,T1,BESTEFFORT,COMPLETED,m8-1,44.404,"{'m1-1': 10.73, 'm2-1': 111.24, 'm3-1': 108.26, 'm4-1': 107.86, 'm5-1': 10.08, 'm6-1': 11.67, 'm7-1': 108.04, 'm8-1': 1.12}",1.6800000000000002,101.64099999999996,102.76099999999997,inf,194.404,194.404
154,T3,BESTEFFORT,COMPLETED,m8-1,44.482,"{'m1-1': 11.2, 'm2-1': 104.75, 'm3-1': 95.44, 'm4-1': 105.4, 'm5-1': 10.48, 'm6-1': 9.6, 'm7-1': 109.49, 'm8-1': 0.94}",1.41,102.76099999999997,103.70099999999996,inf,194.482,194.482
155,T4,BESTEFFORT,COMPLETED,m8-1,44.772,"{'m1-1': 9.56, 'm2-1': 103.5, 'm3-1': 117.21, 'm4-1': 111.13, 'm5-1': 10.8, 'm6-1': 10.86, 'm7-1': 100.75, 'm8-1': 1.03}",1.545,103.70099999999996,104.73099999999997,inf,194.772,194.772
156,T3,BESTEFFORT,COMPLETED,m8-1,44.956,"{'m1-1': 10.45, 'm2-1': 99.91, 'm3-1': 97.7, 'm4-1': 107.52, 'm5-1': 10.64, 'm6-1': 9.54, 'm7-1': 96.36, 'm8-1': 1.01}",1.5150000000000001,104.73099999999997,105.74099999999997,inf,194.95600000000002,194.95600000000002
157,T1,BESTEFFORT,MISSED,m2-1,45.204,"{'m1-1': 9.74, 'm2-1': 108.28, 'm3-1': 99.52, 'm4-1': 111.8, 'm5-1': 9.24, 'm6-1': 11.66, 'm7-1': 102.03, 'm8-1': 1.11}",51.12000000000002,161.124,inf,195.204,195.204,195.204
158,T4,BESTEFFORT,COMPLETED,m8-1,45.716,"{'m1-1': 10.91, 'm2-1': 105.85, 'm3-1': 116.01, 'm4-1': 97.53, 'm5-1': 11.06, 'm6-1': 11.5, 'm7-1': 99.91, 'm8-1': 1.04}",1.56,105.74099999999997,106.78099999999998,inf,195.716,195.716
159,T4,BESTEFFORT,COMPLETED,m8-1,45.929,"{'m1-1': 11.21, 'm2-1': 100.03, 'm3-1': 110.97, 'm4-1': 111.06, 'm5-1': 10.65, 'm6-1': 11.12, 'm7-1': 109.71, 'm8-1': 1.07}",1.605,106.78099999999998,107.85099999999997,inf,195.929,195.929
160,T4,BESTEFFORT,COMPLETED,m8-1,46.381,"{'m1-1': 10.9, 'm2-1': 104.03, 'm3-1': 112.68, 'm4-1': 97.89, 'm5-1': 11.44, 'm6-1': 11.08, 'm7-1': 96.45, 'm8-1': 0.97}",1.455,107.85099999999997,108.82099999999997,inf,196.381,196.381
161,T3,BESTEFFORT,COMPLETED,m8-1,46.464,"{'m1-1': 10.79, 'm2-1': 112.74, 'm3-1': 108.72, 'm4-1': 97.07, 'm5-1': 10.97, 'm6-1': 10.78, 'm7-1': 109.16, 'm8-1': 0.94}",1.41,108.82099999999997,109.76099999999997,inf,196.464,196.464
162,T3,BESTEFFORT,COMPLETED,m5-1,47.007,"{'m1-1': 10.37, 'm2-1': 101.0, 'm3-1': 96.22, 'm4-1': 100.44, 'm5-1': 9.94, 'm6-1': 10.62, 'm7-1': 106.91, 'm8-1': 1.05}",14.91,136.508,146.448,inf,197.007,197.007
163,T3,BESTEFFORT,COMPLETED,m8-1,47.605,"{'m1-1': 11.03, 'm2-1': 105.88, 'm3-1': 99.1, 'm4-1': 103.07, 'm5-1': 9.88, 'm6-1': 10.38, 'm7-1': 104.25, 'm8-1': 1.02}",1.53,109.76099999999997,110.78099999999996,inf,197.605,197.605
164,T4,BESTEFFORT,COMPLETED,m8-1,47.814,"{'m1-1': 9.61, 'm2-1': 111.52, 'm3-1': 114.83, 'm4-1': 98.13, 'm5-1': 10.6, 'm6-1': 11.71, 'm7-1': 95.34, 'm8-1': 1.0}",1.5,110.78099999999996,111.78099999999996,inf,197.814,197.814
165,T4,BESTEFFORT,COMPLETED,m1-1,47.912,"{'m1-1': 10.8, 'm2-1': 107.08, 'm3-1': 102.35, 'm4-1': 102.14, 'm5-1': 10.08, 'm6-1': 9.99, 'm7-1': 106.63, 'm8-1': 1.06}",16.200000000000003,138.746,149.54600000000002,inf,197.912,197.912
166,T1,BESTEFFORT,COMPLETED,m8-1,48.215,"{'m1-1': 9.99, 'm2-1': 102.9, 'm3-1': 107.05, 'm4-1': 110.73, 'm5-1': 9.18, 'm6-1': 10.02, 'm7-1': 100.36, 'm8-1': 1.12}",1.6800000000000002,111.78099999999996,112.90099999999997,inf,198.215,198.215
167,T4,BESTEFFORT,COMPLETED,m6-1,48.452,"{'m1-1': 10.13, 'm2-1': 114.9, 'm3-1': 99.98, 'm4-1': 106.78, 'm5-1': 9.96, 'm6-1': 11.21, 'm7-1': 108.96, 'm8-1': 1.03}",16.815,142.45200000000003,153.66200000000003,inf,198.452,198.452
168,T3,BESTEFFORT,COMPLETED,m8-1,48.559,"{'m1-1': 10.03, 'm2-1': 112.67, 'm3-1': 99.65, 'm4-1': 99.4, 'm5-1': 10.42, 'm6-1': 10.18, 'm7-1': 108.22, 'm8-1': 0.94}",1.41,112.90099999999997,113.84099999999997,inf,198.559,198.559
169,T2,BESTEFFORT,COMPLETED,m8-1,48.698,"{'m1-1': 10.12, 'm2-1': 101.28, 'm3-1': 109.76, 'm4-1': 105.08, 'm5-1': 10.04, 'm6-1': 11.65, 'm7-1': 103.4, 'm8-1': 0.96}",1.44,113.84099999999997,114.80099999999996,inf,198.698,198.698
170,T2,BESTEFFORT,MISSED,m3-1,48.966,"{'m1-1': 11.45, 'm2-1': 100.33, 'm3-1': 112.1, 'm4-1': 107.75, 'm5-1': 10.68, 'm6-1': 10.8, 'm7-1': 99.94, 'm8-1': 1.03}",56.3565,161.395,inf,198.966,198.966,198.966
171,T2,BESTEFFORT,COMPLETED,m8-1,49.025,"{'m1-1': 11.57, 'm2-1': 102.29, 'm3-1': 109.03, 'm4-1': 100.1, 'm5-1': 10.64, 'm6-1': 10.05, 'm7-1': 98.66, 'm8-1': 1.0}",1.5,114.80099999999996,115.80099999999996,inf,199.025,199.025
172,T2,BESTEFFORT,COMPLETED,m8-1,49.055,"{'m1-1': 10.85, 'm2-1': 97.53, 'm3-1': 98.85, 'm4-1': 97.46, 'm5-1': 10.39, 'm6-1': 11.18, 'm7-1': 111.04, 'm8-1': 1.11}",1.665,116.81099999999996,117.92099999999996,inf,199.055,199.055
173,T3,BESTEFFORT,COMPLETED,m8-1,49.055,"{'m1-1': 9.57, 'm2-1': 98.83, 'm3-1': 95.93, 'm4-1': 107.06, 'm5-1': 11.23, 'm6-1': 11.06, 'm7-1': 106.44, 'm8-1': 1.01}",1.5150000000000001,115.80099999999996,116.81099999999996,inf,199.055,199.055
174,T3,BESTEFFORT,COMPLETED,m8-1,49.087,"{'m1-1': 9.69, 'm2-1': 106.53, 'm3-1': 93.48, 'm4-1': 109.74, 'm5-1': 10.24, 'm6-1': 10.54, 'm7-1': 108.2, 'm8-1': 1.02}",1.53,117.92099999999996,118.94099999999996,inf,199.087,199.087
175,T1,BESTEFFORT,MISSED,m4-1,49.221,"{'m1-1': 9.43, 'm2-1': 114.52, 'm3-1': 102.41, 'm4-1': 108.57, 'm5-1': 9.4, 'm6-1': 11.09, 'm7-1': 112.5, 'm8-1': 1.02}",56.431500000000014,161.6,inf,199.221,199.221,199.221
176,T4,BESTEFFORT,COMPLETED,m8-1,49.281,"{'m1-1': 11.06, 'm2-1': 114.9, 'm3-1': 114.53, 'm4-1': 98.6, 'm5-1': 9.8, 'm6-1': 10.64, 'm7-1': 100.73, 'm8-1': 0.97}",1.455,118.94099999999996,119.91099999999996,inf,199.281,199.281
177,T3,BESTEFFORT,COMPLETED,m5-1,49.417,"{'m1-1': 9.58, 'm2-1': 110.56, 'm3-1': 101.86, 'm4-1': 101.08, 'm5-1': 10.82, 'm6-1': 11.24, 'm7-1': 106.94, 'm8-1': 1.01}",16.23,146.448,157.268,inf,199.417,199.417
178,T4,BESTEFFORT,COMPLETED,m8-1,50.035,"{'m1-1': 10.28, 'm2-1': 103.73, 'm3-1': 117.41, 'm4-1': 99.41, 'm5-1': 10.46, 'm6-1': 10.76, 'm7-1': 112.69, 'm8-1': 1.06}",1.59,119.91099999999996,120.97099999999996,inf,200.035,200.035
179,T4,BESTEFFORT,COMPLETED,m8-1,50.257,"{'m1-1': 9.77, 'm2-1': 98.89, 'm3-1': 114.7, 'm4-1': 101.01, 'm5-1': 9.79, 'm6-1': 11.62, 'm7-1': 103.47, 'm8-1': 0.98}",1.47,120.97099999999996,121.95099999999996,inf,200.257,200.257
180,T1,BESTEFFORT,COMPLETED,m1-1,50.759,"{'m1-1': 10.81, 'm2-1': 111.63, 'm3-1': 99.18, 'm4-1': 105.92, 'm5-1': 9.44, 'm6-1': 10.02, 'm7-1': 105.09, 'm8-1': 0.99}",16.215,149.54600000000002,160.35600000000002,inf,200.75900000000001,200.75900000000001
181,T1,BESTEFFORT,COMPLETED,m8-1,50.783,"{'m1-1': 9.39, 'm2-1': 104.13, 'm3-1': 96.16, 'm4-1': 100.45, 'm5-1': 10.67, 'm6-1': 11.42, 'm7-1': 110.19, 'm8-1': 1.13}",1.6949999999999998,121.95099999999996,123.08099999999996,inf,200.78300000000002,200.78300000000002
182,T1,BESTEFFORT,COMPLETED,m8-1,50.889,"{'m1-1': 11.06, 'm2-1': 116.09, 'm3-1': 109.36, 'm4-1': 108.62, 'm5-1': 10.73, 'm6-1': 9.89, 'm7-1': 106.34, 'm8-1': 1.12}",1.6800000000000002,123.08099999999996,124.20099999999996,inf,200.889,200.889
183,T3,BESTEFFORT,COMPLETED,m6-1,51.191,"{'m1-1': 11.14, 'm2-1': 109.88, 'm3-1': 106.99, 'm4-1': 102.95, 'm5-1': 10.88, 'm6-1': 9.75, 'm7-1': 114.11, 'm8-1': 0.95}",14.625,153.66200000000003,163.41200000000003,inf,201.191,201.191
184,T2,BESTEFFORT,COMPLETED,m8-1,51.387,"{'m1-1': 9.81, 'm2-1': 108.57, 'm3-1': 106.92, 'm4-1': 106.37, 'm5-1': 10.03, 'm6-1': 11.01, 'm7-1': 101.53, 'm8-1': 1.06}",1.59,124.20099999999996,125.26099999999997,inf,201.387,201.387
185,T1,BESTEFFORT,MISSED,m7-1,52.083,"{'m1-1': 10.34, 'm2-1': 101.96, 'm3-1': 112.56, 'm4-1': 108.33, 'm5-1': 9.57, 'm6-1': 11.04, 'm7-1': 105.24, 'm8-1': 1.01}",61.69800000000001,160.951,inf,202.083,202.083,202.083
186,T2,BESTEFFORT,COMPLETED,m8-1,52.222,"{'m1-1': 10.52, 'm2-1': 108.3, 'm3-1': 103.58, 'm4-1': 105.69, 'm5-1': 11.39, 'm6-1': 11.93, 'm7-1': 96.68, 'm8-1': 1.03}",1.545,125.26099999999997,126.29099999999997,inf,202.222,202.222
187,T2,BESTEFFORT,COMPLETED,m8-1,52.566,"{'m1-1': 9.83, 'm2-1': 101.99, 'm3-1': 101.68, 'm4-1': 101.04, 'm5-1': 10.68, 'm6-1': 10.71, 'm7-1': 95.85, 'm8-1': 1.0}",1.5,126.29099999999997,127.29099999999997,inf,202.566,202.566
188,T4,BESTEFFORT,COMPLETED,m8-1,52.647,"{'m1-1': 10.51, 'm2-1': 104.47, 'm3-1': 115.09, 'm4-1': 95.86, 'm5-1': 10.41, 'm6-1': 10.46, 'm7-1': 108.42, 'm8-1': 1.07}",1.605,127.29099999999997,128.36099999999996,inf,202.647,202.647
189,T1,BESTEFFORT,COMPLETED,m8-1,52.801,"{'m1-1': 9.56, 'm2-1': 106.28, 'm3-1': 105.89, 'm4-1': 118.88, 'm5-1': 10.47, 'm6-1': 10.69, 'm7-1': 109.35, 'm8-1': 1.04}",1.56,128.36099999999996,129.40099999999995,inf,202.801,202.801
190,T4,BESTEFFORT,COMPLETED,m5-1,52.844,"{'m1-1': 10.28, 'm2-1': 115.2, 'm3-1': 115.71, 'm4-1': 102.93, 'm5-1': 11.56, 'm6-1': 10.94, 'm7-1': 109.48, 'm8-1': 1.08}",17.34,157.268,168.828,inf,202.844,202.844
191,T3,BESTEFFORT,COMPLETED,m8-1,52.941,"{'m1-1': 9.87, 'm2-1': 106.24, 'm3-1': 95.02, 'm4-1': 101.28, 'm5-1': 9.87, 'm6-1': 10.39, 'm7-1': 110.97, 'm8-1': 0.97}",1.455,129.40099999999995,130.37099999999995,inf,202.941,202.941
192,T3,BESTEFFORT,COMPLETED,m8-1,53.111,"{'m1-1': 11.1, 'm2-1': 103.69, 'm3-1': 94.68, 'm4-1': 100.77, 'm5-1': 10.11, 'm6-1': 9.91, 'm7-1': 102.42, 'm8-1': 0.98}",1.47,130.37099999999995,131.35099999999994,inf,203.111,203.111
193,T2,BESTEFFORT,COMPLETED,m8-1,53.241,"{'m1-1': 10.27, 'm2-1': 106.3, 'm3-1': 110.97, 'm4-1': 105.22, 'm5-1': 10.11, 'm6-1': 11.51, 'm7-1': 104.72, 'm8-1': 1.07}",1.605,131.35099999999994,132.42099999999994,inf,203.24099999999999,203.24099999999999
194,T4,BESTEFFORT,COMPLETED,m1-1,53.271,"{'m1-1': 10.54, 'm2-1': 98.53, 'm3-1': 116.57, 'm4-1': 104.2, 'm5-1': 10.8, 'm6-1': 10.03, 'm7-1': 104.44, 'm8-1': 1.01}",15.809999999999999,160.35600000000002,170.89600000000002,inf,203.27100000000002,203.27100000000002
195,T2,BESTEFFORT,COMPLETED,m8-1,53.419,"{'m1-1': 11.24, 'm2-1': 99.12, 'm3-1': 102.04, 'm4-1': 99.12, 'm5-1': 10.65, 'm6-1': 10.85, 'm7-1': 109.31, 'm8-1': 1.06}",1.59,132.42099999999994,133.48099999999994,inf,203.41899999999998,203.41899999999998
196,T1,BESTEFFORT,COMPLETED,m8-1,53.726,"{'m1-1': 10.06, 'm2-1': 99.38, 'm3-1': 104.16, 'm4-1': 103.09, 'm5-1': 10.26, 'm6-1': 11.49, 'm7-1': 103.9, 'm8-1': 0.99}",1.4849999999999999,133.48099999999994,134.47099999999995,inf,203.726,203.726
197,T3,BESTEFFORT,COMPLETED,m6-1,53.755,"{'m1-1': 10.79, 'm2-1': 99.54, 'm3-1': 108.04, 'm4-1': 107.02, 'm5-1': 10.25, 'm6-1': 10.47, 'm7-1': 104.0, 'm8-1': 1.06}",15.705000000000002,163.41200000000003,173.88200000000003,inf,203.755,203.755
198,T4,BESTEFFORT,COMPLETED,m8-1,53.772,"{'m1-1': 10.76, 'm2-1': 106.34, 'm3-1': 101.28, 'm4-1': 110.16, 'm5-1': 10.05, 'm6-1': 10.62, 'm7-1': 110.2, 'm8-1': 1.08}",1.62,134.47099999999995,135.55099999999996,inf,203.772,203.772
199,T3,BESTEFFORT,COMPLETED,m8-1,54.078,"{'m1-1': 10.94, 'm2-1': 110.8, 'm3-1': 92.71, 'm4-1': 97.93, 'm5-1': 10.41, 'm6-1': 10.2, 'm7-1': 101.59, 'm8-1': 1.0}",1.5,135.55099999999996,136.55099999999996,inf,204.078,204.078
200,T1,BESTEFFORT,COMPLETED,m8-1,54.084,"{'m1-1': 10.39, 'm2-1': 110.35, 'm3-1': 103.04, 'm4-1': 118.91, 'm5-1': 10.37, 'm6-1': 10.27, 'm7-1': 98.75, 'm8-1': 1.09}",1.6350000000000002,136.55099999999996,137.64099999999996,inf,204.084,204.084
201,T3,BESTEFFORT,COMPLETED,m8-1,54.282,"{'m1-1': 10.12, 'm2-1': 108.16, 'm3-1': 108.46, 'm4-1': 112.34, 'm5-1': 10.44, 'm6-1': 9.79, 'm7-1': 100.1, 'm8-1': 0.96}",1.44,137.64099999999996,138.60099999999997,inf,204.28199999999998,204.28199999999998
202,T4,BESTEFFORT,COMPLETED,m8-1,54.319,"{'m1-1': 10.74, 'm2-1': 106.34, 'm3-1': 113.02, 'm4-1': 106.02, 'm5-1': 11.38, 'm6-1': 11.68, 'm7-1': 103.41, 'm8-1': 1.0}",1.5,138.60099999999997,139.60099999999997,inf,204.31900000000002,204.31900000000002
203,T4,BESTEFFORT,COMPLETED,m5-1,54.825,"{'m1-1': 10.02, 'm2-1': 103.56, 'm3-1': 102.79, 'm4-1': 96.19, 'm5-1': 10.06, 'm6-1': 11.69, 'm7-1': 109.01, 'm8-1': 1.02}",15.09,168.828,178.888,inf,204.825,204.825
204,T3,BESTEFFORT,COMPLETED,m8-1,55.244,"{'m1-1': 11.0, 'm2-1': 111.47, 'm3-1': 101.74, 'm4-1': 105.64, 'm5-1': 10.88, 'm6-1': 10.04, 'm7-1': 113.79, 'm8-1': 0.98}",1.47,139.60099999999997,140.58099999999996,inf,205.244,205.244
205,T2,BESTEFFORT,COMPLETED,m8-1,55.659,"{'m1-1': 10.15, 'm2-1': 98.49, 'm3-1': 107.62, 'm4-1': 100.13, 'm5-1': 10.45, 'm6-1': 10.14, 'm7-1': 99.06, 'm8-1': 1.08}",1.62,140.58099999999996,141.66099999999997,inf,205.659,205.659
206,T3,BESTEFFORT,COMPLETED,m8-1,55.66,"{'m1-1': 11.14, 'm2-1': 101.23, 'm3-1': 104.3, 'm4-1': 99.63, 'm5-1': 9.8, 'm6-1': 9.84, 'm7-1': 111.81, 'm8-1': 1.02}",1.53,141.66099999999997,142.68099999999998,inf,205.66,205.66
207,T1,BESTEFFORT,COMPLETED,m1-1,55.984,"{'m1-1': 10.22, 'm2-1': 113.38, 'm3-1': 95.71, 'm4-1': 111.81, 'm5-1': 10.3, 'm6-1': 10.84, 'm7-1': 103.23, 'm8-1': 1.01}",15.330000000000002,170.89600000000002,181.116,inf,205.984,205.984
208,T3,BESTEFFORT,COMPLETED,m8-1,56.37,"{'m1-1': 10.26, 'm2-1': 112.75, 'm3-1': 95.02, 'm4-1': 108.13, 'm5-1': 11.02, 'm6-1': 9.73, 'm7-1': 98.5, 'm8-1': 0.94}",1.41,142.68099999999998,143.62099999999998,inf,206.37,206.37
209,T3,BESTEFFORT,COMPLETED,m8-1,56.585,"{'m1-1': 10.13, 'm2-1': 109.13, 'm3-1': 103.66, 'm4-1': 112.62, 'm5-1': 9.99, 'm6-1': 10.73, 'm7-1': 103.37, 'm8-1': 1.01}",1.5150000000000001,143.62099999999998,144.63099999999997,inf,206.585,206.585
210,T2,BESTEFFORT,COMPLETED,m8-1,56.69,"{'m1-1': 10.8, 'm2-1': 108.47, 'm3-1': 100.94, 'm4-1': 101.18, 'm5-1': 11.38, 'm6-1': 10.78, 'm7-1': 106.14, 'm8-1': 1.01}",1.5150000000000001,144.63099999999997,145.64099999999996,inf,206.69,206.69
211,T2,BESTEFFORT,COMPLETED,m6-1,57.069,"{'m1-1': 10.13, 'm2-1': 103.2, 'm3-1': 96.79, 'm4-1': 107.73, 'm5-1': 9.9, 'm6-1': 11.35, 'm7-1': 97.1, 'm8-1': 1.08}",17.025,173.88200000000003,185.23200000000003,inf,207.06900000000002,207.06900000000002
212,T4,BESTEFFORT,COMPLETED,m8-1,57.081,"{'m1-1': 10.8, 'm2-1': 107.38, 'm3-1': 99.63, 'm4-1': 108.88, 'm5-1': 10.12, 'm6-1': 11.37, 'm7-1': 110.72, 'm8-1': 1.02}",1.53,145.64099999999996,146.66099999999997,inf,207.08100000000002,207.08100000000002
213,T2,BESTEFFORT,COMPLETED,m8-1,57.458,"{'m1-1': 10.28, 'm2-1': 97.62, 'm3-1': 101.1, 'm4-1': 110.36, 'm5-1': 11.39, 'm6-1': 10.84, 'm7-1': 96.52, 'm8-1': 1.14}",1.71,146.66099999999997,147.80099999999996,inf,207.458,207.458
214,T4,BESTEFFORT,COMPLETED,m8-1,57.512,"{'m1-1': 10.28, 'm2-1': 103.2, 'm3-1': 109.2, 'm4-1': 112.34, 'm5-1': 9.9, 'm6-1': 11.12, 'm7-1': 97.84, 'm8-1': 1.14}",1.71,147.80099999999996,148.94099999999995,inf,207.512,207.512
215,T2,BESTEFFORT,COMPLETED,m8-1,58.041,"{'m1-1': 11.55, 'm2-1': 97.1, 'm3-1': 100.12, 'm4-1': 114.05, 'm5-1': 10.98, 'm6-1': 11.88, 'm7-1': 102.28, 'm8-1': 1.02}",1.53,148.94099999999995,149.96099999999996,inf,208.041,208.041
216,T2,BESTEFFORT,COMPLETED,m5-1,58.343,"{'m1-1': 10.09, 'm2-1': 96.02, 'm3-1': 108.39, 'm4-1': 108.6, 'm5-1': 10.38, 'm6-1': 11.34, 'm7-1': 98.23, 'm8-1': 1.13}",15.57,178.888,189.268,inf,208.34300000000002,208.34300000000002
217,T3,BESTEFFORT,COMPLETED,m8-1,58.429,"{'m1-1': 11.19, 'm2-1': 112.74, 'm3-1': 97.92, 'm4-1': 100.02, 'm5-1': 10.64, 'm6-1': 9.9, 'm7-1': 113.46, 'm8-1': 0.95}",1.4249999999999998,149.96099999999996,150.91099999999994,inf,208.429,208.429
218,T1,BESTEFFORT,COMPLETED,m8-1,58.759,"{'m1-1': 9.89, 'm2-1': 114.58, 'm3-1': 111.05, 'm4-1': 109.9, 'm5-1': 10.33, 'm6-1': 11.28, 'm7-1': 97.52, 'm8-1': 0.98}",1.47,150.91099999999994,151.89099999999993,inf,208.75900000000001,208.75900000000001
219,T3,BESTEFFORT,COMPLETED,m8-1,58.858,"{'m1-1': 9.7, 'm2-1': 106.57, 'm3-1': 106.73, 'm4-1': 102.95, 'm5-1': 10.01, 'm6-1': 10.52, 'm7-1': 98.03, 'm8-1': 0.98}",1.47,151.89099999999993,152.87099999999992,inf,208.858,208.858
220,T1,BESTEFFORT,COMPLETED,m1-1,58.913,"{'m1-1': 9.93, 'm2-1': 108.0, 'm3-1': 102.77, 'm4-1': 112.81, 'm5-1': 10.58, 'm6-1': 9.96, 'm7-1': 108.23, 'm8-1': 1.11}",14.895,181.116,191.04600000000002,inf,208.913,208.913
221,T1,BESTEFFORT,COMPLETED,m8-1,59.265,"{'m1-1': 9.7, 'm2-1': 112.81, 'm3-1': 109.36, 'm4-1': 105.93, 'm5-1': 10.86, 'm6-1': 11.4, 'm7-1': 109.32, 'm8-1': 1.05}",1.5750000000000002,152.87099999999992,153.92099999999994,inf,209.265,209.265
222,T4,BESTEFFORT,COMPLETED,m8-1,59.972,"{'m1-1': 9.82, 'm2-1': 102.28, 'm3-1': 101.28, 'm4-1': 102.54, 'm5-1': 11.32, 'm6-1': 10.43, 'm7-1': 107.83, 'm8-1': 1.02}",1.53,153.92099999999994,154.94099999999995,inf,209.972,209.972
223,T2,BESTEFFORT,COMPLETED,m8-1,60.241,"{'m1-1': 10.66, 'm2-1': 107.31, 'm3-1': 104.16, 'm4-1': 108.07, 'm5-1': 9.91, 'm6-1': 11.39, 'm7-1': 101.0, 'm8-1': 1.06}",1.59,154.94099999999995,156.00099999999995,inf,210.24099999999999,210.24099999999999
224,T1,BESTEFFORT,COMPLETED,m8-1,60.702,"{'m1-1': 10.06, 'm2-1': 111.73, 'm3-1': 101.07, 'm4-1': 117.41, 'm5-1': 10.63, 'm6-1': 11.61, 'm7-1': 109.05, 'm8-1': 1.0}",1.5,156.00099999999995,157.00099999999995,inf,210.702,210.702
225,T3,BESTEFFORT,COMPLETED,m6-1,60.956,"{'m1-1': 10.29, 'm2-1': 110.24, 'm3-1': 95.05, 'm4-1': 100.04, 'm5-1': 10.42, 'm6-1': 11.08, 'm7-1': 103.07, 'm8-1': 1.04}",16.62,185.23200000000003,196.31200000000004,inf,210.95600000000002,210.95600000000002
226,T1,BESTEFFORT,COMPLETED,m8-1,61.365,"{'m1-1': 10.24, 'm2-1': 104.53, 'm3-1': 102.81, 'm4-1': 104.39, 'm5-1': 10.14, 'm6-1': 11.47, 'm7-1': 106.89, 'm8-1': 0.99}",1.4849999999999999,157.00099999999995,157.99099999999996,inf,211.365,211.365
227,T2,BESTEFFORT,COMPLETED,m8-1,61.834,"{'m1-1': 11.25, 'm2-1': 106.26, 'm3-1': 110.1, 'm4-1': 113.08, 'm5-1': 10.48, 'm6-1': 11.66, 'm7-1': 110.32, 'm8-1': 1.03}",1.545,157.99099999999996,159.02099999999996,inf,211.834,211.834
228,T1,BESTEFFORT,COMPLETED,m8-1,61.979,"{'m1-1': 9.75, 'm2-1': 107.79, 'm3-1': 97.04, 'm4-1': 109.7, 'm5-1': 10.69, 'm6-1': 10.11, 'm7-1': 96.7, 'm8-1': 1.05}",1.5750000000000002,159.02099999999996,160.07099999999997,inf,211.97899999999998,211.97899999999998
229,T3,BESTEFFORT,COMPLETED,m8-1,62.114,"{'m1-1': 10.7, 'm2-1': 104.19, 'm3-1': 105.28, 'm4-1': 109.84, 'm5-1': 10.87, 'm6-1': 10.91, 'm7-1': 103.58, 'm8-1': 0.93}",1.395,160.07099999999997,161.00099999999998,inf,212.114,212.114
230,T3,BESTEFFORT,COMPLETED,m5-1,62.168,"{'m1-1': 11.01, 'm2-1': 107.44, 'm3-1': 105.25, 'm4-1': 99.85, 'm5-1': 9.97, 'm6-1': 10.59, 'm7-1': 113.63, 'm8-1': 1.02}",14.955000000000002,189.268,199.238,inf,212.168,212.168
231,T2,BESTEFFORT,COMPLETED,m8-1,62.548,"{'m1-1': 11.18, 'm2-1': 100.98, 'm3-1': 102.89, 'm4-1': 98.89, 'm5-1': 10.91, 'm6-1': 10.87, 'm7-1': 105.18, 'm8-1': 0.99}",1.4849999999999999,161.00099999999998,161.99099999999999,inf,212.548,212.548
232,T1,BESTEFFORT,MISSED,m2-1,62.601,"{'m1-1': 11.12, 'm2-1': 102.82, 'm3-1': 102.9, 'm4-1': 114.36, 'm5-1': 9.38, 'm6-1': 10.58, 'm7-1': 103.72, 'm8-1': 0.99}",26.095499999999987,195.204,inf,212.601,212.601,212.601
233,T2,BESTEFFORT,MISSED,m3-1,63.004,"{'m1-1': 10.46, 'm2-1': 108.76, 'm3-1': 110.36, 'm4-1': 106.96, 'm5-1': 11.17, 'm6-1': 11.8, 'm7-1': 100.16, 'm8-1': 1.09}",21.056999999999974,198.966,inf,213.004,213.004,213.004
234,T1,BESTEFFORT,MISSED,m7-1,63.1,"{'m1-1': 10.55, 'm2-1': 100.16, 'm3-1': 97.14, 'm4-1': 110.75, 'm5-1': 9.75, 'm6-1': 9.92, 'm7-1': 95.96, 'm8-1': 1.0}",16.525499999999994,202.083,inf,213.1,213.1,213.1
235,T3,BESTEFFORT,COMPLETED,m8-1,63.757,"{'m1-1': 10.96, 'm2-1': 97.65, 'm3-1': 93.21, 'm4-1': 100.04, 'm5-1': 11.38, 'm6-1': 11.25, 'm7-1': 100.1, 'm8-1': 0.95}",1.4249999999999998,161.99099999999999,162.94099999999997,inf,213.757,213.757
236,T4,BESTEFFORT,MISSED,m4-1,63.845,"{'m1-1': 10.53, 'm2-1': 97.99, 'm3-1': 103.68, 'm4-1': 97.73, 'm5-1': 11.45, 'm6-1': 10.8, 'm7-1': 107.0, 'm8-1': 1.07}",21.935999999999993,199.221,inf,213.845,213.845,213.845
237,T3,BESTEFFORT,MISSED,m2-1,64.928,"{'m1-1': 10.65, 'm2-1': 104.24, 'm3-1': 108.73, 'm4-1': 95.48, 'm5-1': 10.26, 'm6-1': 11.05, 'm7-1': 97.91, 'm8-1': 0.99}",3.4904999999999973,212.601,inf,214.928,214.928,214.928
238,T2,BESTEFFORT,MISSED,m3-1,65.455,"{'m1-1': 10.46, 'm2-1': 97.55, 'm3-1': 113.1, 'm4-1': 105.72, 'm5-1': 10.81, 'm6-1': 10.45, 'm7-1': 109.08, 'm8-1': 1.12}",3.67649999999999,213.004,inf,215.45499999999998,215.45499999999998,215.45499999999998
239,T2,BESTEFFORT,COMPLETED,m8-1,65.602,"{'m1-1': 10.56, 'm2-1': 102.33, 'm3-1': 100.05, 'm4-1': 97.64, 'm5-1': 10.25, 'm6-1': 11.02, 'm7-1': 97.67, 'm8-1': 1.06}",1.59,162.94099999999997,164.00099999999998,inf,215.602,215.602
240,T4,BESTEFFORT,COMPLETED,m1-1,66.935,"{'m1-1': 10.84, 'm2-1': 100.98, 'm3-1': 111.77, 'm4-1': 99.91, 'm5-1': 10.96, 'm6-1': 10.99, 'm7-1': 102.42, 'm8-1': 1.14}",16.259999999999998,191.04600000000002,201.88600000000002,inf,216.935,216.935
241,T4,BESTEFFORT,MISSED,m7-1,67.277,"{'m1-1': 10.15, 'm2-1': 101.04, 'm3-1': 116.2, 'm4-1': 100.25, 'm5-1': 10.02, 'm6-1': 11.45, 'm7-1': 106.78, 'm8-1': 1.02}",6.265499999999989,213.1,inf,217.277,217.277,217.277
242,T2,BESTEFFORT,MISSED,m7-1,67.289,"{'m1-1': 11.49, 'm2-1': 92.65, 'm3-1': 99.63, 'm4-1': 107.62, 'm5-1': 11.52, 'm6-1': 10.36, 'm7-1': 102.2, 'm8-1': 1.04}",0.018000000000000682,217.277,inf,217.289,217.289,217.289
243,T3,BESTEFFORT,COMPLETED,m8-1,67.306,"{'m1-1': 9.77, 'm2-1': 96.61, 'm3-1': 105.27, 'm4-1': 99.72, 'm5-1': 10.16, 'm6-1': 9.69, 'm7-1': 106.54, 'm8-1': 0.96}",1.44,164.00099999999998,164.96099999999998,inf,217.30599999999998,217.30599999999998
244,T2,BESTEFFORT,MISSED,m4-1,67.407,"{'m1-1': 9.89, 'm2-1': 97.34, 'm3-1': 108.11, 'm4-1': 107.23, 'm5-1': 10.22, 'm6-1': 11.39, 'm7-1': 104.39, 'm8-1': 1.1}",5.342999999999975,213.845,inf,217.40699999999998,217.40699999999998,217.40699999999998
245,T4,BESTEFFORT,MISSED,m2-1,67.534,"{'m1-1': 9.96, 'm2-1': 105.14, 'm3-1': 103.19, 'm4-1': 112.12, 'm5-1': 10.36, 'm6-1': 10.54, 'm7-1': 112.45, 'm8-1': 1.02}",3.908999999999992,214.928,inf,217.534,217.534,217.534
246,T3,BESTEFFORT,MISSED,m3-1,67.662,"{'m1-1': 10.13, 'm2-1': 104.21, 'm3-1': 95.89, 'm4-1': 110.4, 'm5-1': 10.39, 'm6-1': 10.95, 'm7-1': 98.99, 'm8-1': 0.96}",3.310500000000033,215.45499999999998,inf,217.662,217.662,217.662
247,T3,BESTEFFORT,MISSED,m4-1,67.899,"{'m1-1': 10.28, 'm2-1': 99.8, 'm3-1': 95.56, 'm4-1': 102.98, 'm5-1': 9.97, 'm6-1': 9.72, 'm7-1': 105.28, 'm8-1': 0.97}",0.738000000000028,217.40699999999998,inf,217.899,217.899,217.899
248,T1,BESTEFFORT,COMPLETED,m8-1,68.568,"{'m1-1': 9.71, 'm2-1': 103.48, 'm3-1': 100.72, 'm4-1': 117.68, 'm5-1': 9.37, 'm6-1': 10.67, 'm7-1': 107.15, 'm8-1': 1.14}",1.71,164.96099999999998,166.10099999999997,inf,218.56799999999998,218.56799999999998
249,T3,BESTEFFORT,COMPLETED,m8-1,69.413,"{'m1-1': 10.54, 'm2-1': 104.16, 'm3-1': 103.04, 'm4-1': 95.62, 'm5-1': 10.78, 'm6-1': 9.67, 'm7-1': 98.16, 'm8-1': 1.03}",1.545,166.10099999999997,167.13099999999997,inf,219.413,219.413
250,T2,BESTEFFORT,COMPLETED,m6-1,70.539,"{'m1-1': 10.97, 'm2-1': 99.75, 'm3-1': 95.99, 'm4-1': 105.68, 'm5-1': 10.97, 'm6-1': 10.12, 'm7-1': 103.57, 'm8-1': 1.07}",15.18,196.31200000000004,206.43200000000004,inf,220.539,220.539
251,T3,BESTEFFORT,COMPLETED,m8-1,70.758,"{'m1-1': 9.85, 'm2-1': 109.36, 'm3-1': 105.9, 'm4-1': 97.74, 'm5-1': 9.8, 'm6-1': 10.9, 'm7-1': 102.65, 'm8-1': 0.96}",1.44,167.13099999999997,168.09099999999998,inf,220.75799999999998,220.75799999999998
252,T1,BESTEFFORT,COMPLETED,m8-1,70.895,"{'m1-1': 10.62, 'm2-1': 105.99, 'm3-1': 110.99, 'm4-1': 118.75, 'm5-1': 10.58, 'm6-1': 10.99, 'm7-1': 102.16, 'm8-1': 1.0}",1.5,168.09099999999998,169.09099999999998,inf,220.89499999999998,220.89499999999998
253,T2,BESTEFFORT,COMPLETED,m8-1,71.029,"{'m1-1': 11.4, 'm2-1': 91.89, 'm3-1': 104.44, 'm4-1': 97.64, 'm5-1': 10.19, 'm6-1': 11.45, 'm7-1': 113.52, 'm8-1': 1.02}",1.53,169.09099999999998,170.111,inf,221.029,221.029
254,T1,BESTEFFORT,COMPLETED,m8-1,71.164,"{'m1-1': 10.9, 'm2-1': 100.18, 'm3-1': 107.0, 'm4-1': 106.48, 'm5-1': 9.3, 'm6-1': 11.22, 'm7-1': 101.79, 'm8-1': 1.0}",1.5,170.111,171.111,inf,221.164,221.164
255,T4,BESTEFFORT,COMPLETED,m8-1,71.169,"{'m1-1': 10.5, 'm2-1': 114.02, 'm3-1': 115.72, 'm4-1': 109.31, 'm5-1': 10.99, 'm6-1': 10.04, 'm7-1': 99.76, 'm8-1': 1.13}",1.6949999999999998,171.111,172.24099999999999,inf,221.16899999999998,221.16899999999998
256,T4,BESTEFFORT,COMPLETED,m5-1,71.25,"{'m1-1': 10.28, 'm2-1': 100.01, 'm3-1': 109.43, 'm4-1': 110.85, 'm5-1': 11.11, 'm6-1': 10.15, 'm7-1': 102.05, 'm8-1': 1.09}",16.665,199.238,210.348,inf,221.25,221.25
257,T1,BESTEFFORT,COMPLETED,m8-1,71.421,"{'m1-1': 9.42, 'm2-1': 102.44, 'm3-1': 107.91, 'm4-1': 112.12, 'm5-1': 10.45, 'm6-1': 11.23, 'm7-1': 96.21, 'm8-1': 1.14}",1.71,172.24099999999999,173.38099999999997,inf,221.421,221.421
258,T1,BESTEFFORT,COMPLETED,m8-1,71.553,"{'m1-1': 9.87, 'm2-1': 108.58, 'm3-1': 109.36, 'm4-1': 112.51, 'm5-1': 9.84, 'm6-1': 11.06, 'm7-1': 112.5, 'm8-1': 1.05}",1.5750000000000002,173.38099999999997,174.43099999999998,inf,221.553,221.553
259,T3,BESTEFFORT,COMPLETED,m1-1,71.685,"{'m1-1': 9.79, 'm2-1': 113.53, 'm3-1': 95.46, 'm4-1': 98.67, 'm5-1': 10.59, 'm6-1': 9.99, 'm7-1': 99.0, 'm8-1': 0.95}",14.684999999999999,201.88600000000002,211.67600000000002,inf,221.685,221.685
260,T4,BESTEFFORT,COMPLETED,m8-1,71.88,"{'m1-1': 11.18, 'm2-1': 111.34, 'm3-1': 103.83, 'm4-1': 102.02, 'm5-1': 10.1, 'm6-1': 10.66, 'm7-1': 103.06, 'm8-1': 0.96}",1.44,174.43099999999998,175.391,inf,221.88,221.88
261,T1,BESTEFFORT,COMPLETED,m8-1,72.156,"{'m1-1': 10.7, 'm2-1': 99.79, 'm3-1': 104.36, 'm4-1': 104.65, 'm5-1': 9.37, 'm6-1': 10.85, 'm7-1': 103.37, 'm8-1': 1.02}",1.53,175.391,176.411,inf,222.156,222.156
262,T3,BESTEFFORT,COMPLETED,m8-1,72.295,"{'m1-1': 9.66, 'm2-1': 96.79, 'm3-1': 94.98, 'm4-1': 110.87, 'm5-1': 11.45, 'm6-1': 9.72, 'm7-1': 104.27, 'm8-1': 0.98}",1.47,176.411,177.391,inf,222.29500000000002,222.29500000000002
263,T2,BESTEFFORT,COMPLETED,m6-1,72.345,"{'m1-1': 10.49, 'm2-1': 104.38, 'm3-1': 103.74, 'm4-1': 103.71, 'm5-1': 9.81, 'm6-1': 10.5, 'm7-1': 111.52, 'm8-1': 1.07}",15.75,206.43200000000004,216.93200000000004,inf,222.345,222.345
264,T1,BESTEFFORT,COMPLETED,m8-1,73.328,"{'m1-1': 9.96, 'm2-1': 100.34, 'm3-1': 101.52, 'm4-1': 101.78, 'm5-1': 9.57, 'm6-1': 10.12, 'm7-1': 104.64, 'm8-1': 1.04}",1.56,177.391,178.43099999999998,inf,223.328,223.328
265,T3,BESTEFFORT,COMPLETED,m8-1,73.4,"{'m1-1': 9.75, 'm2-1': 96.71, 'm3-1': 105.28, 'm4-1': 100.52, 'm5-1': 10.54, 'm6-1': 10.93, 'm7-1': 102.0, 'm8-1': 1.06}",1.59,178.43099999999998,179.49099999999999,inf,223.4,223.4
266,T2,BESTEFFORT,COMPLETED,m8-1,73.6,"{'m1-1': 10.62, 'm2-1': 101.82, 'm3-1': 109.46, 'm4-1': 112.14, 'm5-1': 10.14, 'm6-1': 11.54, 'm7-1': 96.86, 'm8-1': 1.11}",1.665,180.59099999999998,181.701,inf,223.6,223.6
267,T2,BESTEFFORT,COMPLETED,m8-1,73.6,"{'m1-1': 11.62, 'm2-1': 92.75, 'm3-1': 110.5, 'm4-1': 103.66, 'm5-1': 11.34, 'm6-1': 11.3, 'm7-1': 98.78, 'm8-1': 1.1}",1.6500000000000001,179.49099999999999,180.59099999999998,inf,223.6,223.6
268,T4,BESTEFFORT,COMPLETED,m8-1,73.728,"{'m1-1': 10.55, 'm2-1': 101.04, 'm3-1': 110.7, 'm4-1': 102.95, 'm5-1': 10.89, 'm6-1': 11.73, 'm7-1': 112.33, 'm8-1': 1.05}",1.5750000000000002,181.701,182.751,inf,223.728,223.728
269,T1,BESTEFFORT,COMPLETED,m5-1,73.732,"{'m1-1': 9.83, 'm2-1': 109.24, 'm3-1': 109.28, 'm4-1': 118.28, 'm5-1': 10.08, 'm6-1': 11.33, 'm7-1': 96.36, 'm8-1': 0.99}",15.120000000000001,210.348,220.42800000000003,inf,223.732,223.732
270,T4,BESTEFFORT,COMPLETED,m8-1,73.823,"{'m1-1': 10.02, 'm2-1': 113.79, 'm3-1': 106.88, 'm4-1': 100.64, 'm5-1': 10.41, 'm6-1': 10.03, 'm7-1': 106.67, 'm8-1': 1.13}",1.6949999999999998,182.751,183.881,inf,223.82299999999998,223.82299999999998
271,T1,BESTEFFORT,COMPLETED,m8-1,73.86,"{'m1-1': 10.48, 'm2-1': 99.73, 'm3-1': 104.23, 'm4-1': 111.0, 'm5-1': 9.59, 'm6-1': 11.56, 'm7-1': 103.98, 'm8-1': 1.06}",1.59,183.881,184.941,inf,223.86,223.86
272,T1,BESTEFFORT,COMPLETED,m1-1,74.067,"{'m1-1': 10.9, 'm2-1': 108.69, 'm3-1': 107.47, 'm4-1': 101.61, 'm5-1': 9.95, 'm6-1': 9.86, 'm7-1': 110.33, 'm8-1': 1.11}",16.35,211.67600000000002,222.57600000000002,inf,224.067,224.067
273,T2,BESTEFFORT,COMPLETED,m8-1,74.246,"{'m1-1': 10.86, 'm2-1': 99.15, 'm3-1': 111.86, 'm4-1': 114.83, 'm5-1': 9.93, 'm6-1': 10.26, 'm7-1': 102.66, 'm8-1': 1.06}",1.59,184.941,186.001,inf,224.24599999999998,224.24599999999998
274,T2,BESTEFFORT,COMPLETED,m8-1,74.63,"{'m1-1': 11.54, 'm2-1': 96.26, 'm3-1': 111.71, 'm4-1': 115.67, 'm5-1': 10.46, 'm6-1': 11.65, 'm7-1': 101.77, 'm8-1': 1.03}",1.545,186.001,187.031,inf,224.63,224.63
275,T4,BESTEFFORT,COMPLETED,m8-1,74.808,"{'m1-1': 10.11, 'm2-1': 112.11, 'm3-1': 114.72, 'm4-1': 111.98, 'm5-1': 11.58, 'm6-1': 10.11, 'm7-1': 104.06, 'm8-1': 1.09}",1.6350000000000002,187.031,188.121,inf,224.808,224.808
276,T4,BESTEFFORT,COMPLETED,m8-1,74.883,"{'m1-1': 11.05, 'm2-1': 111.0, 'm3-1': 102.09, 'm4-1': 98.81, 'm5-1': 10.59, 'm6-1': 10.95, 'm7-1': 107.68, 'm8-1': 1.08}",1.62,188.121,189.20100000000002,inf,224.88299999999998,224.88299999999998
277,T3,BESTEFFORT,MISSED,m6-1,75.246,"{'m1-1': 10.03, 'm2-1': 113.21, 'm3-1': 108.86, 'm4-1': 112.17, 'm5-1': 11.48, 'm6-1': 10.14, 'm7-1': 103.58, 'm8-1': 1.08}",12.470999999999904,216.93200000000004,inf,225.24599999999998,225.24599999999998,225.24599999999998
278,T3,BESTEFFORT,COMPLETED,m8-1,75.605,"{'m1-1': 10.4, 'm2-1': 109.72, 'm3-1': 99.7, 'm4-1': 106.41, 'm5-1': 10.38, 'm6-1': 10.23, 'm7-1': 106.57, 'm8-1': 1.04}",1.56,189.20100000000002,190.241,inf,225.60500000000002,225.60500000000002
279,T4,BESTEFFORT,COMPLETED,m8-1,75.935,"{'m1-1': 10.88, 'm2-1': 106.81, 'm3-1': 109.54, 'm4-1': 98.77, 'm5-1': 9.98, 'm6-1': 10.77, 'm7-1': 96.24, 'm8-1': 1.06}",1.59,190.241,191.30100000000002,inf,225.935,225.935
280,T3,BESTEFFORT,COMPLETED,m8-1,76.746,"{'m1-1': 9.85, 'm2-1': 111.11, 'm3-1': 94.32, 'm4-1': 113.02, 'm5-1': 10.58, 'm6-1': 10.11, 'm7-1': 109.14, 'm8-1': 1.02}",1.53,191.30100000000002,192.32100000000003,inf,226.74599999999998,226.74599999999998
281,T3,BESTEFFORT,COMPLETED,m8-1,77.222,"{'m1-1': 10.21, 'm2-1': 105.53, 'm3-1': 102.2, 'm4-1': 107.49, 'm5-1': 9.94, 'm6-1': 11.26, 'm7-1': 97.45, 'm8-1': 1.06}",1.59,192.32100000000003,193.38100000000003,inf,227.22199999999998,227.22199999999998
282,T3,BESTEFFORT,MISSED,m5-1,77.717,"{'m1-1': 10.49, 'm2-1': 109.99, 'm3-1': 97.33, 'm4-1': 98.07, 'm5-1': 10.76, 'm6-1': 9.94, 'm7-1': 97.68, 'm8-1': 1.07}",10.933499999999938,220.42800000000003,inf,227.71699999999998,227.71699999999998,227.71699999999998
283,T2,BESTEFFORT,COMPLETED,m8-1,77.853,"{'m1-1': 10.24, 'm2-1': 94.57, 'm3-1': 100.94, 'm4-1': 108.07, 'm5-1': 10.16, 'm6-1': 11.13, 'm7-1': 112.55, 'm8-1': 1.14}",1.71,193.38100000000003,194.52100000000002,inf,227.853,227.853
284,T1,BESTEFFORT,MISSED,m1-1,77.87,"{'m1-1': 9.57, 'm2-1': 111.4, 'm3-1': 111.02, 'm4-1': 103.4, 'm5-1': 10.01, 'm6-1': 11.23, 'm7-1': 110.99, 'm8-1': 1.06}",7.940999999999974,222.57600000000002,inf,227.87,227.87,227.87
285,T4,BESTEFFORT,COMPLETED,m8-1,77.881,"{'m1-1': 10.23, 'm2-1': 114.5, 'm3-1': 112.59, 'm4-1': 108.34, 'm5-1': 10.57, 'm6-1': 10.04, 'm7-1': 110.48, 'm8-1': 1.09}",1.6350000000000002,194.52100000000002,195.61100000000002,inf,227.881,227.881
286,T4,BESTEFFORT,COMPLETED,m8-1,77.982,"{'m1-1': 10.64, 'm2-1': 115.56, 'm3-1': 117.05, 'm4-1': 96.44, 'm5-1': 10.18, 'm6-1': 11.61, 'm7-1': 106.82, 'm8-1': 1.12}",1.6800000000000002,195.61100000000002,196.73100000000002,inf,227.982,227.982
287,T4,BESTEFFORT,COMPLETED,m8-1,78.074,"{'m1-1': 10.33, 'm2-1': 100.84, 'm3-1': 100.29, 'm4-1': 107.92, 'm5-1': 11.33, 'm6-1': 11.25, 'm7-1': 112.13, 'm8-1': 1.02}",1.53,196.73100000000002,197.75100000000003,inf,228.074,228.074
288,T2,BESTEFFORT,COMPLETED,m8-1,78.311,"{'m1-1': 11.16, 'm2-1': 95.77, 'm3-1': 99.97, 'm4-1': 98.75, 'm5-1': 10.66, 'm6-1': 11.64, 'm7-1': 107.01, 'm8-1': 1.13}",1.6949999999999998,197.75100000000003,198.88100000000003,inf,228.311,228.311
289,T3,BESTEFFORT,MISSED,m2-1,78.324,"{'m1-1': 10.5, 'm2-1': 111.43, 'm3-1': 107.92, 'm4-1': 96.4, 'm5-1': 10.75, 'm6-1': 9.63, 'm7-1': 113.0, 'm8-1': 1.0}",16.18500000000003,217.534,inf,228.324,228.324,228.324
290,T2,BESTEFFORT,COMPLETED,m8-1,78.654,"{'m1-1': 9.92, 'm2-1': 99.31, 'm3-1': 103.24, 'm4-1': 98.7, 'm5-1': 10.57, 'm6-1': 11.77, 'm7-1': 102.42, 'm8-1': 0.98}",1.47,198.88100000000003,199.86100000000002,inf,228.654,228.654
291,T3,BESTEFFORT,MISSED,m6-1,78.705,"{'m1-1': 10.62, 'm2-1': 101.26, 'm3-1': 106.34, 'm4-1': 110.57, 'm5-1': 10.3, 'm6-1': 10.27, 'm7-1': 100.75, 'm8-1': 0.98}",5.188500000000005,225.24599999999998,inf,228.70499999999998,228.70499999999998,228.70499999999998
292,T2,BESTEFFORT,COMPLETED,m8-1,78.73,"{'m1-1': 11.35, 'm2-1': 99.67, 'm3-1': 109.44, 'm4-1': 97.91, 'm5-1': 10.01, 'm6-1': 10.1, 'm7-1': 99.95, 'm8-1': 1.02}",1.53,199.86100000000002,200.88100000000003,inf,228.73000000000002,228.73000000000002
293,T3,BESTEFFORT,COMPLETED,m8-1,78.779,"{'m1-1': 10.91, 'm2-1': 101.38, 'm3-1': 103.17, 'm4-1': 107.16, 'm5-1': 10.39, 'm6-1': 11.02, 'm7-1': 106.51, 'm8-1': 0.96}",1.44,200.88100000000003,201.84100000000004,inf,228.779,228.779
294,T3,BESTEFFORT,COMPLETED,m8-1,78.79,"{'m1-1': 10.11, 'm2-1': 113.99, 'm3-1': 108.72, 'm4-1': 98.34, 'm5-1': 10.94, 'm6-1': 9.94, 'm7-1': 111.72, 'm8-1': 1.09}",1.6350000000000002,201.84100000000004,202.93100000000004,inf,228.79000000000002,228.79000000000002
295,T4,BESTEFFORT,MISSED,m3-1,79.042,"{'m1-1': 10.81, 'm2-1': 99.15, 'm3-1': 113.6, 'm4-1': 96.57, 'm5-1': 11.16, 'm6-1': 10.43, 'm7-1': 101.94, 'm8-1': 1.12}",17.069999999999993,217.662,inf,229.042,229.042,229.042
296,T2,BESTEFFORT,MISSED,m4-1,79.502,"{'m1-1': 10.86, 'm2-1': 100.62, 'm3-1': 99.11, 'm4-1': 97.88, 'm5-1': 10.04, 'm6-1': 10.55, 'm7-1': 111.19, 'm8-1': 0.98}",17.404500000000013,217.899,inf,229.502,229.502,229.502
297,T1,BESTEFFORT,MISSED,m5-1,79.562,"{'m1-1': 10.37, 'm2-1': 99.71, 'm3-1': 109.97, 'm4-1': 112.45, 'm5-1': 10.21, 'm6-1': 9.89, 'm7-1': 98.21, 'm8-1': 0.97}",2.767500000000041,227.71699999999998,inf,229.562,229.562,229.562
298,T4,BESTEFFORT,COMPLETED,m8-1,79.763,"{'m1-1': 10.94, 'm2-1': 109.29, 'm3-1': 117.48, 'm4-1': 106.15, 'm5-1': 10.31, 'm6-1': 10.76, 'm7-1': 112.59, 'm8-1': 1.12}",1.6800000000000002,202.93100000000004,204.05100000000004,inf,229.763,229.763
299,T3,BESTEFFORT,COMPLETED,m8-1,79.848,"{'m1-1': 9.99, 'm2-1': 102.92, 'm3-1': 104.62, 'm4-1': 112.8, 'm5-1': 11.47, 'm6-1': 9.63, 'm7-1': 107.83, 'm8-1': 1.03}",1.545,204.05100000000004,205.08100000000005,inf,229.848,229.848
300,T3,BESTEFFORT,COMPLETED,m8-1,80.149,"{'m1-1': 10.26, 'm2-1': 111.59, 'm3-1': 99.21, 'm4-1': 109.22, 'm5-1': 10.76, 'm6-1': 9.72, 'm7-1': 108.81, 'm8-1': 0.97}",1.455,205.08100000000005,206.05100000000004,inf,230.149,230.149
301,T1,BESTEFFORT,MISSED,m1-1,80.209,"{'m1-1': 9.79, 'm2-1': 99.15, 'm3-1': 112.3, 'm4-1': 110.09, 'm5-1': 9.27, 'm6-1': 10.82, 'm7-1': 99.19, 'm8-1': 1.05}",3.508499999999998,227.87,inf,230.209,230.209,230.209
302,T1,BESTEFFORT,MISSED,m7-1,80.625,"{'m1-1': 10.38, 'm2-1': 116.54, 'm3-1': 108.62, 'm4-1': 106.7, 'm5-1': 10.5, 'm6-1': 10.1, 'm7-1': 95.64, 'm8-1': 1.11}",20.00400000000002,217.289,inf,230.625,230.625,230.625
303,T3,BESTEFFORT,COMPLETED,m8-1,81.024,"{'m1-1': 11.22, 'm2-1': 113.25, 'm3-1': 103.02, 'm4-1': 104.99, 'm5-1': 11.27, 'm6-1': 10.73, 'm7-1': 111.8, 'm8-1': 1.01}",1.5150000000000001,206.05100000000004,207.06100000000004,inf,231.024,231.024
304,T1,BESTEFFORT,COMPLETED,m8-1,81.191,"{'m1-1': 9.98, 'm2-1': 114.35, 'm3-1': 98.33, 'm4-1': 101.89, 'm5-1': 9.76, 'm6-1': 10.8, 'm7-1': 107.35, 'm8-1': 1.11}",1.665,207.06100000000004,208.17100000000005,inf,231.191,231.191
305,T3,BESTEFFORT,COMPLETED,m8-1,81.371,"{'m1-1': 11.12, 'm2-1': 108.85, 'm3-1': 106.66, 'm4-1': 111.28, 'm5-1': 9.82, 'm6-1': 10.8, 'm7-1': 111.3, 'm8-1': 1.03}",1.545,208.17100000000005,209.20100000000005,inf,231.37099999999998,231.37099999999998
306,T2,BESTEFFORT,COMPLETED,m8-1,81.557,"{'m1-1': 9.91, 'm2-1': 108.31, 'm3-1': 95.91, 'm4-1': 111.27, 'm5-1': 11.57, 'm6-1': 11.33, 'm7-1': 99.34, 'm8-1': 0.99}",1.4849999999999999,209.20100000000005,210.19100000000006,inf,231.55700000000002,231.55700000000002
307,T3,BESTEFFORT,MISSED,m6-1,81.886,"{'m1-1': 11.33, 'm2-1': 96.61, 'm3-1': 97.92, 'm4-1': 99.38, 'm5-1': 9.73, 'm6-1': 11.26, 'm7-1': 104.3, 'm8-1': 0.95}",4.771500000000017,228.70499999999998,inf,231.886,231.886,231.886
308,T2,BESTEFFORT,COMPLETED,m8-1,83.1,"{'m1-1': 10.2, 'm2-1': 93.18, 'm3-1': 97.88, 'm4-1': 106.62, 'm5-1': 11.19, 'm6-1': 11.76, 'm7-1': 104.82, 'm8-1': 1.01}",1.5150000000000001,210.19100000000006,211.20100000000005,inf,233.1,233.1
309,T4,BESTEFFORT,COMPLETED,m8-1,83.262,"{'m1-1': 11.2, 'm2-1': 105.18, 'm3-1': 111.19, 'm4-1': 101.23, 'm5-1': 10.69, 'm6-1': 11.21, 'm7-1': 98.7, 'm8-1': 1.08}",1.62,211.20100000000005,212.28100000000006,inf,233.262,233.262
310,T2,BESTEFFORT,COMPLETED,m8-1,83.726,"{'m1-1': 10.3, 'm2-1': 105.92, 'm3-1': 99.25, 'm4-1': 114.72, 'm5-1': 10.89, 'm6-1': 10.5, 'm7-1': 106.83, 'm8-1': 1.01}",1.5150000000000001,212.28100000000006,213.29100000000005,inf,233.726,233.726
311,T3,BESTEFFORT,COMPLETED,m8-1,84.12,"{'m1-1': 10.68, 'm2-1': 108.17, 'm3-1': 93.55, 'm4-1': 99.93, 'm5-1': 10.04, 'm6-1': 9.49, 'm7-1': 111.58, 'm8-1': 0.96}",1.44,213.29100000000005,214.25100000000006,inf,234.12,234.12
312,T4,BESTEFFORT,MISSED,m5-1,84.959,"{'m1-1': 11.15, 'm2-1': 108.29, 'm3-1': 112.6, 'm4-1': 107.19, 'm5-1': 10.86, 'm6-1': 10.92, 'm7-1': 108.78, 'm8-1': 1.14}",8.095499999999987,229.562,inf,234.959,234.959,234.959
313,T4,BESTEFFORT,COMPLETED,m8-1,85.093,"{'m1-1': 10.34, 'm2-1': 105.2, 'm3-1': 114.55, 'm4-1': 104.2, 'm5-1': 11.06, 'm6-1': 11.68, 'm7-1': 112.34, 'm8-1': 1.14}",1.71,214.25100000000006,215.39100000000005,inf,235.09300000000002,235.09300000000002
314,T4,BESTEFFORT,MISSED,m1-1,85.219,"{'m1-1': 11.07, 'm2-1': 114.57, 'm3-1': 103.3, 'm4-1': 96.04, 'm5-1': 10.09, 'm6-1': 11.28, 'm7-1': 96.15, 'm8-1': 1.03}",7.514999999999986,230.209,inf,235.219,235.219,235.219
315,T4,BESTEFFORT,COMPLETED,m8-1,85.36,"{'m1-1': 10.1, 'm2-1': 111.2, 'm3-1': 113.34, 'm4-1': 111.35, 'm5-1': 10.88, 'm6-1': 10.07, 'm7-1': 107.77, 'm8-1': 1.14}",1.71,215.39100000000005,216.53100000000003,inf,235.36,235.36
316,T2,BESTEFFORT,MISSED,m2-1,85.409,"{'m1-1': 10.36, 'm2-1': 97.18, 'm3-1': 102.48, 'm4-1': 97.26, 'm5-1': 10.98, 'm6-1': 11.31, 'm7-1': 109.78, 'm8-1': 0.98}",10.62749999999997,228.324,inf,235.409,235.409,235.409
317,T1,BESTEFFORT,MISSED,m3-1,85.477,"{'m1-1': 11.01, 'm2-1': 105.36, 'm3-1': 97.58, 'm4-1': 104.13, 'm5-1': 10.79, 'm6-1': 10.98, 'm7-1': 102.72, 'm8-1': 0.99}",9.652500000000003,229.042,inf,235.477,235.477,235.477
318,T4,BESTEFFORT,MISSED,m7-1,85.691,"{'m1-1': 10.97, 'm2-1': 103.16, 'm3-1': 115.82, 'm4-1': 102.05, 'm5-1': 11.55, 'm6-1': 10.07, 'm7-1': 106.64, 'm8-1': 1.06}",7.599000000000004,230.625,inf,235.691,235.691,235.691
319,T3,BESTEFFORT,COMPLETED,m8-1,86.704,"{'m1-1': 9.86, 'm2-1': 110.76, 'm3-1': 104.63, 'm4-1': 104.87, 'm5-1': 11.41, 'm6-1': 10.35, 'm7-1': 107.2, 'm8-1': 1.06}",1.59,216.53100000000003,217.59100000000004,inf,236.704,236.704
320,T2,BESTEFFORT,MISSED,m4-1,86.992,"{'m1-1': 10.74, 'm2-1': 104.63, 'm3-1': 111.55, 'm4-1': 108.78, 'm5-1': 10.41, 'm6-1': 11.21, 'm7-1': 105.58, 'm8-1': 1.08}",11.235000000000014,229.502,inf,236.99200000000002,236.99200000000002,236.99200000000002
321,T2,BESTEFFORT,COMPLETED,m8-1,87.23,"{'m1-1': 9.94, 'm2-1': 96.86, 'm3-1': 97.3, 'm4-1': 109.74, 'm5-1': 10.08, 'm6-1': 11.3, 'm7-1': 111.13, 'm8-1': 1.08}",1.62,217.59100000000004,218.67100000000005,inf,237.23000000000002,237.23000000000002
322,T3,BESTEFFORT,MISSED,m2-1,87.264,"{'m1-1': 10.68, 'm2-1': 98.48, 'm3-1': 95.97, 'm4-1': 103.23, 'm5-1': 10.06, 'm6-1': 9.95, 'm7-1': 113.17, 'm8-1': 1.02}",2.7825000000000273,235.409,inf,237.264,237.264,237.264
323,T2,BESTEFFORT,COMPLETED,m8-1,87.474,"{'m1-1': 11.61, 'm2-1': 99.9, 'm3-1': 105.49, 'm4-1': 101.91, 'm5-1': 10.22, 'm6-1': 11.45, 'm7-1': 98.44, 'm8-1': 1.05}",1.5750000000000002,218.67100000000005,219.72100000000006,inf,237.474,237.474
324,T2,BESTEFFORT,MISSED,m3-1,88.114,"{'m1-1': 11.57, 'm2-1': 98.43, 'm3-1': 108.89, 'm4-1': 102.31, 'm5-1': 11.11, 'm6-1': 10.15, 'm7-1': 110.22, 'm8-1': 1.08}",3.9555000000000007,235.477,inf,238.114,238.114,238.114
325,T4,BESTEFFORT,COMPLETED,m8-1,88.363,"{'m1-1': 10.57, 'm2-1': 101.9, 'm3-1': 114.93, 'm4-1': 109.64, 'm5-1': 10.12, 'm6-1': 10.38, 'm7-1': 105.87, 'm8-1': 0.98}",1.47,219.72100000000006,220.70100000000005,inf,238.363,238.363
326,T3,BESTEFFORT,MISSED,m6-1,88.402,"{'m1-1': 11.14, 'm2-1': 102.61, 'm3-1': 106.17, 'm4-1': 106.38, 'm5-1': 10.46, 'm6-1': 10.15, 'm7-1': 108.25, 'm8-1': 0.95}",9.773999999999987,231.886,inf,238.402,238.402,238.402
327,T4,BESTEFFORT,MISSED,m7-1,88.695,"{'m1-1': 10.22, 'm2-1': 109.29, 'm3-1': 109.46, 'm4-1': 99.79, 'm5-1': 11.43, 'm6-1': 10.02, 'm7-1': 108.69, 'm8-1': 1.01}",4.505999999999986,235.691,inf,238.695,238.695,238.695
328,T1,BESTEFFORT,MISSED,m7-1,88.793,"{'m1-1': 9.89, 'm2-1': 109.42, 'm3-1': 97.15, 'm4-1': 102.95, 'm5-1': 9.5, 'm6-1': 11.47, 'm7-1': 97.64, 'm8-1': 1.06}",0.14700000000001978,238.695,inf,238.793,238.793,238.793
329,T4,BESTEFFORT,MISSED,m4-1,88.907,"{'m1-1': 9.98, 'm2-1': 113.54, 'm3-1': 114.91, 'm4-1': 95.71, 'm5-1': 10.02, 'm6-1': 10.24, 'm7-1': 106.22, 'm8-1': 1.0}",2.8724999999999454,236.99200000000002,inf,238.90699999999998,238.90699999999998,238.90699999999998
330,T4,BESTEFFORT,MISSED,m2-1,89.027,"{'m1-1': 10.01, 'm2-1': 105.55, 'm3-1': 101.16, 'm4-1': 101.13, 'm5-1': 10.51, 'm6-1': 10.64, 'm7-1': 110.69, 'm8-1': 1.1}",2.644499999999965,237.264,inf,239.027,239.027,239.027
331,T4,BESTEFFORT,COMPLETED,m8-1,89.205,"{'m1-1': 10.27, 'm2-1': 107.91, 'm3-1': 117.06, 'm4-1': 99.44, 'm5-1': 10.63, 'm6-1': 10.42, 'm7-1': 109.62, 'm8-1': 1.02}",1.53,220.70100000000005,221.72100000000006,inf,239.20499999999998,239.20499999999998
332,T4,BESTEFFORT,MISSED,m3-1,89.378,"{'m1-1': 9.78, 'm2-1': 111.4, 'm3-1': 107.89, 'm4-1': 98.36, 'm5-1': 11.12, 'm6-1': 10.13, 'm7-1': 113.06, 'm8-1': 0.98}",1.8959999999999724,238.114,inf,239.378,239.378,239.378
333,T3,BESTEFFORT,MISSED,m4-1,89.474,"{'m1-1': 10.4, 'm2-1': 103.57, 'm3-1': 108.58, 'm4-1': 110.95, 'm5-1': 10.25, 'm6-1': 10.56, 'm7-1': 111.3, 'm8-1': 0.95}",0.8505000000000109,238.90699999999998,inf,239.474,239.474,239.474
334,T2,BESTEFFORT,COMPLETED,m8-1,89.76,"{'m1-1': 10.52, 'm2-1': 102.28, 'm3-1': 112.41, 'm4-1': 99.36, 'm5-1': 9.84, 'm6-1': 11.34, 'm7-1': 97.33, 'm8-1': 1.1}",1.6500000000000001,221.72100000000006,222.82100000000005,inf,239.76,239.76
335,T2,BESTEFFORT,COMPLETED,m8-1,90.011,"{'m1-1': 9.93, 'm2-1': 99.66, 'm3-1': 104.42, 'm4-1': 109.04, 'm5-1': 11.24, 'm6-1': 10.62, 'm7-1': 100.23, 'm8-1': 0.99}",1.4849999999999999,222.82100000000005,223.81100000000006,inf,240.011,240.011
336,T3,BESTEFFORT,MISSED,m5-1,90.149,"{'m1-1': 10.62, 'm2-1': 98.86, 'm3-1': 97.74, 'm4-1': 96.01, 'm5-1': 10.39, 'm6-1': 10.22, 'm7-1': 105.04, 'm8-1': 0.93}",7.784999999999997,234.959,inf,240.149,240.149,240.149
337,T1,BESTEFFORT,COMPLETED,m8-1,90.231,"{'m1-1': 10.22, 'm2-1': 100.96, 'm3-1': 107.79, 'm4-1': 103.09, 'm5-1': 9.62, 'm6-1': 11.11, 'm7-1': 106.31, 'm8-1': 1.11}",1.665,223.81100000000006,224.92100000000008,inf,240.231,240.231
338,T4,BESTEFFORT,COMPLETED,m8-1,90.487,"{'m1-1': 10.71, 'm2-1': 103.31, 'm3-1': 100.34, 'm4-1': 101.46, 'm5-1': 10.91, 'm6-1': 10.86, 'm7-1': 103.62, 'm8-1': 1.07}",1.605,224.92100000000008,225.99100000000007,inf,240.487,240.487
339,T4,BESTEFFORT,MISSED,m1-1,90.544,"{'m1-1': 10.54, 'm2-1': 105.76, 'm3-1': 108.84, 'm4-1': 95.31, 'm5-1': 10.47, 'm6-1': 9.99, 'm7-1': 97.92, 'm8-1': 1.04}",7.987499999999983,235.219,inf,240.54399999999998,240.54399999999998,240.54399999999998
340,T1,BESTEFFORT,COMPLETED,m8-1,90.738,"{'m1-1': 10.15, 'm2-1': 101.74, 'm3-1': 101.64, 'm4-1': 104.1, 'm5-1': 10.59, 'm6-1': 10.3, 'm7-1': 112.77, 'm8-1': 0.99}",1.4849999999999999,225.99100000000007,226.98100000000008,inf,240.738,240.738
341,T4,BESTEFFORT,COMPLETED,m8-1,90.81,"{'m1-1': 10.06, 'm2-1': 109.32, 'm3-1': 114.01, 'm4-1': 96.57, 'm5-1': 10.63, 'm6-1': 10.53, 'm7-1': 99.81, 'm8-1': 1.1}",1.6500000000000001,226.98100000000008,228.08100000000007,inf,240.81,240.81
342,T2,BESTEFFORT,COMPLETED,m8-1,90.835,"{'m1-1': 11.35, 'm2-1': 104.01, 'm3-1': 102.95, 'm4-1': 112.34, 'm5-1': 9.78, 'm6-1': 11.12, 'm7-1': 104.72, 'm8-1': 1.0}",1.5,228.08100000000007,229.08100000000007,inf,240.83499999999998,240.83499999999998
343,T1,BESTEFFORT,MISSED,m6-1,91.657,"{'m1-1': 10.65, 'm2-1': 102.58, 'm3-1': 97.9, 'm4-1': 111.12, 'm5-1': 9.76, 'm6-1': 10.21, 'm7-1': 110.84, 'm8-1': 1.1}",4.882499999999993,238.402,inf,241.65699999999998,241.65699999999998,241.65699999999998
344,T3,BESTEFFORT,COMPLETED,m8-1,92.219,"{'m1-1': 11.14, 'm2-1': 97.12, 'm3-1': 102.88, 'm4-1': 110.71, 'm5-1': 11.1, 'm6-1': 9.79, 'm7-1': 106.94, 'm8-1': 1.08}",1.62,229.08100000000007,230.1610000000001,inf,242.219,242.219
345,T4,BESTEFFORT,COMPLETED,m8-1,92.332,"{'m1-1': 10.78, 'm2-1': 105.06, 'm3-1': 116.54, 'm4-1': 98.96, 'm5-1': 10.51, 'm6-1': 10.8, 'm7-1': 103.21, 'm8-1': 1.12}",1.6800000000000002,230.1610000000001,231.2810000000001,inf,242.332,242.332
346,T2,BESTEFFORT,MISSED,m5-1,92.559,"{'m1-1': 9.92, 'm2-1': 105.3, 'm3-1': 112.67, 'm4-1': 100.13, 'm5-1': 11.54, 'm6-1': 10.27, 'm7-1': 100.55, 'm8-1': 1.11}",3.614999999999995,240.149,inf,242.559,242.559,242.559
347,T4,BESTEFFORT,MISSED,m1-1,92.584,"{'m1-1': 9.59, 'm2-1': 110.81, 'm3-1': 110.43, 'm4-1': 101.47, 'm5-1': 9.77, 'm6-1': 10.86, 'm7-1': 95.11, 'm8-1': 1.11}",3.0600000000000307,240.54399999999998,inf,242.584,242.584,242.584
348,T1,BESTEFFORT,COMPLETED,m8-1,92.648,"{'m1-1': 10.38, 'm2-1': 114.06, 'm3-1': 103.03, 'm4-1': 113.12, 'm5-1': 9.39, 'm6-1': 10.58, 'm7-1': 102.88, 'm8-1': 1.0}",1.5,231.2810000000001,232.2810000000001,inf,242.648,242.648
349,T1,BESTEFFORT,MISSED,m2-1,92.797,"{'m1-1': 9.84, 'm2-1': 102.82, 'm3-1': 98.96, 'm4-1': 103.39, 'm5-1': 10.19, 'm6-1': 11.56, 'm7-1': 111.03, 'm8-1': 0.98}",5.655000000000015,239.027,inf,242.797,242.797,242.797
350,T2,BESTEFFORT,MISSED,m6-1,92.813,"{'m1-1': 11.07, 'm2-1': 99.85, 'm3-1': 110.32, 'm4-1': 99.62, 'm5-1': 9.89, 'm6-1': 10.24, 'm7-1': 95.86, 'm8-1': 1.1}",1.7340000000000089,241.65699999999998,inf,242.813,242.813,242.813
351,T4,BESTEFFORT,MISSED,m3-1,92.928,"{'m1-1': 10.35, 'm2-1': 97.82, 'm3-1': 113.53, 'm4-1': 96.83, 'm5-1': 11.38, 'm6-1': 11.49, 'm7-1': 100.19, 'm8-1': 1.05}",5.325000000000017,239.378,inf,242.928,242.928,242.928
352,T2,BESTEFFORT,COMPLETED,m8-1,92.934,"{'m1-1': 11.04, 'm2-1': 103.88, 'm3-1': 110.85, 'm4-1': 109.02, 'm5-1': 10.05, 'm6-1': 11.35, 'm7-1': 100.73, 'm8-1': 1.0}",1.5,232.2810000000001,233.2810000000001,inf,242.934,242.934
353,T2,BESTEFFORT,MISSED,m4-1,92.996,"{'m1-1': 9.91, 'm2-1': 97.97, 'm3-1': 102.5, 'm4-1': 105.82, 'm5-1': 11.41, 'm6-1': 10.27, 'm7-1': 112.8, 'm8-1': 1.09}",5.282999999999987,239.474,inf,242.99599999999998,242.99599999999998,242.99599999999998
354,T3,BESTEFFORT,MISSED,m5-1,93.224,"{'m1-1': 11.05, 'm2-1': 106.1, 'm3-1': 106.34, 'm4-1': 108.13, 'm5-1': 11.03, 'm6-1': 9.92, 'm7-1': 102.65, 'm8-1': 0.96}",0.9974999999999881,242.559,inf,243.224,243.224,243.224
355,T3,BESTEFFORT,COMPLETED,m8-1,93.62,"{'m1-1': 10.69, 'm2-1': 97.46, 'm3-1': 108.11, 'm4-1': 106.21, 'm5-1': 11.08, 'm6-1': 10.85, 'm7-1': 110.73, 'm8-1': 0.96}",1.44,233.2810000000001,234.2410000000001,inf,243.62,243.62
356,T4,BESTEFFORT,MISSED,m1-1,93.631,"{'m1-1': 9.74, 'm2-1': 111.13, 'm3-1': 111.94, 'm4-1': 101.66, 'm5-1': 10.82, 'm6-1': 9.97, 'm7-1': 102.06, 'm8-1': 1.0}",1.5704999999999956,242.584,inf,243.631,243.631,243.631
357,T2,BESTEFFORT,MISSED,m7-1,93.722,"{'m1-1': 10.6, 'm2-1': 106.1, 'm3-1': 104.0, 'm4-1': 103.73, 'm5-1': 10.74, 'm6-1': 11.02, 'm7-1': 111.9, 'm8-1': 1.08}",7.39349999999996,238.793,inf,243.72199999999998,243.72199999999998,243.72199999999998
358,T3,BESTEFFORT,COMPLETED,m8-1,93.746,"{'m1-1': 10.98, 'm2-1': 108.43, 'm3-1': 107.82, 'm4-1': 102.11, 'm5-1': 10.46, 'm6-1': 9.69, 'm7-1': 99.49, 'm8-1': 1.02}",1.53,234.2410000000001,235.2610000000001,inf,243.74599999999998,243.74599999999998
359,T2,BESTEFFORT,MISSED,m6-1,93.838,"{'m1-1': 10.22, 'm2-1': 101.82, 'm3-1': 103.78, 'm4-1': 103.38, 'm5-1': 9.75, 'm6-1': 11.31, 'm7-1': 104.13, 'm8-1': 1.05}",1.5375000000000085,242.813,inf,243.838,243.838,243.838
360,T3,BESTEFFORT,COMPLETED,m8-1,94.359,"{'m1-1': 10.21, 'm2-1': 104.3, 'm3-1': 102.65, 'm4-1': 100.68, 'm5-1': 11.18, 'm6-1': 9.68, 'm7-1': 100.06, 'm8-1': 0.97}",1.455,235.2610000000001,236.2310000000001,inf,244.35899999999998,244.35899999999998
361,T4,BESTEFFORT,COMPLETED,m8-1,94.473,"{'m1-1': 9.98, 'm2-1': 112.49, 'm3-1': 105.17, 'm4-1': 98.85, 'm5-1': 11.44, 'm6-1': 10.26, 'm7-1': 98.32, 'm8-1': 1.04}",1.56,236.2310000000001,237.2710000000001,inf,244.473,244.473
362,T1,BESTEFFORT,COMPLETED,m8-1,94.476,"{'m1-1': 9.56, 'm2-1': 112.66, 'm3-1': 107.06, 'm4-1': 113.6, 'm5-1': 10.82, 'm6-1': 11.66, 'm7-1': 99.84, 'm8-1': 1.03}",1.545,237.2710000000001,238.3010000000001,inf,244.476,244.476
363,T4,BESTEFFORT,MISSED,m5-1,95.53,"{'m1-1': 9.53, 'm2-1': 115.58, 'm3-1': 112.68, 'm4-1': 109.67, 'm5-1': 9.96, 'm6-1': 10.78, 'm7-1': 111.96, 'm8-1': 1.01}",3.4590000000000174,243.224,inf,245.53,245.53,245.53
364,T3,BESTEFFORT,MISSED,m1-1,95.629,"{'m1-1': 10.67, 'm2-1': 98.4, 'm3-1': 101.62, 'm4-1': 102.13, 'm5-1': 11.17, 'm6-1': 10.27, 'm7-1': 102.11, 'm8-1': 1.06}",2.9970000000000283,243.631,inf,245.62900000000002,245.62900000000002,245.62900000000002
365,T2,BESTEFFORT,COMPLETED,m8-1,96.166,"{'m1-1': 10.84, 'm2-1': 96.34, 'm3-1': 105.9, 'm4-1': 112.39, 'm5-1': 10.58, 'm6-1': 11.41, 'm7-1': 108.42, 'm8-1': 1.04}",1.56,238.3010000000001,239.3410000000001,inf,246.166,246.166
366,T2,BESTEFFORT,MISSED,m2-1,96.355,"{'m1-1': 10.94, 'm2-1': 102.38, 'm3-1': 100.23, 'm4-1': 102.99, 'm5-1': 11.1, 'm6-1': 10.48, 'm7-1': 101.53, 'm8-1': 1.12}",5.337000000000032,242.797,inf,246.35500000000002,246.35500000000002,246.35500000000002
367,T1,BESTEFFORT,MISSED,m3-1,96.449,"{'m1-1': 11.01, 'm2-1': 109.49, 'm3-1': 99.87, 'm4-1': 103.59, 'm5-1': 10.09, 'm6-1': 10.73, 'm7-1': 107.81, 'm8-1': 0.96}",5.2815000000000225,242.928,inf,246.449,246.449,246.449
368,T4,BESTEFFORT,MISSED,m7-1,96.698,"{'m1-1': 10.82, 'm2-1': 103.0, 'm3-1': 111.03, 'm4-1': 96.83, 'm5-1': 10.8, 'm6-1': 10.51, 'm7-1': 112.93, 'm8-1': 1.09}",4.463999999999999,243.72199999999998,inf,246.69799999999998,246.69799999999998,246.69799999999998
369,T1,BESTEFFORT,COMPLETED,m8-1,97.076,"{'m1-1': 10.69, 'm2-1': 107.13, 'm3-1': 112.0, 'm4-1': 105.93, 'm5-1': 10.6, 'm6-1': 10.58, 'm7-1': 111.92, 'm8-1': 1.09}",1.6350000000000002,239.3410000000001,240.4310000000001,inf,247.076,247.076
370,T2,BESTEFFORT,MISSED,m4-1,97.21,"{'m1-1': 10.0, 'm2-1': 102.17, 'm3-1': 102.38, 'm4-1': 113.43, 'm5-1': 10.32, 'm6-1': 11.85, 'm7-1': 110.14, 'm8-1': 1.06}",6.320999999999998,242.99599999999998,inf,247.20999999999998,247.20999999999998,247.20999999999998
371,T3,BESTEFFORT,MISSED,m2-1,97.429,"{'m1-1': 10.53, 'm2-1': 112.03, 'm3-1': 107.52, 'm4-1': 105.17, 'm5-1': 9.79, 'm6-1': 9.79, 'm7-1': 104.49, 'm8-1': 1.04}",1.6109999999999758,246.35500000000002,inf,247.429,247.429,247.429
372,T1,BESTEFFORT,COMPLETED,m8-1,97.941,"{'m1-1': 11.01, 'm2-1': 108.38, 'm3-1': 107.94, 'm4-1': 115.68, 'm5-1': 9.38, 'm6-1': 11.5, 'm7-1': 113.08, 'm8-1': 0.98}",1.47,240.4310000000001,241.4110000000001,inf,247.941,247.941
373,T3,BESTEFFORT,MISSED,m3-1,98.206,"{'m1-1': 9.79, 'm2-1': 108.58, 'm3-1': 103.94, 'm4-1': 113.02, 'm5-1': 9.8, 'm6-1': 10.18, 'm7-1': 108.19, 'm8-1': 1.05}",2.6355000000000075,246.449,inf,248.20600000000002,248.20600000000002,248.20600000000002
374,T3,BESTEFFORT,COMPLETED,m8-1,98.404,"{'m1-1': 10.6, 'm2-1': 112.68, 'm3-1': 94.2, 'm4-1': 106.82, 'm5-1': 11.47, 'm6-1': 10.11, 'm7-1': 103.1, 'm8-1': 1.05}",1.5750000000000002,241.4110000000001,242.4610000000001,inf,248.404,248.404
375,T4,BESTEFFORT,MISSED,m6-1,98.411,"{'m1-1': 10.88, 'm2-1': 110.82, 'm3-1': 111.12, 'm4-1': 96.56, 'm5-1': 11.1, 'm6-1': 10.33, 'm7-1': 107.33, 'm8-1': 1.1}",6.859500000000011,243.838,inf,248.411,248.411,248.411
376,T2,BESTEFFORT,MISSED,m7-1,98.559,"{'m1-1': 11.25, 'm2-1': 100.35, 'm3-1': 112.29, 'm4-1': 105.07, 'm5-1': 10.56, 'm6-1': 11.68, 'm7-1': 107.28, 'm8-1': 0.97}",2.7915000000000276,246.69799999999998,inf,248.559,248.559,248.559
377,T3,BESTEFFORT,MISSED,m7-1,98.632,"{'m1-1': 10.33, 'm2-1': 107.43, 'm3-1': 107.62, 'm4-1': 95.94, 'm5-1': 10.64, 'm6-1': 9.58, 'm7-1': 104.42, 'm8-1': 0.95}",0.10950000000001125,248.559,inf,248.632,248.632,248.632
378,T3,BESTEFFORT,MISSED,m4-1,98.822,"{'m1-1': 9.67, 'm2-1': 114.34, 'm3-1': 101.8, 'm4-1': 109.38, 'm5-1': 11.3, 'm6-1': 9.52, 'm7-1': 100.3, 'm8-1': 1.01}",2.418000000000035,247.20999999999998,inf,248.822,248.822,248.822
379,T1,BESTEFFORT,MISSED,m2-1,99.167,"{'m1-1': 9.52, 'm2-1': 109.8, 'm3-1': 110.37, 'm4-1': 114.95, 'm5-1': 10.27, 'm6-1': 10.3, 'm7-1': 110.84, 'm8-1': 1.11}",2.6069999999999993,247.429,inf,249.167,249.167,249.167
380,T2,BESTEFFORT,COMPLETED,m8-1,99.386,"{'m1-1': 11.01, 'm2-1': 94.25, 'm3-1': 104.43, 'm4-1': 97.38, 'm5-1': 11.57, 'm6-1': 11.11, 'm7-1': 108.44, 'm8-1': 1.14}",1.71,242.4610000000001,243.60100000000008,inf,249.386,249.386
381,T3,BESTEFFORT,MISSED,m3-1,99.53,"{'m1-1': 11.19, 'm2-1': 97.67, 'm3-1': 103.98, 'm4-1': 112.43, 'm5-1': 11.4, 'm6-1': 11.14, 'm7-1': 106.75, 'm8-1': 0.99}",1.9859999999999758,248.20600000000002,inf,249.53,249.53,249.53
382,T4,BESTEFFORT,MISSED,m4-1,99.868,"{'m1-1': 11.06, 'm2-1': 106.86, 'm3-1': 104.54, 'm4-1': 113.02, 'm5-1': 11.22, 'm6-1': 11.72, 'm7-1': 111.8, 'm8-1': 1.09}",1.5689999999999884,248.822,inf,249.868,249.868,249.868
383,T2,BESTEFFORT,MISSED,m5-1,100.273,"{'m1-1': 9.87, 'm2-1': 92.4, 'm3-1': 102.85, 'm4-1': 102.8, 'm5-1': 9.77, 'm6-1': 11.22, 'm7-1': 104.82, 'm8-1': 1.11}",7.1144999999999925,245.53,inf,250.273,250.273,250.273
384,T3,BESTEFFORT,COMPLETED,m8-1,100.707,"{'m1-1': 10.18, 'm2-1': 110.84, 'm3-1': 99.89, 'm4-1': 110.83, 'm5-1': 10.27, 'm6-1': 10.96, 'm7-1': 106.63, 'm8-1': 1.02}",1.53,243.60100000000008,244.6210000000001,inf,250.707,250.707
385,T1,BESTEFFORT,MISSED,m1-1,100.782,"{'m1-1': 10.88, 'm2-1': 103.44, 'm3-1': 96.0, 'm4-1': 111.05, 'm5-1': 10.18, 'm6-1': 11.39, 'm7-1': 99.84, 'm8-1': 1.04}",7.729499999999945,245.62900000000002,inf,250.78199999999998,250.78199999999998,250.78199999999998
386,T4,BESTEFFORT,COMPLETED,m8-1,101.153,"{'m1-1': 10.54, 'm2-1': 109.83, 'm3-1': 103.71, 'm4-1': 96.15, 'm5-1': 10.77, 'm6-1': 10.87, 'm7-1': 97.32, 'm8-1': 0.98}",1.47,244.6210000000001,245.60100000000008,inf,251.15300000000002,251.15300000000002
387,T2,BESTEFFORT,MISSED,m6-1,101.296,"{'m1-1': 11.18, 'm2-1': 96.02, 'm3-1': 102.05, 'm4-1': 107.31, 'm5-1': 11.01, 'm6-1': 11.07, 'm7-1': 99.51, 'm8-1': 0.99}",4.327499999999986,248.411,inf,251.296,251.296,251.296
388,T3,BESTEFFORT,COMPLETED,m8-1,101.421,"{'m1-1': 9.91, 'm2-1': 102.67, 'm3-1': 106.73, 'm4-1': 106.98, 'm5-1': 10.34, 'm6-1': 9.96, 'm7-1': 113.63, 'm8-1': 0.95}",1.4249999999999998,245.60100000000008,246.55100000000007,inf,251.421,251.421
389,T1,BESTEFFORT,MISSED,m5-1,101.798,"{'m1-1': 10.59, 'm2-1': 112.63, 'm3-1': 103.97, 'm4-1': 108.04, 'm5-1': 9.95, 'm6-1': 11.04, 'm7-1': 102.28, 'm8-1': 1.04}",2.2875000000000085,250.273,inf,251.798,251.798,251.798
390,T4,BESTEFFORT,MISSED,m1-1,102.095,"{'m1-1': 9.57, 'm2-1': 108.14, 'm3-1': 116.69, 'm4-1': 111.75, 'm5-1': 10.64, 'm6-1': 10.41, 'm7-1': 102.12, 'm8-1': 1.14}",1.969500000000025,250.78199999999998,inf,252.095,252.095,252.095
391,T3,BESTEFFORT,MISSED,m2-1,102.162,"{'m1-1': 9.9, 'm2-1': 96.69, 'm3-1': 103.67, 'm4-1': 97.66, 'm5-1': 9.87, 'm6-1': 10.78, 'm7-1': 97.74, 'm8-1': 0.97}",4.492500000000007,249.167,inf,252.162,252.162,252.162
392,T1,BESTEFFORT,MISSED,m6-1,102.6,"{'m1-1': 9.48, 'm2-1': 108.25, 'm3-1': 105.71, 'm4-1': 113.77, 'm5-1': 9.65, 'm6-1': 11.05, 'm7-1': 103.78, 'm8-1': 1.04}",1.956000000000003,251.296,inf,252.6,252.6,252.6
393,T1,BESTEFFORT,MISSED,m3-1,102.656,"{'m1-1': 10.84, 'm2-1': 103.38, 'm3-1': 107.04, 'm4-1': 108.88, 'm5-1': 9.73, 'm6-1': 10.75, 'm7-1': 96.19, 'm8-1': 1.11}",4.689000000000007,249.53,inf,252.656,252.656,252.656
394,T4,BESTEFFORT,MISSED,m4-1,102.795,"{'m1-1': 10.73, 'm2-1': 106.5, 'm3-1': 99.23, 'm4-1': 95.26, 'm5-1': 11.34, 'm6-1': 10.01, 'm7-1': 97.2, 'm8-1': 1.08}",4.390500000000031,249.868,inf,252.79500000000002,252.79500000000002,252.79500000000002
395,T1,BESTEFFORT,MISSED,m5-1,102.835,"{'m1-1': 10.16, 'm2-1': 113.41, 'm3-1': 100.72, 'm4-1': 112.74, 'm5-1': 10.19, 'm6-1': 11.4, 'm7-1': 96.48, 'm8-1': 1.05}",1.5554999999999666,251.798,inf,252.83499999999998,252.83499999999998,252.83499999999998
396,T3,BESTEFFORT,COMPLETED,m8-1,102.946,"{'m1-1': 10.53, 'm2-1': 104.43, 'm3-1': 92.56, 'm4-1': 96.59, 'm5-1': 9.95, 'm6-1': 10.05, 'm7-1': 97.02, 'm8-1': 0.96}",1.44,246.55100000000007,247.51100000000008,inf,252.946,252.946
397,T4,BESTEFFORT,MISSED,m1-1,103.376,"{'m1-1': 10.37, 'm2-1': 100.2, 'm3-1': 105.97, 'm4-1': 101.13, 'm5-1': 11.06, 'm6-1': 11.02, 'm7-1': 112.33, 'm8-1': 1.05}",1.9215000000000089,252.095,inf,253.376,253.376,253.376
398,T1,BESTEFFORT,MISSED,m7-1,103.491,"{'m1-1': 10.35, 'm2-1': 108.38, 'm3-1': 111.89, 'm4-1': 109.77, 'm5-1': 9.32, 'm6-1': 9.83, 'm7-1': 101.59, 'm8-1': 1.09}",7.288499999999971,248.632,inf,253.49099999999999,253.49099999999999,253.49099999999999
399,T4,BESTEFFORT,MISSED,m6-1,103.496,"{'m1-1': 9.9, 'm2-1': 111.58, 'm3-1': 104.19, 'm4-1': 108.22, 'm5-1': 10.17, 'm6-1': 10.51, 'm7-1': 98.7, 'm8-1': 1.02}",1.3439999999999799,252.6,inf,253.49599999999998,253.49599999999998,253.49599999999998
400,T2,BESTEFFORT,COMPLETED,m8-1,103.628,"{'m1-1': 10.14, 'm2-1': 94.81, 'm3-1': 97.03, 'm4-1': 112.22, 'm5-1': 11.38, 'm6-1': 10.94, 'm7-1': 106.34, 'm8-1': 1.1}",1.6500000000000001,247.51100000000008,248.61100000000008,inf,253.628,253.628
401,T1,BESTEFFORT,MISSED,m5-1,103.673,"{'m1-1': 10.66, 'm2-1': 103.75, 'm3-1': 108.36, 'm4-1': 115.83, 'm5-1': 10.86, 'm6-1': 10.0, 'm7-1': 96.49, 'm8-1': 1.03}",1.2570000000000334,252.83499999999998,inf,253.673,253.673,253.673
402,T3,BESTEFFORT,COMPLETED,m8-1,103.875,"{'m1-1': 10.49, 'm2-1': 108.84, 'm3-1': 91.84, 'm4-1': 100.77, 'm5-1': 10.02, 'm6-1': 10.63, 'm7-1': 103.97, 'm8-1': 0.99}",1.4849999999999999,248.61100000000008,249.60100000000008,inf,253.875,253.875
403,T1,BESTEFFORT,MISSED,m1-1,104.283,"{'m1-1': 10.42, 'm2-1': 104.5, 'm3-1': 108.04, 'm4-1': 113.91, 'm5-1': 9.42, 'm6-1': 11.22, 'm7-1': 103.11, 'm8-1': 0.97}",1.360500000000016,253.376,inf,254.28300000000002,254.28300000000002,254.28300000000002
404,T1,BESTEFFORT,MISSED,m2-1,104.366,"{'m1-1': 11.11, 'm2-1': 111.29, 'm3-1': 97.04, 'm4-1': 111.93, 'm5-1': 10.28, 'm6-1': 10.89, 'm7-1': 101.06, 'm8-1': 1.08}",3.305999999999969,252.162,inf,254.36599999999999,254.36599999999999,254.36599999999999
405,T4,BESTEFFORT,MISSED,m3-1,104.537,"{'m1-1': 9.94, 'm2-1': 98.86, 'm3-1': 105.31, 'm4-1': 98.13, 'm5-1': 9.81, 'm6-1': 11.7, 'm7-1': 96.76, 'm8-1': 0.99}",2.8215000000000003,252.656,inf,254.537,254.537,254.537
406,T3,BESTEFFORT,COMPLETED,m8-1,104.781,"{'m1-1': 10.98, 'm2-1': 113.39, 'm3-1': 91.99, 'm4-1': 104.5, 'm5-1': 9.96, 'm6-1': 10.05, 'm7-1': 97.55, 'm8-1': 1.1}",1.6500000000000001,249.60100000000008,250.70100000000008,inf,254.781,254.781
407,T3,BESTEFFORT,MISSED,m7-1,104.984,"{'m1-1': 10.31, 'm2-1': 108.4, 'm3-1': 96.94, 'm4-1': 105.03, 'm5-1': 10.06, 'm6-1': 10.45, 'm7-1': 104.9, 'm8-1': 0.97}",2.2394999999999925,253.49099999999999,inf,254.98399999999998,254.98399999999998,254.98399999999998
408,T2,BESTEFFORT,MISSED,m4-1,105.118,"{'m1-1': 10.7, 'm2-1': 100.92, 'm3-1': 112.09, 'm4-1': 101.53, 'm5-1': 10.67, 'm6-1': 11.16, 'm7-1': 97.58, 'm8-1': 0.97}",3.4844999999999686,252.79500000000002,inf,255.118,255.118,255.118
409,T4,BESTEFFORT,MISSED,m2-1,105.372,"{'m1-1': 10.08, 'm2-1': 115.74, 'm3-1': 104.76, 'm4-1': 105.99, 'm5-1': 10.16, 'm6-1': 9.99, 'm7-1': 101.94, 'm8-1': 1.11}",1.509000000000043,254.36599999999999,inf,255.372,255.372,255.372
410,T2,BESTEFFORT,COMPLETED,m8-1,105.696,"{'m1-1': 11.2, 'm2-1': 108.96, 'm3-1': 102.39, 'm4-1': 108.6, 'm5-1': 9.76, 'm6-1': 11.58, 'm7-1': 100.97, 'm8-1': 1.07}",1.605,250.70100000000008,251.77100000000007,inf,255.696,255.696
411,T3,BESTEFFORT,MISSED,m3-1,106.025,"{'m1-1': 9.79, 'm2-1': 113.5, 'm3-1': 106.44, 'm4-1': 95.81, 'm5-1': 10.65, 'm6-1': 10.04, 'm7-1': 105.28, 'm8-1': 1.06}",2.2319999999999567,254.537,inf,256.025,256.025,256.025
412,T4,BESTEFFORT,MISSED,m6-1,106.156,"{'m1-1': 10.84, 'm2-1': 99.85, 'm3-1': 100.94, 'm4-1': 105.63, 'm5-1': 10.11, 'm6-1': 11.56, 'm7-1': 95.34, 'm8-1': 1.1}",3.9900000000000375,253.49599999999998,inf,256.156,256.156,256.156
413,T4,BESTEFFORT,MISSED,m7-1,106.753,"{'m1-1': 10.77, 'm2-1': 112.85, 'm3-1': 109.94, 'm4-1': 105.78, 'm5-1': 10.94, 'm6-1': 10.93, 'm7-1': 110.96, 'm8-1': 1.09}",2.653500000000008,254.98399999999998,inf,256.753,256.753,256.753
414,T4,BESTEFFORT,COMPLETED,m8-1,107.103,"{'m1-1': 10.72, 'm2-1': 103.68, 'm3-1': 114.72, 'm4-1': 109.46, 'm5-1': 10.58, 'm6-1': 9.88, 'm7-1': 107.18, 'm8-1': 1.08}",1.62,251.77100000000007,252.85100000000008,inf,257.103,257.103
415,T4,BESTEFFORT,MISSED,m7-1,107.374,"{'m1-1': 10.98, 'm2-1': 115.76, 'm3-1': 101.0, 'm4-1': 104.55, 'm5-1': 9.9, 'm6-1': 11.61, 'm7-1': 108.24, 'm8-1': 0.97}",0.9315000000000566,256.753,inf,257.374,257.374,257.374
416,T1,BESTEFFORT,MISSED,m4-1,107.875,"{'m1-1': 11.08, 'm2-1': 108.35, 'm3-1': 107.0, 'm4-1': 103.04, 'm5-1': 9.5, 'm6-1': 11.25, 'm7-1': 102.16, 'm8-1': 0.97}",4.1355000000000075,255.118,inf,257.875,257.875,257.875
417,T2,BESTEFFORT,MISSED,m2-1,107.878,"{'m1-1': 10.18, 'm2-1': 99.15, 'm3-1': 104.16, 'm4-1': 99.81, 'm5-1': 10.6, 'm6-1': 11.04, 'm7-1': 101.47, 'm8-1': 0.98}",3.7589999999999577,255.372,inf,257.878,257.878,257.878
418,T1,BESTEFFORT,MISSED,m3-1,108.574,"{'m1-1': 10.13, 'm2-1': 107.43, 'm3-1': 113.0, 'm4-1': 112.09, 'm5-1': 9.23, 'm6-1': 10.41, 'm7-1': 108.51, 'm8-1': 1.0}",3.8235000000000525,256.025,inf,258.574,258.574,258.574
419,T4,BESTEFFORT,COMPLETED,m8-1,108.621,"{'m1-1': 9.5, 'm2-1': 112.21, 'm3-1': 106.6, 'm4-1': 96.28, 'm5-1': 10.92, 'm6-1': 10.36, 'm7-1': 110.65, 'm8-1': 1.04}",1.56,252.85100000000008,253.89100000000008,inf,258.621,258.621
420,T1,BESTEFFORT,MISSED,m4-1,108.945,"{'m1-1': 10.31, 'm2-1': 103.95, 'm3-1': 100.91, 'm4-1': 115.95, 'm5-1': 10.23, 'm6-1': 10.87, 'm7-1': 106.13, 'm8-1': 1.01}",1.6049999999999898,257.875,inf,258.945,258.945,258.945
421,T3,BESTEFFORT,MISSED,m5-1,109.323,"{'m1-1': 11.1, 'm2-1': 104.7, 'm3-1': 94.68, 'm4-1': 106.49, 'm5-1': 11.27, 'm6-1': 9.79, 'm7-1': 113.4, 'm8-1': 0.99}",8.474999999999966,253.673,inf,259.323,259.323,259.323
422,T2,BESTEFFORT,COMPLETED,m8-1,109.503,"{'m1-1': 10.46, 'm2-1': 104.21, 'm3-1': 109.47, 'm4-1': 103.85, 'm5-1': 9.78, 'm6-1': 11.58, 'm7-1': 98.78, 'm8-1': 1.13}",1.6949999999999998,253.89100000000008,255.02100000000007,inf,259.503,259.503
423,T3,BESTEFFORT,MISSED,m1-1,109.561,"{'m1-1': 9.8, 'm2-1': 100.78, 'm3-1': 94.65, 'm4-1': 98.82, 'm5-1': 10.24, 'm6-1': 10.93, 'm7-1': 96.29, 'm8-1': 0.98}",7.91700000000003,254.28300000000002,inf,259.56100000000004,259.56100000000004,259.56100000000004
424,T2,BESTEFFORT,MISSED,m6-1,109.817,"{'m1-1': 10.62, 'm2-1': 103.26, 'm3-1': 111.2, 'm4-1': 115.21, 'm5-1': 10.81, 'm6-1': 11.75, 'm7-1': 98.29, 'm8-1': 1.05}",5.491500000000002,256.156,inf,259.817,259.817,259.817
425,T1,BESTEFFORT,COMPLETED,m8-1,109.992,"{'m1-1': 10.31, 'm2-1': 112.28, 'm3-1': 110.95, 'm4-1': 119.1, 'm5-1': 10.41, 'm6-1': 11.61, 'm7-1': 101.33, 'm8-1': 1.0}",1.5,255.02100000000007,256.0210000000001,inf,259.992,259.992
426,T3,BESTEFFORT,MISSED,m5-1,110.106,"{'m1-1': 10.42, 'm2-1': 112.7, 'm3-1': 104.11, 'm4-1': 97.96, 'm5-1': 11.26, 'm6-1': 11.25, 'm7-1': 109.4, 'm8-1': 1.03}",1.1745000000000232,259.323,inf,260.106,260.106,260.106
427,T2,BESTEFFORT,MISSED,m1-1,110.14,"{'m1-1': 11.43, 'm2-1': 100.56, 'm3-1': 102.2, 'm4-1': 103.21, 'm5-1': 10.78, 'm6-1': 10.07, 'm7-1': 103.65, 'm8-1': 0.98}",0.8684999999999263,259.56100000000004,inf,260.14,260.14,260.14
428,T2,BESTEFFORT,MISSED,m2-1,110.559,"{'m1-1': 11.26, 'm2-1': 105.52, 'm3-1': 100.3, 'm4-1': 112.9, 'm5-1': 10.7, 'm6-1': 11.54, 'm7-1': 97.67, 'm8-1': 1.13}",4.021499999999975,257.878,inf,260.55899999999997,260.55899999999997,260.55899999999997
429,T4,BESTEFFORT,MISSED,m6-1,110.609,"{'m1-1': 9.65, 'm2-1': 111.16, 'm3-1': 106.0, 'm4-1': 97.36, 'm5-1': 10.85, 'm6-1': 11.35, 'm7-1': 96.86, 'm8-1': 1.1}",1.1879999999999598,259.817,inf,260.609,260.609,260.609
430,T4,BESTEFFORT,MISSED,m3-1,111.039,"{'m1-1': 10.15, 'm2-1': 107.16, 'm3-1': 112.54, 'm4-1': 103.78, 'm5-1': 10.23, 'm6-1': 11.36, 'm7-1': 100.15, 'm8-1': 1.13}",3.6974999999999625,258.574,inf,261.039,261.039,261.039
431,T1,BESTEFFORT,MISSED,m4-1,111.182,"{'m1-1': 10.63, 'm2-1': 112.76, 'm3-1': 107.94, 'm4-1': 104.92, 'm5-1': 10.55, 'm6-1': 10.94, 'm7-1': 110.13, 'm8-1': 1.04}",3.355500000000035,258.945,inf,261.182,261.182,261.182
432,T2,BESTEFFORT,MISSED,m5-1,111.242,"{'m1-1': 11.59, 'm2-1': 94.43, 'm3-1': 111.03, 'm4-1': 114.52, 'm5-1': 11.33, 'm6-1': 10.56, 'm7-1': 102.59, 'm8-1': 1.1}",1.7040000000000362,260.106,inf,261.242,261.242,261.242
433,T3,BESTEFFORT,COMPLETED,m8-1,111.352,"{'m1-1': 10.61, 'm2-1': 98.82, 'm3-1': 93.6, 'm4-1': 107.36, 'm5-1': 10.61, 'm6-1': 11.1, 'm7-1': 102.13, 'm8-1': 0.95}",1.4249999999999998,256.0210000000001,256.97100000000006,inf,261.352,261.352
434,T2,BESTEFFORT,MISSED,m1-1,111.87,"{'m1-1': 10.24, 'm2-1': 100.24, 'm3-1': 107.42, 'm4-1': 109.26, 'm5-1': 10.68, 'm6-1': 11.17, 'm7-1': 105.09, 'm8-1': 1.06}",2.5950000000000273,260.14,inf,261.87,261.87,261.87
435,T1,BESTEFFORT,MISSED,m7-1,112.35,"{'m1-1': 10.21, 'm2-1': 101.66, 'm3-1': 106.17, 'm4-1': 113.39, 'm5-1': 10.85, 'm6-1': 11.44, 'm7-1': 97.73, 'm8-1': 1.0}",7.463999999999999,257.374,inf,262.35,262.35,262.35
436,T2,BESTEFFORT,MISSED,m6-1,112.582,"{'m1-1': 10.53, 'm2-1': 96.96, 'm3-1': 97.25, 'm4-1': 100.9, 'm5-1': 10.38, 'm6-1': 10.15, 'm7-1': 100.23, 'm8-1': 0.99}",2.95950000000002,260.609,inf,262.582,262.582,262.582
437,T3,BESTEFFORT,MISSED,m5-1,112.689,"{'m1-1': 9.87, 'm2-1': 105.57, 'm3-1': 101.52, 'm4-1': 110.29, 'm5-1': 11.43, 'm6-1': 10.84, 'm7-1': 100.98, 'm8-1': 0.93}",2.170499999999919,261.242,inf,262.68899999999996,262.68899999999996,262.68899999999996
438,T3,BESTEFFORT,COMPLETED,m8-1,113.316,"{'m1-1': 10.64, 'm2-1': 104.26, 'm3-1': 98.27, 'm4-1': 106.75, 'm5-1': 11.54, 'm6-1': 9.7, 'm7-1': 102.82, 'm8-1': 1.06}",1.59,256.97100000000006,258.03100000000006,inf,263.31600000000003,263.31600000000003
439,T3,BESTEFFORT,MISSED,m1-1,113.736,"{'m1-1': 10.55, 'm2-1': 106.84, 'm3-1': 94.21, 'm4-1': 112.23, 'm5-1': 10.02, 'm6-1': 10.6, 'm7-1': 102.96, 'm8-1': 0.99}",2.798999999999978,261.87,inf,263.736,263.736,263.736
440,T1,BESTEFFORT,MISSED,m2-1,114.04,"{'m1-1': 9.48, 'm2-1': 99.38, 'm3-1': 100.98, 'm4-1': 114.95, 'm5-1': 10.26, 'm6-1': 9.88, 'm7-1': 109.58, 'm8-1': 1.1}",5.221500000000077,260.55899999999997,inf,264.04,264.04,264.04
441,T4,BESTEFFORT,MISSED,m3-1,114.109,"{'m1-1': 9.87, 'm2-1': 98.8, 'm3-1': 117.64, 'm4-1': 110.14, 'm5-1': 9.86, 'm6-1': 11.65, 'm7-1': 112.29, 'm8-1': 0.98}",4.60499999999999,261.039,inf,264.109,264.109,264.109
442,T2,BESTEFFORT,MISSED,m7-1,114.907,"{'m1-1': 10.97, 'm2-1': 104.73, 'm3-1': 100.94, 'm4-1': 105.08, 'm5-1': 10.42, 'm6-1': 10.12, 'm7-1': 102.94, 'm8-1': 1.02}",3.8354999999999393,262.35,inf,264.907,264.907,264.907
443,T4,BESTEFFORT,COMPLETED,m8-1,115.168,"{'m1-1': 10.21, 'm2-1': 114.58, 'm3-1': 115.36, 'm4-1': 109.98, 'm5-1': 10.41, 'm6-1': 11.55, 'm7-1': 106.63, 'm8-1': 1.08}",1.62,258.03100000000006,259.11100000000005,inf,265.168,265.168
444,T3,BESTEFFORT,MISSED,m4-1,115.251,"{'m1-1': 10.94, 'm2-1': 101.63, 'm3-1': 103.0, 'm4-1': 112.28, 'm5-1': 11.11, 'm6-1': 10.97, 'm7-1': 106.95, 'm8-1': 0.99}",6.10349999999994,261.182,inf,265.251,265.251,265.251
445,T2,BESTEFFORT,MISSED,m2-1,115.277,"{'m1-1': 9.95, 'm2-1': 95.85, 'm3-1': 101.4, 'm4-1': 104.79, 'm5-1': 11.52, 'm6-1': 10.83, 'm7-1': 109.26, 'm8-1': 1.09}",1.8554999999999495,264.04,inf,265.277,265.277,265.277
446,T1,BESTEFFORT,COMPLETED,m8-1,115.345,"{'m1-1': 10.87, 'm2-1': 98.72, 'm3-1': 104.3, 'm4-1': 109.84, 'm5-1': 9.99, 'm6-1': 11.43, 'm7-1': 101.06, 'm8-1': 1.06}",1.59,259.11100000000005,260.17100000000005,inf,265.345,265.345
447,T1,BESTEFFORT,MISSED,m3-1,115.406,"{'m1-1': 10.49, 'm2-1': 99.62, 'm3-1': 108.68, 'm4-1': 118.67, 'm5-1': 10.07, 'm6-1': 11.37, 'm7-1': 95.82, 'm8-1': 1.03}",1.9455000000000382,264.109,inf,265.406,265.406,265.406
448,T3,BESTEFFORT,MISSED,m6-1,115.512,"{'m1-1': 10.65, 'm2-1': 105.66, 'm3-1': 104.81, 'm4-1': 108.47, 'm5-1': 11.26, 'm6-1': 11.0, 'm7-1': 111.58, 'm8-1': 1.03}",4.39500000000001,262.582,inf,265.512,265.512,265.512
449,T4,BESTEFFORT,MISSED,m7-1,115.535,"{'m1-1': 10.34, 'm2-1': 107.23, 'm3-1': 113.09, 'm4-1': 109.95, 'm5-1': 10.83, 'm6-1': 10.9, 'm7-1': 101.91, 'm8-1': 0.96}",0.9419999999999789,264.907,inf,265.53499999999997,265.53499999999997,265.53499999999997
450,T2,BESTEFFORT,COMPLETED,m8-1,115.613,"{'m1-1': 10.79, 'm2-1': 95.49, 'm3-1': 107.98, 'm4-1': 97.84, 'm5-1': 11.56, 'm6-1': 10.57, 'm7-1': 101.68, 'm8-1': 1.08}",1.62,260.17100000000005,261.25100000000003,inf,265.613,265.613
451,T4,BESTEFFORT,MISSED,m7-1,115.968,"{'m1-1': 9.71, 'm2-1': 105.66, 'm3-1': 109.31, 'm4-1': 98.16, 'm5-1': 11.47, 'm6-1': 11.7, 'm7-1': 95.8, 'm8-1': 1.12}",0.6495000000000744,265.53499999999997,inf,265.968,265.968,265.968
452,T4,BESTEFFORT,MISSED,m4-1,116.414,"{'m1-1': 9.56, 'm2-1': 111.04, 'm3-1': 116.32, 'm4-1': 97.73, 'm5-1': 10.25, 'm6-1': 11.27, 'm7-1': 104.41, 'm8-1': 1.02}",1.7445000000000164,265.251,inf,266.414,266.414,266.414
453,T4,BESTEFFORT,MISSED,m2-1,116.432,"{'m1-1': 10.13, 'm2-1': 103.56, 'm3-1': 107.93, 'm4-1': 103.4, 'm5-1': 10.95, 'm6-1': 11.09, 'm7-1': 110.47, 'm8-1': 1.08}",1.7325000000000443,265.277,inf,266.432,266.432,266.432
454,T2,BESTEFFORT,COMPLETED,m8-1,116.809,"{'m1-1': 10.16, 'm2-1': 95.08, 'm3-1': 95.85, 'm4-1': 108.8, 'm5-1': 10.2, 'm6-1': 10.7, 'm7-1': 113.17, 'm8-1': 1.12}",1.6800000000000002,261.25100000000003,262.37100000000004,inf,266.80899999999997,266.80899999999997
455,T2,BESTEFFORT,MISSED,m3-1,117.056,"{'m1-1': 10.92, 'm2-1': 94.5, 'm3-1': 102.2, 'm4-1': 99.95, 'm5-1': 11.11, 'm6-1': 10.13, 'm7-1': 97.69, 'm8-1': 1.13}",2.474999999999966,265.406,inf,267.056,267.056,267.056
456,T2,BESTEFFORT,MISSED,m4-1,117.654,"{'m1-1': 11.62, 'm2-1': 93.96, 'm3-1': 107.29, 'm4-1': 99.76, 'm5-1': 10.44, 'm6-1': 11.15, 'm7-1': 97.54, 'm8-1': 1.12}",1.8600000000000136,266.414,inf,267.654,267.654,267.654
457,T4,BESTEFFORT,COMPLETED,m8-1,117.982,"{'m1-1': 10.01, 'm2-1': 102.84, 'm3-1': 115.0, 'm4-1': 102.26, 'm5-1': 11.08, 'm6-1': 10.48, 'm7-1': 111.96, 'm8-1': 1.05}",1.5750000000000002,262.37100000000004,263.42100000000005,inf,267.98199999999997,267.98199999999997
458,T3,BESTEFFORT,MISSED,m5-1,118.158,"{'m1-1': 10.19, 'm2-1': 96.78, 'm3-1': 93.01, 'm4-1': 109.15, 'm5-1': 10.81, 'm6-1': 10.6, 'm7-1': 96.27, 'm8-1': 1.0}",8.203500000000076,262.68899999999996,inf,268.158,268.158,268.158
459,T1,BESTEFFORT,MISSED,m1-1,118.228,"{'m1-1': 10.66, 'm2-1': 113.1, 'm3-1': 97.1, 'm4-1': 112.28, 'm5-1': 9.29, 'm6-1': 11.12, 'm7-1': 97.35, 'm8-1': 1.0}",6.738000000000028,263.736,inf,268.228,268.228,268.228
460,T4,BESTEFFORT,MISSED,m6-1,118.24,"{'m1-1': 9.79, 'm2-1': 108.58, 'm3-1': 102.67, 'm4-1': 106.15, 'm5-1': 10.34, 'm6-1': 11.21, 'm7-1': 105.57, 'm8-1': 1.14}",4.092000000000013,265.512,inf,268.24,268.24,268.24
461,T3,BESTEFFORT,MISSED,m5-1,118.487,"{'m1-1': 9.68, 'm2-1': 110.19, 'm3-1': 107.94, 'm4-1': 99.1, 'm5-1': 10.32, 'm6-1': 9.6, 'm7-1': 104.78, 'm8-1': 0.93}",0.49349999999992633,268.158,inf,268.48699999999997,268.48699999999997,268.48699999999997
462,T4,BESTEFFORT,MISSED,m1-1,118.697,"{'m1-1': 10.58, 'm2-1': 108.76, 'm3-1': 114.8, 'm4-1': 95.25, 'm5-1': 10.18, 'm6-1': 10.33, 'm7-1': 100.62, 'm8-1': 1.08}",0.7034999999999911,268.228,inf,268.697,268.697,268.697
463,T2,BESTEFFORT,COMPLETED,m8-1,118.712,"{'m1-1': 10.85, 'm2-1': 92.96, 'm3-1': 107.62, 'm4-1': 107.53, 'm5-1': 10.25, 'm6-1': 10.28, 'm7-1': 105.06, 'm8-1': 1.04}",1.56,263.42100000000005,264.46100000000007,inf,268.712,268.712
464,T2,BESTEFFORT,MISSED,m2-1,118.76,"{'m1-1': 10.87, 'm2-1': 96.88, 'm3-1': 97.02, 'm4-1': 101.08, 'm5-1': 11.55, 'm6-1': 10.05, 'm7-1': 110.96, 'm8-1': 0.96}",3.491999999999962,266.432,inf,268.76,268.76,268.76
465,T2,BESTEFFORT,MISSED,m6-1,119.056,"{'m1-1': 10.21, 'm2-1': 102.14, 'm3-1': 110.48, 'm4-1': 115.66, 'm5-1': 10.43, 'm6-1': 11.21, 'm7-1': 104.54, 'm8-1': 1.06}",1.2239999999999611,268.24,inf,269.056,269.056,269.056
466,T2,BESTEFFORT,MISSED,m3-1,119.083,"{'m1-1': 10.76, 'm2-1': 100.22, 'm3-1': 110.37, 'm4-1': 99.36, 'm5-1': 10.53, 'm6-1': 10.54, 'm7-1': 102.47, 'm8-1': 0.96}",3.04049999999998,267.056,inf,269.08299999999997,269.08299999999997,269.08299999999997
467,T1,BESTEFFORT,MISSED,m4-1,119.622,"{'m1-1': 9.99, 'm2-1': 106.95, 'm3-1': 106.73, 'm4-1': 111.93, 'm5-1': 10.21, 'm6-1': 10.28, 'm7-1': 113.16, 'm8-1': 1.06}",2.9520000000000266,267.654,inf,269.622,269.622,269.622
468,T4,BESTEFFORT,MISSED,m5-1,120.023,"{'m1-1': 9.8, 'm2-1': 113.64, 'm3-1': 116.7, 'm4-1': 108.53, 'm5-1': 10.44, 'm6-1': 11.72, 'm7-1': 97.9, 'm8-1': 1.13}",2.3040000000000873,268.48699999999997,inf,270.023,270.023,270.023
469,T2,BESTEFFORT,COMPLETED,m8-1,120.044,"{'m1-1': 10.63, 'm2-1': 94.17, 'm3-1': 101.1, 'm4-1': 115.63, 'm5-1': 11.29, 'm6-1': 11.88, 'm7-1': 107.91, 'm8-1': 1.12}",1.6800000000000002,264.46100000000007,265.5810000000001,inf,270.044,270.044
470,T1,BESTEFFORT,MISSED,m1-1,120.155,"{'m1-1': 10.61, 'm2-1': 116.4, 'm3-1': 110.38, 'm4-1': 112.83, 'm5-1': 9.27, 'm6-1': 10.36, 'm7-1': 109.35, 'm8-1': 1.07}",2.186999999999955,268.697,inf,270.155,270.155,270.155
471,T3,BESTEFFORT,MISSED,m7-1,120.304,"{'m1-1': 10.34, 'm2-1': 105.62, 'm3-1': 108.21, 'm4-1': 106.81, 'm5-1': 10.94, 'm6-1': 10.63, 'm7-1': 101.27, 'm8-1': 1.01}",6.503999999999934,265.968,inf,270.304,270.304,270.304
472,T1,BESTEFFORT,COMPLETED,m8-1,120.308,"{'m1-1': 10.66, 'm2-1': 113.2, 'm3-1': 102.37, 'm4-1': 118.16, 'm5-1': 9.37, 'm6-1': 9.95, 'm7-1': 109.45, 'm8-1': 1.01}",1.5150000000000001,265.5810000000001,266.59100000000007,inf,270.308,270.308
473,T1,BESTEFFORT,MISSED,m6-1,120.7,"{'m1-1': 9.9, 'm2-1': 108.4, 'm3-1': 101.07, 'm4-1': 105.37, 'm5-1': 10.08, 'm6-1': 10.96, 'm7-1': 101.43, 'm8-1': 1.11}",2.466000000000008,269.056,inf,270.7,270.7,270.7
474,T1,BESTEFFORT,MISSED,m5-1,120.994,"{'m1-1': 9.82, 'm2-1': 108.28, 'm3-1': 107.45, 'm4-1': 103.62, 'm5-1': 10.07, 'm6-1': 10.85, 'm7-1': 99.32, 'm8-1': 1.12}",1.4565000000000055,270.023,inf,270.994,270.994,270.994
475,T4,BESTEFFORT,COMPLETED,m8-1,121.411,"{'m1-1': 9.83, 'm2-1': 113.79, 'm3-1': 114.8, 'm4-1': 99.15, 'm5-1': 11.13, 'm6-1': 10.48, 'm7-1': 103.47, 'm8-1': 0.97}",1.455,266.59100000000007,267.5610000000001,inf,271.411,271.411
476,T1,BESTEFFORT,MISSED,m1-1,122.255,"{'m1-1': 10.42, 'm2-1': 99.92, 'm3-1': 104.42, 'm4-1': 105.87, 'm5-1': 9.24, 'm6-1': 11.67, 'm7-1': 99.88, 'm8-1': 1.12}",3.150000000000034,270.155,inf,272.255,272.255,272.255
477,T1,BESTEFFORT,MISSED,m2-1,122.306,"{'m1-1': 10.99, 'm2-1': 116.48, 'm3-1': 100.07, 'm4-1': 100.34, 'm5-1': 9.19, 'm6-1': 10.08, 'm7-1': 103.93, 'm8-1': 0.99}",5.318999999999988,268.76,inf,272.306,272.306,272.306
478,T2,BESTEFFORT,MISSED,m3-1,122.43,"{'m1-1': 10.69, 'm2-1': 98.82, 'm3-1': 96.96, 'm4-1': 106.76, 'm5-1': 11.13, 'm6-1': 11.37, 'm7-1': 108.5, 'm8-1': 1.02}",5.020500000000055,269.08299999999997,inf,272.43,272.43,272.43
479,T2,BESTEFFORT,COMPLETED,m8-1,123.056,"{'m1-1': 11.51, 'm2-1': 93.81, 'm3-1': 101.7, 'm4-1': 108.4, 'm5-1': 11.51, 'm6-1': 10.46, 'm7-1': 103.09, 'm8-1': 1.0}",1.5,267.5610000000001,268.5610000000001,inf,273.056,273.056
480,T4,BESTEFFORT,MISSED,m7-1,123.32,"{'m1-1': 10.91, 'm2-1': 106.74, 'm3-1': 111.2, 'm4-1': 110.81, 'm5-1': 9.99, 'm6-1': 10.9, 'm7-1': 99.38, 'm8-1': 0.98}",4.524000000000029,270.304,inf,273.32,273.32,273.32
481,T1,BESTEFFORT,MISSED,m4-1,124.904,"{'m1-1': 11.12, 'm2-1': 104.67, 'm3-1': 100.82, 'm4-1': 109.27, 'm5-1': 10.78, 'm6-1': 11.49, 'm7-1': 99.26, 'm8-1': 1.01}",7.922999999999973,269.622,inf,274.904,274.904,274.904
482,T2,BESTEFFORT,MISSED,m2-1,125.52,"{'m1-1': 10.12, 'm2-1': 98.9, 'm3-1': 105.36, 'm4-1': 110.51, 'm5-1': 10.63, 'm6-1': 10.18, 'm7-1': 107.18, 'm8-1': 1.12}",4.820999999999998,272.306,inf,275.52,275.52,275.52
483,T1,BESTEFFORT,MISSED,m3-1,126.441,"{'m1-1': 9.99, 'm2-1': 111.12, 'm3-1': 104.99, 'm4-1': 104.5, 'm5-1': 10.28, 'm6-1': 10.27, 'm7-1': 103.42, 'm8-1': 1.04}",6.016500000000036,272.43,inf,276.44100000000003,276.44100000000003,276.44100000000003
484,T2,BESTEFFORT,MISSED,m6-1,127.51,"{'m1-1': 10.02, 'm2-1': 105.26, 'm3-1': 105.39, 'm4-1': 101.66, 'm5-1': 9.86, 'm6-1': 11.42, 'm7-1': 98.02, 'm8-1': 0.98}",10.215000000000003,270.7,inf,277.51,277.51,277.51
485,T1,BESTEFFORT,MISSED,m7-1,127.73,"{'m1-1': 11.06, 'm2-1': 105.21, 'm3-1': 109.53, 'm4-1': 118.15, 'm5-1': 9.54, 'm6-1': 11.37, 'm7-1': 105.48, 'm8-1': 1.05}",6.6150000000000375,273.32,inf,277.73,277.73,277.73
486,T2,BESTEFFORT,COMPLETED,m8-1,127.949,"{'m1-1': 10.75, 'm2-1': 102.8, 'm3-1': 104.62, 'm4-1': 111.74, 'm5-1': 11.18, 'm6-1': 11.27, 'm7-1': 101.91, 'm8-1': 1.13}",1.6949999999999998,268.5610000000001,269.6910000000001,inf,277.949,277.949
487,T1,BESTEFFORT,MISSED,m7-1,129.863,"{'m1-1': 9.7, 'm2-1': 109.83, 'm3-1': 97.9, 'm4-1': 109.7, 'm5-1': 10.02, 'm6-1': 11.04, 'm7-1': 107.06, 'm8-1': 1.13}",3.199499999999972,277.73,inf,279.863,279.863,279.863
488,T1,BESTEFFORT,MISSED,m4-1,132.338,"{'m1-1': 9.39, 'm2-1': 107.47, 'm3-1': 106.2, 'm4-1': 118.39, 'm5-1': 9.35, 'm6-1': 11.64, 'm7-1': 102.92, 'm8-1': 0.98}",11.150999999999954,274.904,inf,282.33799999999997,282.33799999999997,282.33799999999997
489,T1,BESTEFFORT,MISSED,m2-1,132.584,"{'m1-1': 9.98, 'm2-1': 103.83, 'm3-1': 110.7, 'm4-1': 118.93, 'm5-1': 9.19, 'm6-1': 11.13, 'm7-1': 103.54, 'm8-1': 1.02}",10.596000000000032,275.52,inf,282.584,282.584,282.584
490,T1,BESTEFFORT,COMPLETED,m8-1,134.087,"{'m1-1': 9.43, 'm2-1': 109.88, 'm3-1': 102.05, 'm4-1': 106.46, 'm5-1': 10.46, 'm6-1': 10.94, 'm7-1': 102.86, 'm8-1': 1.01}",1.5150000000000001,269.6910000000001,270.7010000000001,inf,284.087,284.087
491,T1,BESTEFFORT,MISSED,m3-1,134.847,"{'m1-1': 9.63, 'm2-1': 109.9, 'm3-1': 104.64, 'm4-1': 105.88, 'm5-1': 10.56, 'm6-1': 10.92, 'm7-1': 109.42, 'm8-1': 1.1}",12.608999999999924,276.44100000000003,inf,284.847,284.847,284.847
492,T1,BESTEFFORT,COMPLETED,m8-1,135.416,"{'m1-1': 10.26, 'm2-1': 110.08, 'm3-1': 102.12, 'm4-1': 116.39, 'm5-1': 9.95, 'm6-1': 11.23, 'm7-1': 103.88, 'm8-1': 1.11}",1.665,270.7010000000001,271.8110000000001,inf,285.416,285.416
493,T1,BESTEFFORT,MISSED,m4-1,137.897,"{'m1-1': 9.62, 'm2-1': 103.44, 'm3-1': 101.12, 'm4-1': 113.64, 'm5-1': 10.46, 'm6-1': 10.71, 'm7-1': 104.74, 'm8-1': 1.06}",8.338500000000039,282.33799999999997,inf,287.897,287.897,287.897
494,T1,BESTEFFORT,COMPLETED,m5-1,142.734,"{'m1-1': 9.73, 'm2-1': 114.35, 'm3-1': 103.02, 'm4-1': 108.88, 'm5-1': 9.84, 'm6-1': 10.85, 'm7-1': 103.01, 'm8-1': 1.02}",14.76,270.994,280.834,inf,292.73400000000004,292.73400000000004
495,T1,BESTEFFORT,COMPLETED,m1-1,143.598,"{'m1-1': 10.84, 'm2-1': 100.46, 'm3-1': 96.36, 'm4-1': 113.81, 'm5-1': 10.48, 'm6-1': 10.86, 'm7-1': 110.05, 'm8-1': 1.0}",16.259999999999998,272.255,283.09499999999997,inf,293.598,293.598
496,T1,BESTEFFORT,COMPLETED,m6-1,146.137,"{'m1-1': 9.79, 'm2-1': 112.17, 'm3-1': 103.22, 'm4-1': 106.08, 'm5-1': 10.02, 'm6-1': 10.87, 'm7-1': 97.7, 'm8-1': 1.11}",16.305,277.51,288.38,inf,296.137,296.137
497,T1,BESTEFFORT,COMPLETED,m5-1,148.531,"{'m1-1': 10.29, 'm2-1': 106.76, 'm3-1': 96.07, 'm4-1': 103.93, 'm5-1': 9.66, 'm6-1': 10.33, 'm7-1': 101.43, 'm8-1': 1.03}",14.49,280.834,290.494,inf,298.531,298.531
498,T1,BESTEFFORT,COMPLETED,m8-1,149.257,"{'m1-1': 10.29, 'm2-1': 103.46, 'm3-1': 113.11, 'm4-1': 102.54, 'm5-1': 10.28, 'm6-1': 10.57, 'm7-1': 103.9, 'm8-1': 1.08}",1.62,271.8110000000001,272.8910000000001,inf,299.257,299.257
499,T1,BESTEFFORT,COMPLETED,m1-1,149.39,"{'m1-1': 10.61, 'm2-1': 115.58, 'm3-1': 101.78, 'm4-1': 111.51, 'm5-1': 9.54, 'm6-1': 10.86, 'm7-1': 95.89, 'm8-1': 1.02}",15.915,283.09499999999997,293.705,inf,299.39,299.39
