id,type,urgency,status,assigned_machine,arrival_time,execution_time,energy_usage,start_time,completion_time,missed_time,deadline,extended_deadline
0,T2,BESTEFFORT,COMPLETED,m7-1,0.03,"{'m1-1': 103.67, 'm2-1': 9.25, 'm3-1': 1.06, 'm4-1': 104.62, 'm5-1': 105.24, 'm6-1': 10.87, 'm7-1': 0.93, 'm8-1': 107.92}",1.395,0.03,0.9600000000000001,inf,150.03,150.03
1,T1,BESTEFFORT,COMPLETED,m3-1,0.119,"{'m1-1': 107.89, 'm2-1': 11.65, 'm3-1': 0.92, 'm4-1': 112.03, 'm5-1': 106.04, 'm6-1': 10.08, 'm7-1': 0.98, 'm8-1': 111.96}",1.3800000000000001,0.119,1.0390000000000001,inf,150.119,150.119
2,T4,BESTEFFORT,COMPLETED,m7-1,0.123,"{'m1-1': 103.22, 'm2-1': 10.5, 'm3-1': 0.95, 'm4-1': 102.38, 'm5-1': 101.22, 'm6-1': 10.1, 'm7-1': 1.0, 'm8-1': 94.76}",1.5,0.9600000000000001,1.96,inf,150.123,150.123
3,T1,BESTEFFORT,COMPLETED,m3-1,0.131,"{'m1-1': 104.14, 'm2-1': 11.44, 'm3-1': 0.96, 'm4-1': 106.97, 'm5-1': 104.27, 'm6-1': 10.34, 'm7-1': 1.11, 'm8-1': 118.5}",1.44,1.0390000000000001,1.999,inf,150.131,150.131
4,T3,BESTEFFORT,COMPLETED,m7-1,0.173,"{'m1-1': 103.74, 'm2-1': 11.6, 'm3-1': 1.02, 'm4-1': 110.25, 'm5-1': 95.81, 'm6-1': 10.24, 'm7-1': 1.08, 'm8-1': 107.63}",1.62,1.96,3.04,inf,150.173,150.173
5,T3,BESTEFFORT,COMPLETED,m3-1,0.202,"{'m1-1': 106.13, 'm2-1': 11.62, 'm3-1': 1.04, 'm4-1': 103.46, 'm5-1': 108.44, 'm6-1': 11.0, 'm7-1': 0.95, 'm8-1': 105.22}",1.56,1.999,3.039,inf,150.202,150.202
6,T2,BESTEFFORT,COMPLETED,m7-1,0.235,"{'m1-1': 111.21, 'm2-1': 9.8, 'm3-1': 1.02, 'm4-1': 104.81, 'm5-1': 95.54, 'm6-1': 10.8, 'm7-1': 1.08, 'm8-1': 118.16}",1.62,3.04,4.12,inf,150.235,150.235
7,T4,BESTEFFORT,COMPLETED,m3-1,0.416,"{'m1-1': 99.2, 'm2-1': 10.81, 'm3-1': 1.04, 'm4-1': 110.64, 'm5-1': 110.93, 'm6-1': 9.57, 'm7-1': 1.16, 'm8-1': 103.76}",1.56,3.039,4.079000000000001,inf,150.416,150.416
8,T1,BESTEFFORT,COMPLETED,m7-1,0.504,"{'m1-1': 103.63, 'm2-1': 10.75, 'm3-1': 0.94, 'm4-1': 111.66, 'm5-1': 104.68, 'm6-1': 10.17, 'm7-1': 1.06, 'm8-1': 104.44}",1.59,4.12,5.18,inf,150.504,150.504
9,T3,BESTEFFORT,COMPLETED,m3-1,0.879,"{'m1-1': 103.01, 'm2-1': 10.93, 'm3-1': 1.14, 'm4-1': 108.79, 'm5-1': 101.28, 'm6-1': 11.6, 'm7-1': 1.09, 'm8-1': 101.25}",1.71,4.079000000000001,5.219,inf,150.879,150.879
10,T3,BESTEFFORT,COMPLETED,m7-1,0.906,"{'m1-1': 102.64, 'm2-1': 11.46, 'm3-1': 1.13, 'm4-1': 109.52, 'm5-1': 102.29, 'm6-1': 10.77, 'm7-1': 0.95, 'm8-1': 105.89}",1.4249999999999998,5.18,6.13,inf,150.906,150.906
11,T3,BESTEFFORT,COMPLETED,m3-1,0.98,"{'m1-1': 109.62, 'm2-1': 10.22, 'm3-1': 1.14, 'm4-1': 104.02, 'm5-1': 98.61, 'm6-1': 11.11, 'm7-1': 1.04, 'm8-1': 97.81}",1.71,5.219,6.359,inf,150.98,150.98
12,T2,BESTEFFORT,COMPLETED,m7-1,1.001,"{'m1-1': 112.61, 'm2-1': 10.87, 'm3-1': 1.1, 'm4-1': 112.87, 'm5-1': 104.23, 'm6-1': 10.88, 'm7-1': 0.97, 'm8-1': 100.12}",1.455,6.13,7.1,inf,151.001,151.001
13,T2,BESTEFFORT,COMPLETED,m3-1,1.014,"{'m1-1': 97.8, 'm2-1': 10.02, 'm3-1': 0.99, 'm4-1': 104.11, 'm5-1': 98.5, 'm6-1': 11.66, 'm7-1': 1.06, 'm8-1': 109.84}",1.4849999999999999,6.359,7.349,inf,151.014,151.014
14,T2,BESTEFFORT,COMPLETED,m7-1,1.152,"{'m1-1': 97.98, 'm2-1': 9.44, 'm3-1': 1.06, 'm4-1': 112.08, 'm5-1': 99.29, 'm6-1': 11.68, 'm7-1': 1.02, 'm8-1': 102.56}",1.53,7.1,8.12,inf,151.152,151.152
15,T2,BESTEFFORT,COMPLETED,m3-1,1.183,"{'m1-1': 95.91, 'm2-1': 9.19, 'm3-1': 0.97, 'm4-1': 109.86, 'm5-1': 101.64, 'm6-1': 11.58, 'm7-1': 0.96, 'm8-1': 109.83}",1.455,7.349,8.319,inf,151.183,151.183
16,T1,BESTEFFORT,COMPLETED,m7-1,1.279,"{'m1-1': 96.83, 'm2-1': 10.6, 'm3-1': 1.03, 'm4-1': 107.57, 'm5-1': 104.65, 'm6-1': 11.18, 'm7-1': 0.99, 'm8-1': 117.53}",1.4849999999999999,8.12,9.11,inf,151.279,151.279
17,T2,BESTEFFORT,COMPLETED,m3-1,1.399,"{'m1-1': 101.56, 'm2-1': 10.17, 'm3-1': 1.11, 'm4-1': 114.86, 'm5-1': 104.35, 'm6-1': 11.7, 'm7-1': 1.08, 'm8-1': 103.31}",1.665,8.319,9.429,inf,151.399,151.399
18,T4,BESTEFFORT,COMPLETED,m7-1,1.486,"{'m1-1': 99.72, 'm2-1': 11.1, 'm3-1': 0.98, 'm4-1': 106.35, 'm5-1': 116.05, 'm6-1': 9.64, 'm7-1': 1.02, 'm8-1': 99.78}",1.53,9.11,10.129999999999999,inf,151.486,151.486
19,T3,BESTEFFORT,COMPLETED,m3-1,1.536,"{'m1-1': 104.39, 'm2-1': 10.87, 'm3-1': 1.03, 'm4-1': 106.74, 'm5-1': 93.44, 'm6-1': 10.01, 'm7-1': 0.93, 'm8-1': 104.62}",1.545,9.429,10.459,inf,151.536,151.536
20,T1,BESTEFFORT,COMPLETED,m7-1,1.606,"{'m1-1': 97.16, 'm2-1': 10.96, 'm3-1': 1.03, 'm4-1': 102.8, 'm5-1': 96.35, 'm6-1': 10.73, 'm7-1': 1.12, 'm8-1': 104.32}",1.6800000000000002,10.129999999999999,11.25,inf,151.606,151.606
21,T4,BESTEFFORT,COMPLETED,m3-1,1.619,"{'m1-1': 100.71, 'm2-1': 9.65, 'm3-1': 1.08, 'm4-1': 97.69, 'm5-1': 100.7, 'm6-1': 9.81, 'm7-1': 0.99, 'm8-1': 108.56}",1.62,10.459,11.539,inf,151.619,151.619
22,T3,BESTEFFORT,COMPLETED,m7-1,1.663,"{'m1-1': 110.42, 'm2-1': 10.9, 'm3-1': 1.08, 'm4-1': 93.98, 'm5-1': 97.72, 'm6-1': 10.05, 'm7-1': 1.08, 'm8-1': 101.6}",1.62,11.25,12.33,inf,151.663,151.663
23,T1,BESTEFFORT,COMPLETED,m6-1,2.005,"{'m1-1': 94.49, 'm2-1': 11.14, 'm3-1': 1.03, 'm4-1': 107.52, 'm5-1': 96.5, 'm6-1': 10.17, 'm7-1': 1.03, 'm8-1': 110.05}",15.254999999999999,2.005,12.175,inf,152.005,152.005
24,T1,BESTEFFORT,COMPLETED,m3-1,2.012,"{'m1-1': 109.32, 'm2-1': 11.15, 'm3-1': 1.02, 'm4-1': 95.71, 'm5-1': 95.05, 'm6-1': 9.56, 'm7-1': 1.01, 'm8-1': 111.58}",1.53,11.539,12.559,inf,152.012,152.012
25,T2,BESTEFFORT,COMPLETED,m2-1,2.053,"{'m1-1': 100.54, 'm2-1': 9.82, 'm3-1': 0.97, 'm4-1': 105.47, 'm5-1': 97.3, 'm6-1': 10.85, 'm7-1': 0.98, 'm8-1': 114.0}",14.73,2.053,11.873000000000001,inf,152.053,152.053
26,T2,BESTEFFORT,COMPLETED,m7-1,2.274,"{'m1-1': 106.19, 'm2-1': 10.36, 'm3-1': 1.07, 'm4-1': 107.55, 'm5-1': 101.39, 'm6-1': 9.95, 'm7-1': 1.08, 'm8-1': 99.75}",1.62,12.33,13.41,inf,152.274,152.274
27,T3,BESTEFFORT,COMPLETED,m3-1,2.326,"{'m1-1': 101.89, 'm2-1': 10.6, 'm3-1': 1.07, 'm4-1': 107.02, 'm5-1': 101.35, 'm6-1': 11.77, 'm7-1': 1.06, 'm8-1': 103.98}",1.605,12.559,13.629,inf,152.326,152.326
28,T1,BESTEFFORT,COMPLETED,m7-1,2.413,"{'m1-1': 96.26, 'm2-1': 10.54, 'm3-1': 0.92, 'm4-1': 107.21, 'm5-1': 96.94, 'm6-1': 9.67, 'm7-1': 1.09, 'm8-1': 114.7}",1.6350000000000002,13.41,14.5,inf,152.413,152.413
29,T2,BESTEFFORT,COMPLETED,m3-1,2.8,"{'m1-1': 106.57, 'm2-1': 10.54, 'm3-1': 0.98, 'm4-1': 105.35, 'm5-1': 103.36, 'm6-1': 10.91, 'm7-1': 1.0, 'm8-1': 105.31}",1.47,13.629,14.609,inf,152.8,152.8
30,T2,BESTEFFORT,COMPLETED,m7-1,2.843,"{'m1-1': 112.27, 'm2-1': 9.74, 'm3-1': 0.99, 'm4-1': 106.54, 'm5-1': 96.84, 'm6-1': 11.54, 'm7-1': 1.06, 'm8-1': 115.92}",1.59,14.5,15.56,inf,152.843,152.843
31,T4,BESTEFFORT,COMPLETED,m3-1,3.109,"{'m1-1': 106.74, 'm2-1': 9.93, 'm3-1': 1.09, 'm4-1': 109.07, 'm5-1': 113.94, 'm6-1': 9.59, 'm7-1': 1.1, 'm8-1': 98.52}",1.6350000000000002,14.609,15.699,inf,153.109,153.109
32,T3,BESTEFFORT,COMPLETED,m7-1,3.822,"{'m1-1': 105.24, 'm2-1': 10.56, 'm3-1': 1.14, 'm4-1': 94.06, 'm5-1': 96.8, 'm6-1': 10.76, 'm7-1': 1.07, 'm8-1': 105.18}",1.605,15.56,16.63,inf,153.822,153.822
33,T4,BESTEFFORT,COMPLETED,m3-1,4.041,"{'m1-1': 99.33, 'm2-1': 10.07, 'm3-1': 1.02, 'm4-1': 110.28, 'm5-1': 107.97, 'm6-1': 10.37, 'm7-1': 1.08, 'm8-1': 107.2}",1.53,15.699,16.719,inf,154.041,154.041
34,T2,BESTEFFORT,COMPLETED,m7-1,4.056,"{'m1-1': 102.38, 'm2-1': 10.68, 'm3-1': 1.04, 'm4-1': 113.82, 'm5-1': 96.32, 'm6-1': 10.68, 'm7-1': 1.04, 'm8-1': 108.77}",1.56,16.63,17.669999999999998,inf,154.056,154.056
35,T1,BESTEFFORT,COMPLETED,m3-1,4.12,"{'m1-1': 100.3, 'm2-1': 10.93, 'm3-1': 1.03, 'm4-1': 103.05, 'm5-1': 93.35, 'm6-1': 10.04, 'm7-1': 0.97, 'm8-1': 103.54}",1.545,16.719,17.749000000000002,inf,154.12,154.12
36,T2,BESTEFFORT,COMPLETED,m7-1,4.141,"{'m1-1': 112.14, 'm2-1': 10.52, 'm3-1': 1.09, 'm4-1': 105.39, 'm5-1': 96.05, 'm6-1': 10.06, 'm7-1': 1.06, 'm8-1': 115.6}",1.59,17.669999999999998,18.729999999999997,inf,154.141,154.141
37,T3,BESTEFFORT,COMPLETED,m3-1,4.148,"{'m1-1': 97.91, 'm2-1': 11.53, 'm3-1': 1.12, 'm4-1': 111.22, 'm5-1': 103.37, 'm6-1': 11.41, 'm7-1': 1.05, 'm8-1': 99.06}",1.6800000000000002,17.749000000000002,18.869000000000003,inf,154.148,154.148
38,T2,BESTEFFORT,COMPLETED,m7-1,4.259,"{'m1-1': 107.84, 'm2-1': 9.25, 'm3-1': 1.07, 'm4-1': 103.57, 'm5-1': 94.5, 'm6-1': 11.71, 'm7-1': 0.97, 'm8-1': 113.2}",1.455,18.729999999999997,19.699999999999996,inf,154.25900000000001,154.25900000000001
39,T3,BESTEFFORT,COMPLETED,m3-1,4.39,"{'m1-1': 107.98, 'm2-1': 11.62, 'm3-1': 1.02, 'm4-1': 110.2, 'm5-1': 99.37, 'm6-1': 10.21, 'm7-1': 1.06, 'm8-1': 102.98}",1.53,18.869000000000003,19.889000000000003,inf,154.39,154.39
40,T3,BESTEFFORT,COMPLETED,m7-1,4.59,"{'m1-1': 97.68, 'm2-1': 10.02, 'm3-1': 0.99, 'm4-1': 98.87, 'm5-1': 93.43, 'm6-1': 11.38, 'm7-1': 1.02, 'm8-1': 95.42}",1.53,19.699999999999996,20.719999999999995,inf,154.59,154.59
41,T2,BESTEFFORT,COMPLETED,m3-1,4.67,"{'m1-1': 108.02, 'm2-1': 9.57, 'm3-1': 1.0, 'm4-1': 109.75, 'm5-1': 92.37, 'm6-1': 11.69, 'm7-1': 0.98, 'm8-1': 112.95}",1.5,19.889000000000003,20.889000000000003,inf,154.67,154.67
42,T3,BESTEFFORT,COMPLETED,m7-1,4.713,"{'m1-1': 101.12, 'm2-1': 10.8, 'm3-1': 1.0, 'm4-1': 105.02, 'm5-1': 102.29, 'm6-1': 10.48, 'm7-1': 0.94, 'm8-1': 98.51}",1.41,20.719999999999995,21.659999999999997,inf,154.713,154.713
43,T4,BESTEFFORT,COMPLETED,m6-1,4.81,"{'m1-1': 109.3, 'm2-1': 9.7, 'm3-1': 1.06, 'm4-1': 104.32, 'm5-1': 102.1, 'm6-1': 10.96, 'm7-1': 1.11, 'm8-1': 95.94}",16.44,12.175,23.135,inf,154.81,154.81
44,T3,BESTEFFORT,COMPLETED,m2-1,4.942,"{'m1-1': 104.88, 'm2-1': 11.12, 'm3-1': 1.1, 'm4-1': 98.42, 'm5-1': 95.52, 'm6-1': 10.93, 'm7-1': 1.07, 'm8-1': 95.68}",16.68,11.873000000000001,22.993000000000002,inf,154.942,154.942
45,T1,BESTEFFORT,COMPLETED,m3-1,5.261,"{'m1-1': 101.35, 'm2-1': 11.26, 'm3-1': 0.94, 'm4-1': 101.57, 'm5-1': 106.52, 'm6-1': 10.7, 'm7-1': 0.97, 'm8-1': 107.2}",1.41,20.889000000000003,21.829000000000004,inf,155.261,155.261
46,T3,BESTEFFORT,COMPLETED,m7-1,5.336,"{'m1-1': 110.06, 'm2-1': 11.73, 'm3-1': 1.13, 'm4-1': 107.26, 'm5-1': 105.9, 'm6-1': 11.16, 'm7-1': 1.06, 'm8-1': 91.92}",1.59,21.659999999999997,22.719999999999995,inf,155.336,155.336
47,T3,BESTEFFORT,COMPLETED,m3-1,5.379,"{'m1-1': 112.05, 'm2-1': 10.86, 'm3-1': 1.06, 'm4-1': 111.23, 'm5-1': 106.52, 'm6-1': 10.16, 'm7-1': 1.09, 'm8-1': 105.14}",1.59,21.829000000000004,22.889000000000003,inf,155.379,155.379
48,T2,BESTEFFORT,COMPLETED,m7-1,5.866,"{'m1-1': 102.39, 'm2-1': 9.96, 'm3-1': 1.08, 'm4-1': 111.06, 'm5-1': 98.23, 'm6-1': 11.59, 'm7-1': 1.07, 'm8-1': 110.51}",1.605,22.719999999999995,23.789999999999996,inf,155.86599999999999,155.86599999999999
49,T1,BESTEFFORT,COMPLETED,m3-1,6.047,"{'m1-1': 108.67, 'm2-1': 11.63, 'm3-1': 0.97, 'm4-1': 107.16, 'm5-1': 109.21, 'm6-1': 10.15, 'm7-1': 0.97, 'm8-1': 112.12}",1.455,22.889000000000003,23.859,inf,156.047,156.047
50,T3,BESTEFFORT,COMPLETED,m7-1,6.112,"{'m1-1': 105.16, 'm2-1': 10.09, 'm3-1': 1.02, 'm4-1': 106.76, 'm5-1': 97.8, 'm6-1': 10.87, 'm7-1': 0.99, 'm8-1': 103.59}",1.4849999999999999,23.789999999999996,24.779999999999994,inf,156.112,156.112
51,T1,BESTEFFORT,COMPLETED,m3-1,6.116,"{'m1-1': 102.86, 'm2-1': 11.13, 'm3-1': 0.92, 'm4-1': 94.85, 'm5-1': 106.62, 'm6-1': 9.61, 'm7-1': 1.08, 'm8-1': 112.16}",1.3800000000000001,23.859,24.779000000000003,inf,156.11599999999999,156.11599999999999
52,T3,BESTEFFORT,COMPLETED,m7-1,6.338,"{'m1-1': 98.48, 'm2-1': 11.62, 'm3-1': 1.08, 'm4-1': 99.04, 'm5-1': 104.36, 'm6-1': 11.58, 'm7-1': 0.97, 'm8-1': 94.3}",1.455,24.779999999999994,25.749999999999993,inf,156.338,156.338
53,T2,BESTEFFORT,COMPLETED,m3-1,6.72,"{'m1-1': 102.08, 'm2-1': 9.76, 'm3-1': 0.99, 'm4-1': 113.75, 'm5-1': 103.69, 'm6-1': 11.29, 'm7-1': 0.96, 'm8-1': 100.7}",1.4849999999999999,24.779000000000003,25.769000000000002,inf,156.72,156.72
54,T3,BESTEFFORT,COMPLETED,m7-1,7.159,"{'m1-1': 112.26, 'm2-1': 10.97, 'm3-1': 0.97, 'm4-1': 97.87, 'm5-1': 108.73, 'm6-1': 11.24, 'm7-1': 1.1, 'm8-1': 107.72}",1.6500000000000001,25.749999999999993,26.849999999999994,inf,157.159,157.159
55,T1,BESTEFFORT,COMPLETED,m3-1,7.462,"{'m1-1': 112.33, 'm2-1': 11.55, 'm3-1': 0.94, 'm4-1': 109.94, 'm5-1': 107.25, 'm6-1': 10.66, 'm7-1': 1.06, 'm8-1': 100.33}",1.41,25.769000000000002,26.709000000000003,inf,157.462,157.462
56,T3,BESTEFFORT,COMPLETED,m7-1,7.464,"{'m1-1': 98.21, 'm2-1': 10.48, 'm3-1': 1.07, 'm4-1': 103.74, 'm5-1': 95.57, 'm6-1': 10.41, 'm7-1': 0.97, 'm8-1': 102.54}",1.455,26.849999999999994,27.819999999999993,inf,157.464,157.464
57,T3,BESTEFFORT,COMPLETED,m3-1,8.026,"{'m1-1': 103.41, 'm2-1': 11.16, 'm3-1': 0.97, 'm4-1': 105.49, 'm5-1': 94.55, 'm6-1': 11.01, 'm7-1': 1.06, 'm8-1': 92.7}",1.455,26.709000000000003,27.679000000000002,inf,158.026,158.026
58,T4,BESTEFFORT,COMPLETED,m3-1,8.079,"{'m1-1': 103.89, 'm2-1': 9.88, 'm3-1': 0.94, 'm4-1': 95.83, 'm5-1': 115.84, 'm6-1': 10.33, 'm7-1': 1.17, 'm8-1': 99.25}",1.41,27.679000000000002,28.619000000000003,inf,158.079,158.079
59,T1,BESTEFFORT,COMPLETED,m7-1,8.629,"{'m1-1': 106.64, 'm2-1': 10.44, 'm3-1': 1.06, 'm4-1': 106.64, 'm5-1': 104.52, 'm6-1': 10.76, 'm7-1': 1.06, 'm8-1': 119.0}",1.59,27.819999999999993,28.879999999999992,inf,158.629,158.629
60,T1,BESTEFFORT,COMPLETED,m3-1,8.737,"{'m1-1': 106.69, 'm2-1': 11.22, 'm3-1': 1.03, 'm4-1': 105.97, 'm5-1': 110.24, 'm6-1': 11.1, 'm7-1': 1.02, 'm8-1': 113.25}",1.545,28.619000000000003,29.649000000000004,inf,158.737,158.737
61,T3,BESTEFFORT,COMPLETED,m7-1,8.808,"{'m1-1': 99.57, 'm2-1': 10.01, 'm3-1': 1.12, 'm4-1': 95.65, 'm5-1': 108.17, 'm6-1': 10.59, 'm7-1': 0.96, 'm8-1': 100.02}",1.44,28.879999999999992,29.839999999999993,inf,158.808,158.808
62,T2,BESTEFFORT,COMPLETED,m3-1,8.833,"{'m1-1': 104.28, 'm2-1': 10.4, 'm3-1': 1.07, 'm4-1': 101.33, 'm5-1': 99.56, 'm6-1': 10.67, 'm7-1': 0.93, 'm8-1': 115.25}",1.605,29.649000000000004,30.719000000000005,inf,158.833,158.833
63,T3,BESTEFFORT,COMPLETED,m7-1,9.137,"{'m1-1': 112.53, 'm2-1': 11.56, 'm3-1': 1.08, 'm4-1': 94.08, 'm5-1': 106.18, 'm6-1': 10.29, 'm7-1': 0.96, 'm8-1': 99.57}",1.44,29.839999999999993,30.799999999999994,inf,159.137,159.137
64,T4,BESTEFFORT,COMPLETED,m6-1,9.199,"{'m1-1': 99.81, 'm2-1': 9.38, 'm3-1': 1.03, 'm4-1': 95.58, 'm5-1': 103.79, 'm6-1': 10.25, 'm7-1': 1.05, 'm8-1': 99.2}",15.375,23.135,33.385000000000005,inf,159.199,159.199
65,T1,BESTEFFORT,COMPLETED,m3-1,9.338,"{'m1-1': 110.97, 'm2-1': 11.59, 'm3-1': 1.06, 'm4-1': 111.23, 'm5-1': 110.23, 'm6-1': 9.69, 'm7-1': 1.03, 'm8-1': 110.99}",1.59,30.719000000000005,31.779000000000003,inf,159.338,159.338
66,T1,BESTEFFORT,COMPLETED,m7-1,9.35,"{'m1-1': 98.34, 'm2-1': 11.51, 'm3-1': 0.97, 'm4-1': 107.46, 'm5-1': 96.38, 'm6-1': 10.69, 'm7-1': 1.01, 'm8-1': 112.17}",1.5150000000000001,30.799999999999994,31.809999999999995,inf,159.35,159.35
67,T4,BESTEFFORT,COMPLETED,m2-1,9.359,"{'m1-1': 105.08, 'm2-1': 10.06, 'm3-1': 1.09, 'm4-1': 101.41, 'm5-1': 104.35, 'm6-1': 10.19, 'm7-1': 1.13, 'm8-1': 101.2}",15.09,22.993000000000002,33.053000000000004,inf,159.359,159.359
68,T1,BESTEFFORT,COMPLETED,m3-1,9.425,"{'m1-1': 94.98, 'm2-1': 10.57, 'm3-1': 1.0, 'm4-1': 108.95, 'm5-1': 100.18, 'm6-1': 10.71, 'm7-1': 1.01, 'm8-1': 106.13}",1.5,31.779000000000003,32.779,inf,159.425,159.425
69,T3,BESTEFFORT,COMPLETED,m7-1,9.437,"{'m1-1': 108.0, 'm2-1': 11.26, 'm3-1': 1.04, 'm4-1': 109.46, 'm5-1': 100.36, 'm6-1': 11.85, 'm7-1': 0.98, 'm8-1': 102.24}",1.47,31.809999999999995,32.78999999999999,inf,159.437,159.437
70,T4,BESTEFFORT,COMPLETED,m3-1,9.592,"{'m1-1': 108.02, 'm2-1': 11.03, 'm3-1': 0.96, 'm4-1': 99.91, 'm5-1': 102.53, 'm6-1': 10.62, 'm7-1': 1.05, 'm8-1': 102.29}",1.44,32.779,33.739000000000004,inf,159.592,159.592
71,T3,BESTEFFORT,COMPLETED,m7-1,9.596,"{'m1-1': 97.11, 'm2-1': 11.06, 'm3-1': 1.13, 'm4-1': 110.24, 'm5-1': 98.76, 'm6-1': 10.53, 'm7-1': 1.08, 'm8-1': 104.63}",1.62,32.78999999999999,33.86999999999999,inf,159.596,159.596
72,T1,BESTEFFORT,COMPLETED,m3-1,9.653,"{'m1-1': 104.76, 'm2-1': 10.7, 'm3-1': 1.08, 'm4-1': 101.28, 'm5-1': 97.83, 'm6-1': 10.13, 'm7-1': 0.95, 'm8-1': 103.6}",1.62,33.739000000000004,34.819,inf,159.653,159.653
73,T2,BESTEFFORT,COMPLETED,m7-1,9.688,"{'m1-1': 107.09, 'm2-1': 9.65, 'm3-1': 0.99, 'm4-1': 106.16, 'm5-1': 102.98, 'm6-1': 10.36, 'm7-1': 1.06, 'm8-1': 116.95}",1.59,33.86999999999999,34.92999999999999,inf,159.688,159.688
74,T1,BESTEFFORT,COMPLETED,m3-1,9.756,"{'m1-1': 101.2, 'm2-1': 10.49, 'm3-1': 1.01, 'm4-1': 109.44, 'm5-1': 104.07, 'm6-1': 10.48, 'm7-1': 1.09, 'm8-1': 112.29}",1.5150000000000001,34.819,35.829,inf,159.756,159.756
75,T3,BESTEFFORT,COMPLETED,m7-1,9.945,"{'m1-1': 101.3, 'm2-1': 10.25, 'm3-1': 1.11, 'm4-1': 103.89, 'm5-1': 103.49, 'm6-1': 10.53, 'm7-1': 1.05, 'm8-1': 97.59}",1.5750000000000002,34.92999999999999,35.97999999999999,inf,159.945,159.945
76,T2,BESTEFFORT,COMPLETED,m3-1,9.979,"{'m1-1': 108.75, 'm2-1': 9.7, 'm3-1': 1.0, 'm4-1': 99.43, 'm5-1': 99.43, 'm6-1': 11.09, 'm7-1': 0.96, 'm8-1': 111.14}",1.5,35.829,36.829,inf,159.97899999999998,159.97899999999998
77,T3,BESTEFFORT,COMPLETED,m7-1,10.225,"{'m1-1': 98.39, 'm2-1': 11.77, 'm3-1': 1.08, 'm4-1': 100.93, 'm5-1': 94.44, 'm6-1': 10.96, 'm7-1': 1.06, 'm8-1': 95.97}",1.59,35.97999999999999,37.03999999999999,inf,160.225,160.225
78,T2,BESTEFFORT,COMPLETED,m3-1,10.294,"{'m1-1': 102.7, 'm2-1': 9.72, 'm3-1': 1.06, 'm4-1': 108.55, 'm5-1': 108.14, 'm6-1': 10.21, 'm7-1': 0.94, 'm8-1': 104.85}",1.59,36.829,37.889,inf,160.294,160.294
79,T4,BESTEFFORT,COMPLETED,m7-1,10.349,"{'m1-1': 109.46, 'm2-1': 10.56, 'm3-1': 1.03, 'm4-1': 99.45, 'm5-1': 99.89, 'm6-1': 9.53, 'm7-1': 1.1, 'm8-1': 97.32}",1.6500000000000001,37.03999999999999,38.13999999999999,inf,160.349,160.349
80,T4,BESTEFFORT,COMPLETED,m3-1,10.414,"{'m1-1': 94.32, 'm2-1': 10.97, 'm3-1': 0.96, 'm4-1': 106.88, 'm5-1': 104.09, 'm6-1': 10.77, 'm7-1': 1.0, 'm8-1': 97.08}",1.44,37.889,38.849000000000004,inf,160.414,160.414
81,T1,BESTEFFORT,COMPLETED,m7-1,10.61,"{'m1-1': 109.21, 'm2-1': 11.39, 'm3-1': 0.99, 'm4-1': 99.11, 'm5-1': 94.84, 'm6-1': 10.61, 'm7-1': 0.97, 'm8-1': 103.76}",1.455,38.13999999999999,39.10999999999999,inf,160.61,160.61
82,T3,BESTEFFORT,COMPLETED,m3-1,10.751,"{'m1-1': 95.86, 'm2-1': 10.37, 'm3-1': 1.01, 'm4-1': 105.34, 'm5-1': 103.72, 'm6-1': 10.73, 'm7-1': 0.97, 'm8-1': 105.81}",1.5150000000000001,38.849000000000004,39.859,inf,160.751,160.751
83,T3,BESTEFFORT,COMPLETED,m7-1,10.814,"{'m1-1': 103.74, 'm2-1': 11.32, 'm3-1': 1.04, 'm4-1': 110.41, 'm5-1': 107.68, 'm6-1': 11.0, 'm7-1': 1.08, 'm8-1': 100.64}",1.62,39.10999999999999,40.18999999999999,inf,160.814,160.814
84,T4,BESTEFFORT,COMPLETED,m3-1,10.964,"{'m1-1': 106.43, 'm2-1': 10.02, 'm3-1': 1.06, 'm4-1': 95.96, 'm5-1': 106.98, 'm6-1': 9.84, 'm7-1': 1.0, 'm8-1': 105.15}",1.59,39.859,40.919000000000004,inf,160.964,160.964
85,T2,BESTEFFORT,COMPLETED,m7-1,11.044,"{'m1-1': 101.12, 'm2-1': 10.79, 'm3-1': 1.06, 'm4-1': 115.36, 'm5-1': 104.31, 'm6-1': 11.66, 'm7-1': 1.09, 'm8-1': 100.96}",1.6350000000000002,40.18999999999999,41.279999999999994,inf,161.044,161.044
86,T4,BESTEFFORT,COMPLETED,m6-1,11.052,"{'m1-1': 95.04, 'm2-1': 10.93, 'm3-1': 1.01, 'm4-1': 102.18, 'm5-1': 111.34, 'm6-1': 9.42, 'm7-1': 1.08, 'm8-1': 98.07}",14.129999999999999,33.385000000000005,42.80500000000001,inf,161.052,161.052
87,T2,BESTEFFORT,COMPLETED,m3-1,11.233,"{'m1-1': 109.34, 'm2-1': 9.54, 'm3-1': 1.1, 'm4-1': 105.55, 'm5-1': 106.8, 'm6-1': 10.79, 'm7-1': 0.93, 'm8-1': 113.54}",1.6500000000000001,40.919000000000004,42.019000000000005,inf,161.233,161.233
88,T3,BESTEFFORT,COMPLETED,m2-1,11.626,"{'m1-1': 106.5, 'm2-1': 11.51, 'm3-1': 1.09, 'm4-1': 101.35, 'm5-1': 96.78, 'm6-1': 11.11, 'm7-1': 1.05, 'm8-1': 98.49}",17.265,33.053000000000004,44.563,inf,161.626,161.626
89,T1,BESTEFFORT,COMPLETED,m7-1,11.633,"{'m1-1': 94.45, 'm2-1': 10.0, 'm3-1': 1.04, 'm4-1': 100.08, 'm5-1': 108.12, 'm6-1': 10.18, 'm7-1': 1.02, 'm8-1': 103.38}",1.53,41.279999999999994,42.3,inf,161.633,161.633
90,T3,BESTEFFORT,COMPLETED,m3-1,11.678,"{'m1-1': 110.96, 'm2-1': 11.68, 'm3-1': 1.14, 'm4-1': 109.09, 'm5-1': 106.43, 'm6-1': 10.52, 'm7-1': 0.98, 'm8-1': 106.48}",1.71,42.019000000000005,43.159000000000006,inf,161.678,161.678
91,T3,BESTEFFORT,COMPLETED,m7-1,11.759,"{'m1-1': 113.22, 'm2-1': 10.42, 'm3-1': 1.06, 'm4-1': 98.76, 'm5-1': 99.37, 'm6-1': 11.33, 'm7-1': 1.07, 'm8-1': 94.2}",1.605,42.3,43.37,inf,161.75900000000001,161.75900000000001
92,T1,BESTEFFORT,COMPLETED,m3-1,11.886,"{'m1-1': 107.11, 'm2-1': 10.19, 'm3-1': 0.93, 'm4-1': 97.03, 'm5-1': 96.95, 'm6-1': 9.82, 'm7-1': 1.11, 'm8-1': 108.68}",1.395,43.159000000000006,44.089000000000006,inf,161.886,161.886
93,T3,BESTEFFORT,COMPLETED,m7-1,11.993,"{'m1-1': 110.82, 'm2-1': 10.11, 'm3-1': 1.04, 'm4-1': 107.69, 'm5-1': 94.87, 'm6-1': 11.74, 'm7-1': 0.96, 'm8-1': 102.86}",1.44,43.37,44.33,inf,161.993,161.993
94,T1,BESTEFFORT,COMPLETED,m3-1,12.117,"{'m1-1': 100.69, 'm2-1': 10.48, 'm3-1': 0.98, 'm4-1': 111.22, 'm5-1': 94.26, 'm6-1': 10.22, 'm7-1': 1.07, 'm8-1': 102.59}",1.47,44.089000000000006,45.069,inf,162.117,162.117
95,T1,BESTEFFORT,COMPLETED,m7-1,12.188,"{'m1-1': 110.73, 'm2-1': 11.37, 'm3-1': 1.0, 'm4-1': 96.52, 'm5-1': 99.83, 'm6-1': 11.15, 'm7-1': 1.1, 'm8-1': 103.76}",1.6500000000000001,44.33,45.43,inf,162.188,162.188
96,T1,BESTEFFORT,COMPLETED,m3-1,12.24,"{'m1-1': 97.39, 'm2-1': 11.45, 'm3-1': 1.04, 'm4-1': 97.25, 'm5-1': 94.72, 'm6-1': 9.6, 'm7-1': 1.08, 'm8-1': 112.08}",1.56,45.069,46.109,inf,162.24,162.24
97,T2,BESTEFFORT,COMPLETED,m7-1,12.388,"{'m1-1': 110.9, 'm2-1': 10.22, 'm3-1': 1.13, 'm4-1': 106.24, 'm5-1': 96.08, 'm6-1': 10.42, 'm7-1': 1.04, 'm8-1': 112.42}",1.56,45.43,46.47,inf,162.388,162.388
98,T4,BESTEFFORT,COMPLETED,m3-1,12.429,"{'m1-1': 94.67, 'm2-1': 10.93, 'm3-1': 1.05, 'm4-1': 104.13, 'm5-1': 113.35, 'm6-1': 9.57, 'm7-1': 1.07, 'm8-1': 101.58}",1.5750000000000002,46.109,47.159,inf,162.429,162.429
99,T4,BESTEFFORT,COMPLETED,m7-1,12.598,"{'m1-1': 94.67, 'm2-1': 10.57, 'm3-1': 1.08, 'm4-1': 99.05, 'm5-1': 104.7, 'm6-1': 10.27, 'm7-1': 1.03, 'm8-1': 102.49}",1.545,46.47,47.5,inf,162.598,162.598
100,T3,BESTEFFORT,COMPLETED,m3-1,12.611,"{'m1-1': 103.84, 'm2-1': 10.88, 'm3-1': 1.11, 'm4-1': 108.55, 'm5-1': 105.62, 'm6-1': 11.51, 'm7-1': 0.99, 'm8-1': 96.29}",1.665,47.159,48.269,inf,162.611,162.611
101,T1,BESTEFFORT,COMPLETED,m7-1,12.989,"{'m1-1': 102.05, 'm2-1': 9.95, 'm3-1': 1.04, 'm4-1': 97.0, 'm5-1': 105.66, 'm6-1': 10.96, 'm7-1': 1.08, 'm8-1': 114.44}",1.62,47.5,48.58,inf,162.989,162.989
102,T1,BESTEFFORT,COMPLETED,m3-1,13.538,"{'m1-1': 108.6, 'm2-1': 11.51, 'm3-1': 1.0, 'm4-1': 96.59, 'm5-1': 105.72, 'm6-1': 9.7, 'm7-1': 1.06, 'm8-1': 107.19}",1.5,48.269,49.269,inf,163.538,163.538
103,T1,BESTEFFORT,COMPLETED,m7-1,13.572,"{'m1-1': 111.49, 'm2-1': 10.04, 'm3-1': 1.09, 'm4-1': 107.81, 'm5-1': 100.94, 'm6-1': 10.1, 'm7-1': 0.97, 'm8-1': 109.55}",1.455,48.58,49.55,inf,163.572,163.572
104,T2,BESTEFFORT,COMPLETED,m3-1,13.854,"{'m1-1': 99.69, 'm2-1': 9.91, 'm3-1': 1.06, 'm4-1': 105.62, 'm5-1': 100.92, 'm6-1': 10.12, 'm7-1': 1.06, 'm8-1': 100.59}",1.59,49.269,50.329,inf,163.85399999999998,163.85399999999998
105,T1,BESTEFFORT,COMPLETED,m7-1,13.964,"{'m1-1': 104.54, 'm2-1': 11.52, 'm3-1': 1.04, 'm4-1': 105.9, 'm5-1': 96.12, 'm6-1': 10.18, 'm7-1': 0.97, 'm8-1': 118.64}",1.455,49.55,50.519999999999996,inf,163.964,163.964
106,T1,BESTEFFORT,COMPLETED,m3-1,14.273,"{'m1-1': 99.76, 'm2-1': 10.52, 'm3-1': 1.04, 'm4-1': 97.9, 'm5-1': 105.92, 'm6-1': 10.8, 'm7-1': 1.03, 'm8-1': 116.65}",1.56,50.329,51.369,inf,164.273,164.273
107,T4,BESTEFFORT,COMPLETED,m7-1,14.441,"{'m1-1': 105.4, 'm2-1': 9.8, 'm3-1': 1.04, 'm4-1': 105.28, 'm5-1': 117.04, 'm6-1': 10.02, 'm7-1': 1.1, 'm8-1': 108.63}",1.6500000000000001,50.519999999999996,51.62,inf,164.441,164.441
108,T2,BESTEFFORT,COMPLETED,m6-1,14.712,"{'m1-1': 96.5, 'm2-1': 9.94, 'm3-1': 0.98, 'm4-1': 113.3, 'm5-1': 93.65, 'm6-1': 11.02, 'm7-1': 0.98, 'm8-1': 109.07}",16.53,42.80500000000001,53.825,inf,164.712,164.712
109,T2,BESTEFFORT,COMPLETED,m2-1,15.149,"{'m1-1': 111.31, 'm2-1': 10.82, 'm3-1': 1.06, 'm4-1': 106.85, 'm5-1': 97.43, 'm6-1': 11.25, 'm7-1': 0.97, 'm8-1': 116.4}",16.23,44.563,55.383,inf,165.149,165.149
110,T2,BESTEFFORT,COMPLETED,m3-1,15.259,"{'m1-1': 110.57, 'm2-1': 10.08, 'm3-1': 0.96, 'm4-1': 109.11, 'm5-1': 94.17, 'm6-1': 11.33, 'm7-1': 1.01, 'm8-1': 110.81}",1.44,51.369,52.329,inf,165.25900000000001,165.25900000000001
111,T4,BESTEFFORT,COMPLETED,m7-1,15.372,"{'m1-1': 99.52, 'm2-1': 11.08, 'm3-1': 1.08, 'm4-1': 98.48, 'm5-1': 108.38, 'm6-1': 9.65, 'm7-1': 1.14, 'm8-1': 102.07}",1.71,51.62,52.76,inf,165.372,165.372
112,T1,BESTEFFORT,COMPLETED,m3-1,15.403,"{'m1-1': 108.57, 'm2-1': 9.92, 'm3-1': 1.04, 'm4-1': 109.25, 'm5-1': 94.45, 'm6-1': 9.71, 'm7-1': 1.04, 'm8-1': 113.07}",1.56,52.329,53.369,inf,165.403,165.403
113,T2,BESTEFFORT,COMPLETED,m7-1,15.472,"{'m1-1': 102.4, 'm2-1': 10.81, 'm3-1': 1.11, 'm4-1': 106.4, 'm5-1': 96.88, 'm6-1': 9.91, 'm7-1': 1.0, 'm8-1': 112.84}",1.5,52.76,53.76,inf,165.472,165.472
114,T2,BESTEFFORT,COMPLETED,m3-1,15.672,"{'m1-1': 100.9, 'm2-1': 9.85, 'm3-1': 1.1, 'm4-1': 98.13, 'm5-1': 108.19, 'm6-1': 11.64, 'm7-1': 1.02, 'm8-1': 107.37}",1.6500000000000001,53.369,54.469,inf,165.672,165.672
115,T4,BESTEFFORT,COMPLETED,m7-1,15.714,"{'m1-1': 100.12, 'm2-1': 11.14, 'm3-1': 1.0, 'm4-1': 106.4, 'm5-1': 104.89, 'm6-1': 10.56, 'm7-1': 1.07, 'm8-1': 91.9}",1.605,53.76,54.83,inf,165.714,165.714
116,T4,BESTEFFORT,COMPLETED,m3-1,15.89,"{'m1-1': 104.31, 'm2-1': 9.64, 'm3-1': 1.08, 'm4-1': 107.82, 'm5-1': 111.34, 'm6-1': 10.58, 'm7-1': 1.12, 'm8-1': 107.29}",1.62,54.469,55.549,inf,165.89,165.89
117,T2,BESTEFFORT,COMPLETED,m7-1,15.91,"{'m1-1': 97.1, 'm2-1': 9.98, 'm3-1': 1.12, 'm4-1': 102.97, 'm5-1': 109.37, 'm6-1': 10.1, 'm7-1': 0.96, 'm8-1': 107.68}",1.44,54.83,55.79,inf,165.91,165.91
118,T1,BESTEFFORT,COMPLETED,m3-1,16.162,"{'m1-1': 103.86, 'm2-1': 9.96, 'm3-1': 1.06, 'm4-1': 111.85, 'm5-1': 94.11, 'm6-1': 9.55, 'm7-1': 0.97, 'm8-1': 119.16}",1.59,55.549,56.609,inf,166.162,166.162
119,T4,BESTEFFORT,COMPLETED,m7-1,16.169,"{'m1-1': 102.33, 'm2-1': 11.06, 'm3-1': 0.98, 'm4-1': 105.02, 'm5-1': 107.6, 'm6-1': 10.68, 'm7-1': 1.17, 'm8-1': 91.94}",1.755,55.79,56.96,inf,166.169,166.169
120,T2,BESTEFFORT,COMPLETED,m3-1,16.28,"{'m1-1': 104.52, 'm2-1': 10.61, 'm3-1': 1.09, 'm4-1': 102.75, 'm5-1': 99.06, 'm6-1': 11.49, 'm7-1': 1.03, 'm8-1': 117.88}",1.6350000000000002,56.609,57.699000000000005,inf,166.28,166.28
121,T4,BESTEFFORT,COMPLETED,m7-1,16.674,"{'m1-1': 102.9, 'm2-1': 10.62, 'm3-1': 0.98, 'm4-1': 98.89, 'm5-1': 100.45, 'm6-1': 9.99, 'm7-1': 1.15, 'm8-1': 105.64}",1.7249999999999999,56.96,58.11,inf,166.674,166.674
122,T1,BESTEFFORT,COMPLETED,m3-1,16.715,"{'m1-1': 106.64, 'm2-1': 11.6, 'm3-1': 0.95, 'm4-1': 107.59, 'm5-1': 94.71, 'm6-1': 10.43, 'm7-1': 1.1, 'm8-1': 104.32}",1.4249999999999998,57.699000000000005,58.64900000000001,inf,166.715,166.715
123,T2,BESTEFFORT,COMPLETED,m7-1,16.751,"{'m1-1': 102.32, 'm2-1': 10.38, 'm3-1': 0.99, 'm4-1': 98.88, 'm5-1': 107.37, 'm6-1': 10.94, 'm7-1': 0.98, 'm8-1': 109.09}",1.47,58.11,59.089999999999996,inf,166.751,166.751
124,T4,BESTEFFORT,COMPLETED,m3-1,16.878,"{'m1-1': 96.36, 'm2-1': 9.84, 'm3-1': 1.09, 'm4-1': 105.33, 'm5-1': 110.31, 'm6-1': 10.48, 'm7-1': 1.09, 'm8-1': 105.82}",1.6350000000000002,58.64900000000001,59.73900000000001,inf,166.878,166.878
125,T2,BESTEFFORT,COMPLETED,m7-1,16.899,"{'m1-1': 96.14, 'm2-1': 10.8, 'm3-1': 1.02, 'm4-1': 104.51, 'm5-1': 99.21, 'm6-1': 11.28, 'm7-1': 0.97, 'm8-1': 110.65}",1.455,59.089999999999996,60.059999999999995,inf,166.899,166.899
126,T3,BESTEFFORT,COMPLETED,m3-1,17.138,"{'m1-1': 101.23, 'm2-1': 10.33, 'm3-1': 1.0, 'm4-1': 107.52, 'm5-1': 106.52, 'm6-1': 11.79, 'm7-1': 0.99, 'm8-1': 96.63}",1.5,59.73900000000001,60.73900000000001,inf,167.138,167.138
127,T1,BESTEFFORT,COMPLETED,m7-1,17.197,"{'m1-1': 101.35, 'm2-1': 10.3, 'm3-1': 0.97, 'm4-1': 110.76, 'm5-1': 93.17, 'm6-1': 10.12, 'm7-1': 1.07, 'm8-1': 102.9}",1.605,60.059999999999995,61.129999999999995,inf,167.197,167.197
128,T3,BESTEFFORT,COMPLETED,m3-1,17.336,"{'m1-1': 106.16, 'm2-1': 10.33, 'm3-1': 1.09, 'm4-1': 107.46, 'm5-1': 98.99, 'm6-1': 10.2, 'm7-1': 1.04, 'm8-1': 97.83}",1.6350000000000002,60.73900000000001,61.829000000000015,inf,167.336,167.336
129,T3,BESTEFFORT,COMPLETED,m2-1,17.86,"{'m1-1': 104.07, 'm2-1': 11.06, 'm3-1': 1.0, 'm4-1': 103.26, 'm5-1': 104.78, 'm6-1': 10.71, 'm7-1': 1.01, 'm8-1': 107.09}",16.59,55.383,66.443,inf,167.86,167.86
130,T2,BESTEFFORT,COMPLETED,m7-1,17.864,"{'m1-1': 101.85, 'm2-1': 10.62, 'm3-1': 1.11, 'm4-1': 100.57, 'm5-1': 104.74, 'm6-1': 11.61, 'm7-1': 1.05, 'm8-1': 118.08}",1.5750000000000002,61.129999999999995,62.17999999999999,inf,167.864,167.864
131,T4,BESTEFFORT,COMPLETED,m6-1,18.055,"{'m1-1': 104.5, 'm2-1': 11.14, 'm3-1': 1.03, 'm4-1': 99.02, 'm5-1': 112.0, 'm6-1': 10.66, 'm7-1': 1.16, 'm8-1': 106.22}",15.99,53.825,64.485,inf,168.055,168.055
132,T2,BESTEFFORT,COMPLETED,m3-1,18.642,"{'m1-1': 100.56, 'm2-1': 9.25, 'm3-1': 0.98, 'm4-1': 112.41, 'm5-1': 99.37, 'm6-1': 11.29, 'm7-1': 1.03, 'm8-1': 109.6}",1.47,61.829000000000015,62.80900000000001,inf,168.642,168.642
133,T1,BESTEFFORT,COMPLETED,m7-1,18.984,"{'m1-1': 100.69, 'm2-1': 10.32, 'm3-1': 0.92, 'm4-1': 104.16, 'm5-1': 108.8, 'm6-1': 10.84, 'm7-1': 1.01, 'm8-1': 114.09}",1.5150000000000001,62.17999999999999,63.18999999999999,inf,168.984,168.984
134,T3,BESTEFFORT,COMPLETED,m3-1,19.096,"{'m1-1': 112.04, 'm2-1': 10.89, 'm3-1': 1.07, 'm4-1': 103.85, 'm5-1': 108.45, 'm6-1': 11.76, 'm7-1': 1.01, 'm8-1': 105.03}",1.605,62.80900000000001,63.87900000000001,inf,169.096,169.096
135,T4,BESTEFFORT,COMPLETED,m7-1,19.622,"{'m1-1': 100.78, 'm2-1': 10.56, 'm3-1': 1.07, 'm4-1': 104.1, 'm5-1': 115.89, 'm6-1': 10.46, 'm7-1': 1.04, 'm8-1': 97.26}",1.56,63.18999999999999,64.22999999999999,inf,169.622,169.622
136,T4,BESTEFFORT,COMPLETED,m3-1,19.645,"{'m1-1': 104.77, 'm2-1': 10.22, 'm3-1': 1.09, 'm4-1': 108.22, 'm5-1': 112.28, 'm6-1': 10.65, 'm7-1': 1.17, 'm8-1': 105.08}",1.6350000000000002,63.87900000000001,64.96900000000001,inf,169.645,169.645
137,T2,BESTEFFORT,COMPLETED,m7-1,19.778,"{'m1-1': 101.92, 'm2-1': 9.41, 'm3-1': 1.04, 'm4-1': 98.02, 'm5-1': 99.13, 'm6-1': 10.08, 'm7-1': 1.08, 'm8-1': 107.79}",1.62,64.22999999999999,65.30999999999999,inf,169.778,169.778
138,T4,BESTEFFORT,COMPLETED,m3-1,19.88,"{'m1-1': 106.35, 'm2-1': 10.14, 'm3-1': 0.99, 'm4-1': 95.14, 'm5-1': 106.9, 'm6-1': 9.43, 'm7-1': 1.16, 'm8-1': 101.74}",1.4849999999999999,64.96900000000001,65.959,inf,169.88,169.88
139,T2,BESTEFFORT,COMPLETED,m7-1,19.964,"{'m1-1': 98.46, 'm2-1': 9.25, 'm3-1': 0.96, 'm4-1': 100.46, 'm5-1': 105.44, 'm6-1': 10.45, 'm7-1': 1.0, 'm8-1': 103.14}",1.5,65.30999999999999,66.30999999999999,inf,169.964,169.964
140,T3,BESTEFFORT,COMPLETED,m3-1,20.031,"{'m1-1': 105.16, 'm2-1': 10.76, 'm3-1': 1.08, 'm4-1': 100.99, 'm5-1': 93.01, 'm6-1': 11.48, 'm7-1': 0.97, 'm8-1': 98.49}",1.62,65.959,67.039,inf,170.031,170.031
141,T4,BESTEFFORT,COMPLETED,m7-1,20.128,"{'m1-1': 102.5, 'm2-1': 10.3, 'm3-1': 1.05, 'm4-1': 103.54, 'm5-1': 106.32, 'm6-1': 9.48, 'm7-1': 1.05, 'm8-1': 92.81}",1.5750000000000002,66.30999999999999,67.35999999999999,inf,170.128,170.128
142,T3,BESTEFFORT,COMPLETED,m3-1,20.178,"{'m1-1': 105.16, 'm2-1': 11.28, 'm3-1': 1.14, 'm4-1': 110.32, 'm5-1': 95.19, 'm6-1': 11.26, 'm7-1': 1.04, 'm8-1': 104.59}",1.71,67.039,68.179,inf,170.178,170.178
143,T3,BESTEFFORT,COMPLETED,m7-1,20.434,"{'m1-1': 97.84, 'm2-1': 10.19, 'm3-1': 1.14, 'm4-1': 98.44, 'm5-1': 99.11, 'm6-1': 10.49, 'm7-1': 1.09, 'm8-1': 96.75}",1.6350000000000002,67.35999999999999,68.44999999999999,inf,170.434,170.434
144,T2,BESTEFFORT,COMPLETED,m3-1,20.537,"{'m1-1': 106.75, 'm2-1': 10.66, 'm3-1': 1.11, 'm4-1': 98.0, 'm5-1': 105.39, 'm6-1': 10.79, 'm7-1': 1.02, 'm8-1': 106.36}",1.665,68.179,69.289,inf,170.537,170.537
145,T4,BESTEFFORT,COMPLETED,m7-1,20.72,"{'m1-1': 103.17, 'm2-1': 11.05, 'm3-1': 1.04, 'm4-1': 111.44, 'm5-1': 102.86, 'm6-1': 9.9, 'm7-1': 1.1, 'm8-1': 99.37}",1.6500000000000001,68.44999999999999,69.54999999999998,inf,170.72,170.72
146,T4,BESTEFFORT,COMPLETED,m3-1,20.767,"{'m1-1': 94.03, 'm2-1': 10.78, 'm3-1': 1.06, 'm4-1': 102.84, 'm5-1': 104.09, 'm6-1': 9.53, 'm7-1': 1.0, 'm8-1': 101.37}",1.59,69.289,70.349,inf,170.767,170.767
147,T4,BESTEFFORT,COMPLETED,m7-1,20.921,"{'m1-1': 101.66, 'm2-1': 11.13, 'm3-1': 1.0, 'm4-1': 103.09, 'm5-1': 115.26, 'm6-1': 10.37, 'm7-1': 1.05, 'm8-1': 98.88}",1.5750000000000002,69.54999999999998,70.59999999999998,inf,170.921,170.921
148,T2,BESTEFFORT,COMPLETED,m3-1,21.171,"{'m1-1': 100.94, 'm2-1': 10.25, 'm3-1': 1.05, 'm4-1': 108.43, 'm5-1': 102.12, 'm6-1': 11.31, 'm7-1': 0.99, 'm8-1': 109.92}",1.5750000000000002,70.349,71.399,inf,171.171,171.171
149,T3,BESTEFFORT,COMPLETED,m7-1,21.201,"{'m1-1': 99.1, 'm2-1': 10.77, 'm3-1': 1.03, 'm4-1': 95.4, 'm5-1': 93.92, 'm6-1': 10.82, 'm7-1': 1.07, 'm8-1': 103.59}",1.605,70.59999999999998,71.66999999999997,inf,171.201,171.201
150,T3,BESTEFFORT,COMPLETED,m3-1,21.463,"{'m1-1': 99.57, 'm2-1': 10.29, 'm3-1': 1.12, 'm4-1': 103.13, 'm5-1': 104.98, 'm6-1': 11.5, 'm7-1': 0.94, 'm8-1': 99.3}",1.6800000000000002,71.399,72.519,inf,171.463,171.463
151,T2,BESTEFFORT,COMPLETED,m2-1,21.465,"{'m1-1': 102.0, 'm2-1': 9.84, 'm3-1': 1.01, 'm4-1': 104.81, 'm5-1': 105.98, 'm6-1': 9.94, 'm7-1': 1.05, 'm8-1': 101.3}",14.76,66.443,76.283,inf,171.465,171.465
152,T1,BESTEFFORT,COMPLETED,m6-1,21.575,"{'m1-1': 103.22, 'm2-1': 9.84, 'm3-1': 1.04, 'm4-1': 110.91, 'm5-1': 103.06, 'm6-1': 10.19, 'm7-1': 1.03, 'm8-1': 106.59}",15.285,64.485,74.675,inf,171.575,171.575
153,T2,BESTEFFORT,COMPLETED,m7-1,21.782,"{'m1-1': 107.84, 'm2-1': 10.7, 'm3-1': 1.12, 'm4-1': 113.9, 'm5-1': 96.71, 'm6-1': 10.24, 'm7-1': 1.01, 'm8-1': 116.14}",1.5150000000000001,71.66999999999997,72.67999999999998,inf,171.782,171.782
154,T1,BESTEFFORT,COMPLETED,m3-1,21.822,"{'m1-1': 96.45, 'm2-1': 10.94, 'm3-1': 0.97, 'm4-1': 111.83, 'm5-1': 95.67, 'm6-1': 11.25, 'm7-1': 1.01, 'm8-1': 109.53}",1.455,72.519,73.489,inf,171.822,171.822
155,T3,BESTEFFORT,COMPLETED,m7-1,21.833,"{'m1-1': 113.56, 'm2-1': 10.95, 'm3-1': 1.14, 'm4-1': 98.68, 'm5-1': 103.11, 'm6-1': 11.37, 'm7-1': 1.07, 'm8-1': 99.48}",1.605,72.67999999999998,73.74999999999997,inf,171.833,171.833
156,T1,BESTEFFORT,COMPLETED,m3-1,21.987,"{'m1-1': 102.41, 'm2-1': 10.11, 'm3-1': 1.0, 'm4-1': 105.93, 'm5-1': 102.39, 'm6-1': 10.81, 'm7-1': 1.0, 'm8-1': 108.4}",1.5,73.489,74.489,inf,171.987,171.987
157,T3,BESTEFFORT,COMPLETED,m7-1,22.001,"{'m1-1': 101.95, 'm2-1': 9.96, 'm3-1': 1.06, 'm4-1': 110.85, 'm5-1': 108.19, 'm6-1': 10.41, 'm7-1': 0.99, 'm8-1': 93.06}",1.4849999999999999,73.74999999999997,74.73999999999997,inf,172.001,172.001
158,T3,BESTEFFORT,COMPLETED,m3-1,22.201,"{'m1-1': 110.61, 'm2-1': 10.78, 'm3-1': 1.12, 'm4-1': 104.75, 'm5-1': 101.85, 'm6-1': 10.89, 'm7-1': 1.02, 'm8-1': 103.07}",1.6800000000000002,74.489,75.60900000000001,inf,172.201,172.201
159,T4,BESTEFFORT,COMPLETED,m7-1,22.442,"{'m1-1': 97.3, 'm2-1': 10.47, 'm3-1': 0.97, 'm4-1': 99.42, 'm5-1': 109.15, 'm6-1': 9.59, 'm7-1': 0.99, 'm8-1': 99.03}",1.4849999999999999,74.73999999999997,75.72999999999996,inf,172.442,172.442
160,T4,BESTEFFORT,COMPLETED,m3-1,22.617,"{'m1-1': 100.76, 'm2-1': 9.54, 'm3-1': 1.06, 'm4-1': 103.96, 'm5-1': 108.04, 'm6-1': 10.12, 'm7-1': 1.0, 'm8-1': 92.66}",1.59,75.60900000000001,76.66900000000001,inf,172.617,172.617
161,T2,BESTEFFORT,COMPLETED,m7-1,22.779,"{'m1-1': 107.56, 'm2-1': 10.66, 'm3-1': 1.12, 'm4-1': 100.92, 'm5-1': 104.6, 'm6-1': 10.31, 'm7-1': 1.1, 'm8-1': 109.56}",1.6500000000000001,75.72999999999996,76.82999999999996,inf,172.779,172.779
162,T1,BESTEFFORT,COMPLETED,m3-1,22.942,"{'m1-1': 94.45, 'm2-1': 10.74, 'm3-1': 0.99, 'm4-1': 111.46, 'm5-1': 97.15, 'm6-1': 10.14, 'm7-1': 1.04, 'm8-1': 109.53}",1.4849999999999999,76.66900000000001,77.659,inf,172.942,172.942
163,T1,BESTEFFORT,COMPLETED,m7-1,22.981,"{'m1-1': 106.88, 'm2-1': 10.84, 'm3-1': 0.93, 'm4-1': 107.57, 'm5-1': 96.56, 'm6-1': 9.77, 'm7-1': 1.0, 'm8-1': 103.36}",1.5,76.82999999999996,77.82999999999996,inf,172.981,172.981
164,T3,BESTEFFORT,COMPLETED,m3-1,23.251,"{'m1-1': 110.32, 'm2-1': 10.94, 'm3-1': 1.03, 'm4-1': 100.18, 'm5-1': 92.51, 'm6-1': 11.43, 'm7-1': 1.06, 'm8-1': 106.3}",1.545,77.659,78.68900000000001,inf,173.251,173.251
165,T1,BESTEFFORT,COMPLETED,m7-1,23.254,"{'m1-1': 95.82, 'm2-1': 11.26, 'm3-1': 1.0, 'm4-1': 107.03, 'm5-1': 105.84, 'm6-1': 10.73, 'm7-1': 0.96, 'm8-1': 118.87}",1.44,77.82999999999996,78.78999999999995,inf,173.254,173.254
166,T1,BESTEFFORT,COMPLETED,m3-1,23.297,"{'m1-1': 110.81, 'm2-1': 10.65, 'm3-1': 0.96, 'm4-1': 98.49, 'm5-1': 94.43, 'm6-1': 9.92, 'm7-1': 1.1, 'm8-1': 110.21}",1.44,78.68900000000001,79.649,inf,173.297,173.297
167,T2,BESTEFFORT,COMPLETED,m3-1,23.329,"{'m1-1': 101.12, 'm2-1': 10.64, 'm3-1': 1.05, 'm4-1': 111.87, 'm5-1': 94.17, 'm6-1': 9.99, 'm7-1': 1.03, 'm8-1': 108.17}",1.5750000000000002,79.649,80.699,inf,173.329,173.329
168,T1,BESTEFFORT,COMPLETED,m7-1,23.528,"{'m1-1': 95.52, 'm2-1': 10.55, 'm3-1': 1.04, 'm4-1': 96.38, 'm5-1': 108.32, 'm6-1': 10.36, 'm7-1': 1.09, 'm8-1': 112.52}",1.6350000000000002,78.78999999999995,79.87999999999995,inf,173.528,173.528
169,T1,BESTEFFORT,COMPLETED,m3-1,23.572,"{'m1-1': 103.23, 'm2-1': 10.18, 'm3-1': 0.96, 'm4-1': 107.39, 'm5-1': 106.23, 'm6-1': 9.84, 'm7-1': 1.05, 'm8-1': 101.64}",1.44,80.699,81.65899999999999,inf,173.572,173.572
170,T1,BESTEFFORT,COMPLETED,m7-1,23.777,"{'m1-1': 102.04, 'm2-1': 10.32, 'm3-1': 0.97, 'm4-1': 107.74, 'm5-1': 100.41, 'm6-1': 10.98, 'm7-1': 0.94, 'm8-1': 109.3}",1.41,79.87999999999995,80.81999999999995,inf,173.777,173.777
171,T4,BESTEFFORT,COMPLETED,m3-1,23.874,"{'m1-1': 99.2, 'm2-1': 10.84, 'm3-1': 1.09, 'm4-1': 107.26, 'm5-1': 114.18, 'm6-1': 9.35, 'm7-1': 1.0, 'm8-1': 103.29}",1.6350000000000002,81.65899999999999,82.749,inf,173.874,173.874
172,T4,BESTEFFORT,COMPLETED,m7-1,24.08,"{'m1-1': 103.56, 'm2-1': 10.34, 'm3-1': 1.04, 'm4-1': 99.19, 'm5-1': 108.76, 'm6-1': 10.39, 'm7-1': 1.13, 'm8-1': 95.68}",1.6949999999999998,80.81999999999995,81.94999999999995,inf,174.07999999999998,174.07999999999998
173,T4,BESTEFFORT,COMPLETED,m3-1,24.242,"{'m1-1': 102.6, 'm2-1': 10.23, 'm3-1': 1.07, 'm4-1': 108.03, 'm5-1': 99.86, 'm6-1': 9.35, 'm7-1': 1.11, 'm8-1': 99.75}",1.605,82.749,83.81899999999999,inf,174.242,174.242
174,T4,BESTEFFORT,COMPLETED,m7-1,24.365,"{'m1-1': 103.12, 'm2-1': 10.5, 'm3-1': 0.97, 'm4-1': 104.4, 'm5-1': 98.67, 'm6-1': 10.39, 'm7-1': 1.02, 'm8-1': 108.24}",1.53,81.94999999999995,82.96999999999994,inf,174.365,174.365
175,T4,BESTEFFORT,COMPLETED,m3-1,24.453,"{'m1-1': 109.19, 'm2-1': 10.6, 'm3-1': 1.1, 'm4-1': 103.81, 'm5-1': 103.94, 'm6-1': 10.78, 'm7-1': 1.08, 'm8-1': 94.54}",1.6500000000000001,83.81899999999999,84.91899999999998,inf,174.453,174.453
176,T3,BESTEFFORT,COMPLETED,m2-1,24.495,"{'m1-1': 102.4, 'm2-1': 11.6, 'm3-1': 1.07, 'm4-1': 109.44, 'm5-1': 96.54, 'm6-1': 10.32, 'm7-1': 1.08, 'm8-1': 101.67}",17.4,76.283,87.883,inf,174.495,174.495
177,T3,BESTEFFORT,COMPLETED,m7-1,24.588,"{'m1-1': 110.6, 'm2-1': 10.9, 'm3-1': 0.98, 'm4-1': 100.18, 'm5-1': 107.16, 'm6-1': 11.54, 'm7-1': 0.95, 'm8-1': 98.97}",1.4249999999999998,82.96999999999994,83.91999999999994,inf,174.588,174.588
178,T2,BESTEFFORT,COMPLETED,m6-1,24.701,"{'m1-1': 108.63, 'm2-1': 10.01, 'm3-1': 1.06, 'm4-1': 101.4, 'm5-1': 108.57, 'm6-1': 9.93, 'm7-1': 1.03, 'm8-1': 113.61}",14.895,74.675,84.60499999999999,inf,174.701,174.701
179,T1,BESTEFFORT,COMPLETED,m3-1,24.714,"{'m1-1': 107.7, 'm2-1': 10.0, 'm3-1': 0.92, 'm4-1': 106.38, 'm5-1': 108.1, 'm6-1': 9.99, 'm7-1': 0.95, 'm8-1': 114.44}",1.3800000000000001,84.91899999999998,85.83899999999998,inf,174.714,174.714
180,T3,BESTEFFORT,COMPLETED,m7-1,24.785,"{'m1-1': 103.24, 'm2-1': 10.26, 'm3-1': 1.14, 'm4-1': 104.66, 'm5-1': 99.98, 'm6-1': 10.47, 'm7-1': 0.97, 'm8-1': 101.93}",1.455,83.91999999999994,84.88999999999994,inf,174.785,174.785
181,T4,BESTEFFORT,COMPLETED,m3-1,24.849,"{'m1-1': 104.03, 'm2-1': 9.64, 'm3-1': 1.07, 'm4-1': 112.16, 'm5-1': 105.33, 'm6-1': 9.35, 'm7-1': 1.12, 'm8-1': 104.31}",1.605,85.83899999999998,86.90899999999998,inf,174.849,174.849
182,T2,BESTEFFORT,COMPLETED,m7-1,25.105,"{'m1-1': 108.48, 'm2-1': 9.9, 'm3-1': 1.03, 'm4-1': 115.12, 'm5-1': 92.89, 'm6-1': 11.57, 'm7-1': 1.03, 'm8-1': 113.9}",1.545,84.88999999999994,85.91999999999994,inf,175.105,175.105
183,T3,BESTEFFORT,COMPLETED,m3-1,25.232,"{'m1-1': 101.61, 'm2-1': 11.06, 'm3-1': 1.14, 'm4-1': 96.06, 'm5-1': 96.88, 'm6-1': 11.37, 'm7-1': 0.98, 'm8-1': 104.55}",1.71,86.90899999999998,88.04899999999998,inf,175.232,175.232
184,T4,BESTEFFORT,COMPLETED,m7-1,25.636,"{'m1-1': 96.62, 'm2-1': 10.36, 'm3-1': 1.07, 'm4-1': 94.54, 'm5-1': 100.31, 'm6-1': 10.77, 'm7-1': 1.04, 'm8-1': 104.85}",1.56,85.91999999999994,86.95999999999995,inf,175.636,175.636
185,T1,BESTEFFORT,COMPLETED,m3-1,26.129,"{'m1-1': 106.13, 'm2-1': 9.82, 'm3-1': 1.08, 'm4-1': 98.56, 'm5-1': 100.67, 'm6-1': 10.18, 'm7-1': 0.95, 'm8-1': 104.32}",1.62,88.04899999999998,89.12899999999998,inf,176.129,176.129
186,T2,BESTEFFORT,COMPLETED,m7-1,26.162,"{'m1-1': 101.79, 'm2-1': 10.52, 'm3-1': 1.09, 'm4-1': 115.78, 'm5-1': 97.81, 'm6-1': 10.17, 'm7-1': 0.96, 'm8-1': 107.56}",1.44,86.95999999999995,87.91999999999994,inf,176.162,176.162
187,T4,BESTEFFORT,COMPLETED,m3-1,26.514,"{'m1-1': 93.53, 'm2-1': 11.13, 'm3-1': 0.98, 'm4-1': 100.17, 'm5-1': 111.62, 'm6-1': 10.03, 'm7-1': 1.04, 'm8-1': 101.99}",1.47,89.12899999999998,90.10899999999998,inf,176.514,176.514
188,T3,BESTEFFORT,COMPLETED,m7-1,26.619,"{'m1-1': 110.96, 'm2-1': 11.3, 'm3-1': 1.1, 'm4-1': 99.0, 'm5-1': 101.52, 'm6-1': 11.03, 'm7-1': 0.95, 'm8-1': 106.1}",1.4249999999999998,87.91999999999994,88.86999999999995,inf,176.619,176.619
189,T4,BESTEFFORT,COMPLETED,m3-1,26.736,"{'m1-1': 93.6, 'm2-1': 10.36, 'm3-1': 1.0, 'm4-1': 105.04, 'm5-1': 109.54, 'm6-1': 10.24, 'm7-1': 1.08, 'm8-1': 100.85}",1.5,90.10899999999998,91.10899999999998,inf,176.736,176.736
190,T1,BESTEFFORT,COMPLETED,m7-1,27.073,"{'m1-1': 99.61, 'm2-1': 11.41, 'm3-1': 0.94, 'm4-1': 102.21, 'm5-1': 104.54, 'm6-1': 10.46, 'm7-1': 1.0, 'm8-1': 112.58}",1.5,88.86999999999995,89.86999999999995,inf,177.073,177.073
191,T3,BESTEFFORT,COMPLETED,m3-1,27.172,"{'m1-1': 106.6, 'm2-1': 10.07, 'm3-1': 0.97, 'm4-1': 111.26, 'm5-1': 92.85, 'm6-1': 10.02, 'm7-1': 1.11, 'm8-1': 93.67}",1.455,91.10899999999998,92.07899999999998,inf,177.172,177.172
192,T2,BESTEFFORT,COMPLETED,m7-1,27.337,"{'m1-1': 97.86, 'm2-1': 9.6, 'm3-1': 1.03, 'm4-1': 101.22, 'm5-1': 93.54, 'm6-1': 11.73, 'm7-1': 1.01, 'm8-1': 116.14}",1.5150000000000001,89.86999999999995,90.87999999999995,inf,177.337,177.337
193,T4,BESTEFFORT,COMPLETED,m3-1,27.449,"{'m1-1': 104.5, 'm2-1': 9.75, 'm3-1': 1.01, 'm4-1': 105.8, 'm5-1': 107.17, 'm6-1': 10.76, 'm7-1': 1.03, 'm8-1': 98.65}",1.5150000000000001,92.07899999999998,93.08899999999998,inf,177.449,177.449
194,T1,BESTEFFORT,COMPLETED,m7-1,27.568,"{'m1-1': 107.19, 'm2-1': 10.57, 'm3-1': 1.03, 'm4-1': 106.74, 'm5-1': 94.2, 'm6-1': 10.88, 'm7-1': 1.01, 'm8-1': 116.77}",1.5150000000000001,90.87999999999995,91.88999999999996,inf,177.568,177.568
195,T3,BESTEFFORT,COMPLETED,m3-1,27.878,"{'m1-1': 97.73, 'm2-1': 10.47, 'm3-1': 1.09, 'm4-1': 106.52, 'm5-1': 106.38, 'm6-1': 10.14, 'm7-1': 1.03, 'm8-1': 103.11}",1.6350000000000002,93.08899999999998,94.17899999999999,inf,177.878,177.878
196,T3,BESTEFFORT,COMPLETED,m7-1,28.078,"{'m1-1': 100.78, 'm2-1': 10.89, 'm3-1': 1.1, 'm4-1': 103.91, 'm5-1': 107.54, 'm6-1': 11.81, 'm7-1': 1.1, 'm8-1': 106.82}",1.6500000000000001,91.88999999999996,92.98999999999995,inf,178.078,178.078
197,T1,BESTEFFORT,COMPLETED,m3-1,28.142,"{'m1-1': 102.24, 'm2-1': 10.2, 'm3-1': 1.0, 'm4-1': 106.63, 'm5-1': 107.58, 'm6-1': 10.21, 'm7-1': 1.02, 'm8-1': 114.63}",1.5,94.17899999999999,95.17899999999999,inf,178.142,178.142
198,T2,BESTEFFORT,COMPLETED,m2-1,28.269,"{'m1-1': 109.96, 'm2-1': 10.5, 'm3-1': 1.06, 'm4-1': 102.9, 'm5-1': 103.04, 'm6-1': 11.38, 'm7-1': 0.93, 'm8-1': 105.1}",15.75,87.883,98.383,inf,178.269,178.269
199,T3,BESTEFFORT,COMPLETED,m7-1,28.272,"{'m1-1': 97.02, 'm2-1': 10.06, 'm3-1': 1.08, 'm4-1': 111.04, 'm5-1': 100.8, 'm6-1': 10.45, 'm7-1': 1.06, 'm8-1': 95.68}",1.59,92.98999999999995,94.04999999999995,inf,178.272,178.272
200,T3,BESTEFFORT,COMPLETED,m3-1,28.374,"{'m1-1': 101.69, 'm2-1': 10.68, 'm3-1': 1.12, 'm4-1': 109.1, 'm5-1': 96.26, 'm6-1': 11.62, 'm7-1': 1.08, 'm8-1': 95.3}",1.6800000000000002,95.17899999999999,96.29899999999999,inf,178.374,178.374
201,T1,BESTEFFORT,COMPLETED,m6-1,28.411,"{'m1-1': 108.22, 'm2-1': 10.84, 'm3-1': 1.07, 'm4-1': 108.6, 'm5-1': 92.97, 'm6-1': 10.46, 'm7-1': 1.03, 'm8-1': 115.16}",15.690000000000001,84.60499999999999,95.065,inf,178.411,178.411
202,T1,BESTEFFORT,COMPLETED,m7-1,28.522,"{'m1-1': 108.39, 'm2-1': 11.22, 'm3-1': 0.92, 'm4-1': 96.92, 'm5-1': 103.36, 'm6-1': 11.03, 'm7-1': 1.05, 'm8-1': 116.44}",1.5750000000000002,94.04999999999995,95.09999999999995,inf,178.522,178.522
203,T1,BESTEFFORT,COMPLETED,m3-1,28.866,"{'m1-1': 96.98, 'm2-1': 9.83, 'm3-1': 1.05, 'm4-1': 98.22, 'm5-1': 100.86, 'm6-1': 10.11, 'm7-1': 1.02, 'm8-1': 110.17}",1.5750000000000002,96.29899999999999,97.34899999999999,inf,178.86599999999999,178.86599999999999
204,T3,BESTEFFORT,COMPLETED,m7-1,29.028,"{'m1-1': 105.63, 'm2-1': 11.56, 'm3-1': 1.14, 'm4-1': 102.52, 'm5-1': 97.94, 'm6-1': 11.63, 'm7-1': 1.06, 'm8-1': 96.02}",1.59,95.09999999999995,96.15999999999995,inf,179.028,179.028
205,T4,BESTEFFORT,COMPLETED,m3-1,29.245,"{'m1-1': 102.68, 'm2-1': 10.27, 'm3-1': 1.05, 'm4-1': 95.87, 'm5-1': 114.09, 'm6-1': 9.36, 'm7-1': 1.09, 'm8-1': 98.69}",1.5750000000000002,97.34899999999999,98.39899999999999,inf,179.245,179.245
206,T2,BESTEFFORT,COMPLETED,m7-1,29.581,"{'m1-1': 96.11, 'm2-1': 10.59, 'm3-1': 1.06, 'm4-1': 104.11, 'm5-1': 107.7, 'm6-1': 9.99, 'm7-1': 0.99, 'm8-1': 113.7}",1.4849999999999999,96.15999999999995,97.14999999999995,inf,179.581,179.581
207,T1,BESTEFFORT,COMPLETED,m3-1,29.658,"{'m1-1': 96.56, 'm2-1': 10.07, 'm3-1': 0.98, 'm4-1': 104.16, 'm5-1': 96.5, 'm6-1': 10.57, 'm7-1': 0.98, 'm8-1': 105.28}",1.47,98.39899999999999,99.37899999999999,inf,179.65800000000002,179.65800000000002
208,T1,BESTEFFORT,COMPLETED,m7-1,29.697,"{'m1-1': 97.65, 'm2-1': 11.33, 'm3-1': 0.91, 'm4-1': 99.74, 'm5-1': 107.77, 'm6-1': 10.58, 'm7-1': 1.03, 'm8-1': 114.48}",1.545,97.14999999999995,98.17999999999995,inf,179.697,179.697
209,T4,BESTEFFORT,COMPLETED,m3-1,29.698,"{'m1-1': 104.84, 'm2-1': 10.31, 'm3-1': 1.0, 'm4-1': 103.62, 'm5-1': 101.16, 'm6-1': 10.34, 'm7-1': 1.1, 'm8-1': 108.51}",1.5,99.37899999999999,100.37899999999999,inf,179.698,179.698
210,T1,BESTEFFORT,COMPLETED,m7-1,29.71,"{'m1-1': 108.89, 'm2-1': 10.94, 'm3-1': 1.08, 'm4-1': 109.83, 'm5-1': 99.46, 'm6-1': 10.42, 'm7-1': 1.04, 'm8-1': 109.58}",1.56,98.17999999999995,99.21999999999996,inf,179.71,179.71
211,T4,BESTEFFORT,COMPLETED,m3-1,30.024,"{'m1-1': 107.28, 'm2-1': 9.79, 'm3-1': 0.94, 'm4-1': 104.57, 'm5-1': 112.47, 'm6-1': 9.46, 'm7-1': 1.14, 'm8-1': 94.0}",1.41,100.37899999999999,101.31899999999999,inf,180.024,180.024
212,T2,BESTEFFORT,COMPLETED,m7-1,30.301,"{'m1-1': 108.3, 'm2-1': 10.89, 'm3-1': 1.06, 'm4-1': 105.35, 'm5-1': 100.42, 'm6-1': 10.1, 'm7-1': 1.07, 'm8-1': 117.64}",1.605,99.21999999999996,100.28999999999995,inf,180.301,180.301
213,T4,BESTEFFORT,COMPLETED,m3-1,30.523,"{'m1-1': 104.56, 'm2-1': 9.38, 'm3-1': 0.97, 'm4-1': 102.65, 'm5-1': 100.31, 'm6-1': 10.03, 'm7-1': 1.15, 'm8-1': 96.2}",1.455,101.31899999999999,102.28899999999999,inf,180.523,180.523
214,T1,BESTEFFORT,COMPLETED,m7-1,30.593,"{'m1-1': 104.15, 'm2-1': 11.38, 'm3-1': 1.0, 'm4-1': 101.21, 'm5-1': 101.78, 'm6-1': 10.2, 'm7-1': 0.98, 'm8-1': 112.17}",1.47,100.28999999999995,101.26999999999995,inf,180.593,180.593
215,T2,BESTEFFORT,COMPLETED,m3-1,30.664,"{'m1-1': 109.43, 'm2-1': 10.53, 'm3-1': 1.13, 'm4-1': 101.63, 'm5-1': 96.77, 'm6-1': 10.58, 'm7-1': 0.97, 'm8-1': 105.38}",1.6949999999999998,102.28899999999999,103.41899999999998,inf,180.664,180.664
216,T3,BESTEFFORT,COMPLETED,m7-1,30.745,"{'m1-1': 106.33, 'm2-1': 10.16, 'm3-1': 1.08, 'm4-1': 94.54, 'm5-1': 94.44, 'm6-1': 10.61, 'm7-1': 0.95, 'm8-1': 98.14}",1.4249999999999998,101.26999999999995,102.21999999999996,inf,180.745,180.745
217,T1,BESTEFFORT,COMPLETED,m7-1,30.807,"{'m1-1': 106.65, 'm2-1': 11.43, 'm3-1': 1.03, 'm4-1': 100.44, 'm5-1': 101.84, 'm6-1': 10.47, 'm7-1': 1.02, 'm8-1': 112.47}",1.53,102.21999999999996,103.23999999999995,inf,180.807,180.807
218,T2,BESTEFFORT,COMPLETED,m2-1,30.883,"{'m1-1': 110.54, 'm2-1': 10.71, 'm3-1': 1.1, 'm4-1': 114.51, 'm5-1': 108.16, 'm6-1': 11.11, 'm7-1': 1.01, 'm8-1': 114.01}",16.065,98.383,109.09299999999999,inf,180.883,180.883
219,T4,BESTEFFORT,COMPLETED,m3-1,31.41,"{'m1-1': 104.39, 'm2-1': 9.45, 'm3-1': 1.08, 'm4-1': 97.77, 'm5-1': 105.4, 'm6-1': 10.35, 'm7-1': 1.17, 'm8-1': 105.48}",1.62,103.41899999999998,104.49899999999998,inf,181.41,181.41
220,T3,BESTEFFORT,COMPLETED,m7-1,31.431,"{'m1-1': 97.02, 'm2-1': 10.42, 'm3-1': 1.0, 'm4-1': 108.2, 'm5-1': 94.37, 'm6-1': 11.74, 'm7-1': 1.05, 'm8-1': 102.4}",1.5750000000000002,103.23999999999995,104.28999999999995,inf,181.431,181.431
221,T1,BESTEFFORT,COMPLETED,m3-1,31.532,"{'m1-1': 108.88, 'm2-1': 11.1, 'm3-1': 1.02, 'm4-1': 102.85, 'm5-1': 96.11, 'm6-1': 10.38, 'm7-1': 0.95, 'm8-1': 109.65}",1.53,104.49899999999998,105.51899999999998,inf,181.532,181.532
222,T4,BESTEFFORT,COMPLETED,m6-1,31.753,"{'m1-1': 96.22, 'm2-1': 10.9, 'm3-1': 1.0, 'm4-1': 104.4, 'm5-1': 114.98, 'm6-1': 9.32, 'm7-1': 1.01, 'm8-1': 107.93}",13.98,95.065,104.38499999999999,inf,181.753,181.753
223,T2,BESTEFFORT,COMPLETED,m7-1,31.913,"{'m1-1': 106.34, 'm2-1': 10.63, 'm3-1': 1.09, 'm4-1': 108.45, 'm5-1': 98.48, 'm6-1': 11.43, 'm7-1': 0.96, 'm8-1': 110.88}",1.44,104.28999999999995,105.24999999999994,inf,181.913,181.913
224,T2,BESTEFFORT,COMPLETED,m3-1,32.003,"{'m1-1': 102.85, 'm2-1': 9.68, 'm3-1': 0.98, 'm4-1': 111.49, 'm5-1': 99.94, 'm6-1': 11.52, 'm7-1': 0.98, 'm8-1': 112.91}",1.47,105.51899999999998,106.49899999999998,inf,182.003,182.003
225,T2,BESTEFFORT,COMPLETED,m7-1,32.311,"{'m1-1': 105.29, 'm2-1': 9.91, 'm3-1': 1.01, 'm4-1': 109.61, 'm5-1': 95.52, 'm6-1': 10.36, 'm7-1': 1.09, 'm8-1': 106.36}",1.6350000000000002,105.24999999999994,106.33999999999995,inf,182.311,182.311
226,T1,BESTEFFORT,COMPLETED,m3-1,32.328,"{'m1-1': 108.94, 'm2-1': 10.82, 'm3-1': 0.95, 'm4-1': 102.75, 'm5-1': 105.72, 'm6-1': 10.86, 'm7-1': 1.04, 'm8-1': 110.97}",1.4249999999999998,106.49899999999998,107.44899999999998,inf,182.328,182.328
227,T2,BESTEFFORT,COMPLETED,m7-1,32.468,"{'m1-1': 106.46, 'm2-1': 9.29, 'm3-1': 1.02, 'm4-1': 116.0, 'm5-1': 95.69, 'm6-1': 10.47, 'm7-1': 1.06, 'm8-1': 109.12}",1.59,106.33999999999995,107.39999999999995,inf,182.46800000000002,182.46800000000002
228,T4,BESTEFFORT,COMPLETED,m3-1,32.499,"{'m1-1': 109.54, 'm2-1': 9.47, 'm3-1': 1.1, 'm4-1': 111.49, 'm5-1': 106.39, 'm6-1': 10.53, 'm7-1': 1.08, 'm8-1': 106.07}",1.6500000000000001,107.44899999999998,108.54899999999998,inf,182.499,182.499
229,T3,BESTEFFORT,COMPLETED,m7-1,32.623,"{'m1-1': 113.52, 'm2-1': 10.34, 'm3-1': 0.99, 'm4-1': 106.77, 'm5-1': 94.52, 'm6-1': 10.67, 'm7-1': 1.1, 'm8-1': 103.29}",1.6500000000000001,107.39999999999995,108.49999999999994,inf,182.623,182.623
230,T2,BESTEFFORT,COMPLETED,m3-1,33.004,"{'m1-1': 108.39, 'm2-1': 9.82, 'm3-1': 0.96, 'm4-1': 100.23, 'm5-1': 98.49, 'm6-1': 10.72, 'm7-1': 1.07, 'm8-1': 112.59}",1.44,108.54899999999998,109.50899999999997,inf,183.004,183.004
231,T4,BESTEFFORT,COMPLETED,m7-1,33.219,"{'m1-1': 104.3, 'm2-1': 10.8, 'm3-1': 0.97, 'm4-1': 96.99, 'm5-1': 102.28, 'm6-1': 9.51, 'm7-1': 1.02, 'm8-1': 97.49}",1.53,108.49999999999994,109.51999999999994,inf,183.219,183.219
232,T4,BESTEFFORT,COMPLETED,m3-1,33.323,"{'m1-1': 106.79, 'm2-1': 10.61, 'm3-1': 0.96, 'm4-1': 96.68, 'm5-1': 115.13, 'm6-1': 9.95, 'm7-1': 1.11, 'm8-1': 99.41}",1.44,109.50899999999997,110.46899999999997,inf,183.323,183.323
233,T4,BESTEFFORT,COMPLETED,m7-1,33.331,"{'m1-1': 93.1, 'm2-1': 10.09, 'm3-1': 1.07, 'm4-1': 98.21, 'm5-1': 111.63, 'm6-1': 10.0, 'm7-1': 1.11, 'm8-1': 96.53}",1.665,109.51999999999994,110.62999999999994,inf,183.33100000000002,183.33100000000002
234,T1,BESTEFFORT,COMPLETED,m3-1,33.949,"{'m1-1': 107.56, 'm2-1': 10.44, 'm3-1': 1.0, 'm4-1': 100.37, 'm5-1': 93.61, 'm6-1': 10.45, 'm7-1': 1.01, 'm8-1': 113.07}",1.5,110.46899999999997,111.46899999999997,inf,183.949,183.949
235,T3,BESTEFFORT,COMPLETED,m7-1,34.078,"{'m1-1': 97.13, 'm2-1': 11.3, 'm3-1': 1.1, 'm4-1': 111.34, 'm5-1': 105.24, 'm6-1': 10.96, 'm7-1': 1.01, 'm8-1': 98.43}",1.5150000000000001,110.62999999999994,111.63999999999994,inf,184.078,184.078
236,T1,BESTEFFORT,COMPLETED,m3-1,34.255,"{'m1-1': 96.28, 'm2-1': 10.66, 'm3-1': 1.02, 'm4-1': 111.88, 'm5-1': 93.5, 'm6-1': 10.84, 'm7-1': 1.1, 'm8-1': 114.09}",1.53,111.46899999999997,112.48899999999996,inf,184.255,184.255
237,T2,BESTEFFORT,COMPLETED,m2-1,34.308,"{'m1-1': 95.93, 'm2-1': 9.2, 'm3-1': 1.03, 'm4-1': 115.55, 'm5-1': 96.06, 'm6-1': 11.41, 'm7-1': 1.06, 'm8-1': 116.34}",13.799999999999999,109.09299999999999,118.29299999999999,inf,184.308,184.308
238,T4,BESTEFFORT,COMPLETED,m3-1,34.499,"{'m1-1': 97.63, 'm2-1': 9.53, 'm3-1': 1.08, 'm4-1': 108.67, 'm5-1': 108.39, 'm6-1': 9.88, 'm7-1': 1.07, 'm8-1': 100.4}",1.62,112.48899999999996,113.56899999999996,inf,184.499,184.499
239,T1,BESTEFFORT,COMPLETED,m7-1,34.522,"{'m1-1': 104.54, 'm2-1': 10.56, 'm3-1': 1.08, 'm4-1': 107.59, 'm5-1': 102.52, 'm6-1': 9.67, 'm7-1': 1.11, 'm8-1': 112.52}",1.665,111.63999999999994,112.74999999999994,inf,184.522,184.522
240,T2,BESTEFFORT,COMPLETED,m7-1,34.547,"{'m1-1': 105.76, 'm2-1': 10.72, 'm3-1': 0.99, 'm4-1': 102.48, 'm5-1': 98.62, 'm6-1': 10.7, 'm7-1': 1.07, 'm8-1': 110.54}",1.605,112.74999999999994,113.81999999999994,inf,184.547,184.547
241,T4,BESTEFFORT,COMPLETED,m3-1,34.979,"{'m1-1': 98.5, 'm2-1': 10.61, 'm3-1': 1.08, 'm4-1': 103.38, 'm5-1': 104.48, 'm6-1': 11.0, 'm7-1': 1.1, 'm8-1': 103.19}",1.62,113.56899999999996,114.64899999999996,inf,184.97899999999998,184.97899999999998
242,T4,BESTEFFORT,COMPLETED,m3-1,35.029,"{'m1-1': 99.77, 'm2-1': 9.89, 'm3-1': 0.92, 'm4-1': 111.6, 'm5-1': 98.84, 'm6-1': 10.56, 'm7-1': 1.07, 'm8-1': 93.37}",1.3800000000000001,114.64899999999996,115.56899999999996,inf,185.029,185.029
243,T3,BESTEFFORT,COMPLETED,m7-1,35.092,"{'m1-1': 97.83, 'm2-1': 10.32, 'm3-1': 1.0, 'm4-1': 107.6, 'm5-1': 103.25, 'm6-1': 10.5, 'm7-1': 1.05, 'm8-1': 94.05}",1.5750000000000002,113.81999999999994,114.86999999999993,inf,185.09199999999998,185.09199999999998
244,T4,BESTEFFORT,COMPLETED,m6-1,35.492,"{'m1-1': 96.0, 'm2-1': 10.26, 'm3-1': 0.94, 'm4-1': 95.87, 'm5-1': 103.46, 'm6-1': 9.67, 'm7-1': 1.1, 'm8-1': 103.84}",14.504999999999999,104.38499999999999,114.05499999999999,inf,185.492,185.492
245,T1,BESTEFFORT,COMPLETED,m3-1,35.508,"{'m1-1': 98.73, 'm2-1': 10.66, 'm3-1': 0.93, 'm4-1': 101.04, 'm5-1': 102.84, 'm6-1': 9.59, 'm7-1': 0.99, 'm8-1': 101.47}",1.395,115.56899999999996,116.49899999999997,inf,185.508,185.508
246,T2,BESTEFFORT,COMPLETED,m7-1,35.526,"{'m1-1': 106.96, 'm2-1': 10.89, 'm3-1': 0.97, 'm4-1': 105.92, 'm5-1': 105.76, 'm6-1': 11.2, 'm7-1': 1.08, 'm8-1': 99.72}",1.62,114.86999999999993,115.94999999999993,inf,185.526,185.526
247,T4,BESTEFFORT,COMPLETED,m3-1,35.668,"{'m1-1': 98.22, 'm2-1': 10.4, 'm3-1': 1.09, 'm4-1': 101.81, 'm5-1': 116.55, 'm6-1': 10.29, 'm7-1': 1.0, 'm8-1': 105.39}",1.6350000000000002,116.49899999999997,117.58899999999997,inf,185.668,185.668
248,T3,BESTEFFORT,COMPLETED,m7-1,36.154,"{'m1-1': 106.47, 'm2-1': 11.05, 'm3-1': 1.01, 'm4-1': 100.18, 'm5-1': 93.28, 'm6-1': 10.59, 'm7-1': 1.04, 'm8-1': 99.22}",1.56,115.94999999999993,116.98999999999994,inf,186.154,186.154
249,T3,BESTEFFORT,COMPLETED,m3-1,36.17,"{'m1-1': 104.65, 'm2-1': 10.97, 'm3-1': 1.07, 'm4-1': 97.31, 'm5-1': 103.11, 'm6-1': 10.56, 'm7-1': 1.02, 'm8-1': 102.72}",1.605,117.58899999999997,118.65899999999996,inf,186.17000000000002,186.17000000000002
250,T3,BESTEFFORT,COMPLETED,m7-1,36.336,"{'m1-1': 98.46, 'm2-1': 11.17, 'm3-1': 1.12, 'm4-1': 105.21, 'm5-1': 93.01, 'm6-1': 10.6, 'm7-1': 1.03, 'm8-1': 108.17}",1.545,116.98999999999994,118.01999999999994,inf,186.336,186.336
251,T1,BESTEFFORT,COMPLETED,m3-1,36.375,"{'m1-1': 95.8, 'm2-1': 10.45, 'm3-1': 1.05, 'm4-1': 100.44, 'm5-1': 94.38, 'm6-1': 10.6, 'm7-1': 0.98, 'm8-1': 103.21}",1.5750000000000002,118.65899999999996,119.70899999999996,inf,186.375,186.375
252,T2,BESTEFFORT,COMPLETED,m7-1,36.484,"{'m1-1': 112.04, 'm2-1': 9.42, 'm3-1': 1.13, 'm4-1': 101.84, 'm5-1': 104.55, 'm6-1': 10.95, 'm7-1': 0.93, 'm8-1': 101.56}",1.395,118.01999999999994,118.94999999999995,inf,186.484,186.484
253,T3,BESTEFFORT,COMPLETED,m7-1,36.522,"{'m1-1': 110.34, 'm2-1': 10.67, 'm3-1': 1.05, 'm4-1': 111.28, 'm5-1': 105.13, 'm6-1': 10.75, 'm7-1': 0.94, 'm8-1': 95.29}",1.41,118.94999999999995,119.88999999999994,inf,186.522,186.522
254,T3,BESTEFFORT,COMPLETED,m3-1,36.809,"{'m1-1': 110.18, 'm2-1': 11.41, 'm3-1': 1.08, 'm4-1': 106.73, 'm5-1': 108.35, 'm6-1': 10.97, 'm7-1': 1.08, 'm8-1': 91.95}",1.62,119.70899999999996,120.78899999999996,inf,186.809,186.809
255,T1,BESTEFFORT,COMPLETED,m3-1,37.009,"{'m1-1': 111.49, 'm2-1': 11.61, 'm3-1': 1.06, 'm4-1': 109.65, 'm5-1': 106.58, 'm6-1': 10.82, 'm7-1': 0.95, 'm8-1': 103.68}",1.59,120.78899999999996,121.84899999999996,inf,187.00900000000001,187.00900000000001
256,T2,BESTEFFORT,COMPLETED,m7-1,37.142,"{'m1-1': 104.6, 'm2-1': 10.7, 'm3-1': 1.01, 'm4-1': 102.47, 'm5-1': 104.1, 'm6-1': 10.18, 'm7-1': 0.97, 'm8-1': 111.91}",1.455,119.88999999999994,120.85999999999994,inf,187.142,187.142
257,T3,BESTEFFORT,COMPLETED,m3-1,37.2,"{'m1-1': 111.83, 'm2-1': 10.1, 'm3-1': 1.15, 'm4-1': 108.76, 'm5-1': 102.66, 'm6-1': 10.82, 'm7-1': 1.08, 'm8-1': 92.6}",1.7249999999999999,121.84899999999996,122.99899999999997,inf,187.2,187.2
258,T2,BESTEFFORT,COMPLETED,m2-1,37.31,"{'m1-1': 107.46, 'm2-1': 9.41, 'm3-1': 1.08, 'm4-1': 110.65, 'm5-1': 109.41, 'm6-1': 10.39, 'm7-1': 1.07, 'm8-1': 102.78}",14.115,118.29299999999999,127.70299999999999,inf,187.31,187.31
259,T3,BESTEFFORT,COMPLETED,m7-1,37.433,"{'m1-1': 105.12, 'm2-1': 10.25, 'm3-1': 1.02, 'm4-1': 109.93, 'm5-1': 97.71, 'm6-1': 10.21, 'm7-1': 1.04, 'm8-1': 106.92}",1.56,120.85999999999994,121.89999999999995,inf,187.433,187.433
260,T3,BESTEFFORT,COMPLETED,m3-1,37.778,"{'m1-1': 99.27, 'm2-1': 9.92, 'm3-1': 1.11, 'm4-1': 98.6, 'm5-1': 93.62, 'm6-1': 11.22, 'm7-1': 1.0, 'm8-1': 103.52}",1.665,122.99899999999997,124.10899999999997,inf,187.778,187.778
261,T4,BESTEFFORT,COMPLETED,m7-1,37.895,"{'m1-1': 100.65, 'm2-1': 10.49, 'm3-1': 0.93, 'm4-1': 104.13, 'm5-1': 110.76, 'm6-1': 10.11, 'm7-1': 1.12, 'm8-1': 102.8}",1.6800000000000002,121.89999999999995,123.01999999999995,inf,187.895,187.895
262,T1,BESTEFFORT,COMPLETED,m3-1,38.009,"{'m1-1': 105.62, 'm2-1': 10.59, 'm3-1': 0.98, 'm4-1': 105.85, 'm5-1': 99.5, 'm6-1': 9.9, 'm7-1': 0.98, 'm8-1': 101.78}",1.47,124.10899999999997,125.08899999999997,inf,188.00900000000001,188.00900000000001
263,T4,BESTEFFORT,COMPLETED,m7-1,38.081,"{'m1-1': 100.3, 'm2-1': 9.63, 'm3-1': 1.0, 'm4-1': 96.01, 'm5-1': 102.67, 'm6-1': 9.78, 'm7-1': 1.02, 'm8-1': 98.83}",1.53,123.01999999999995,124.03999999999995,inf,188.08100000000002,188.08100000000002
264,T3,BESTEFFORT,COMPLETED,m3-1,38.268,"{'m1-1': 97.42, 'm2-1': 10.67, 'm3-1': 1.12, 'm4-1': 101.68, 'm5-1': 108.98, 'm6-1': 11.5, 'm7-1': 1.08, 'm8-1': 99.35}",1.6800000000000002,125.08899999999997,126.20899999999997,inf,188.268,188.268
265,T2,BESTEFFORT,COMPLETED,m6-1,38.336,"{'m1-1': 106.25, 'm2-1': 10.53, 'm3-1': 1.0, 'm4-1': 99.53, 'm5-1': 104.64, 'm6-1': 10.36, 'm7-1': 0.94, 'm8-1': 114.82}",15.54,114.05499999999999,124.41499999999999,inf,188.336,188.336
266,T3,BESTEFFORT,COMPLETED,m7-1,38.568,"{'m1-1': 106.37, 'm2-1': 10.14, 'm3-1': 1.02, 'm4-1': 104.79, 'm5-1': 104.84, 'm6-1': 10.58, 'm7-1': 1.11, 'm8-1': 104.35}",1.665,124.03999999999995,125.14999999999995,inf,188.56799999999998,188.56799999999998
267,T1,BESTEFFORT,COMPLETED,m3-1,38.626,"{'m1-1': 98.25, 'm2-1': 10.58, 'm3-1': 0.92, 'm4-1': 99.76, 'm5-1': 95.9, 'm6-1': 9.99, 'm7-1': 1.1, 'm8-1': 107.25}",1.3800000000000001,126.20899999999997,127.12899999999998,inf,188.626,188.626
268,T4,BESTEFFORT,COMPLETED,m7-1,38.652,"{'m1-1': 108.53, 'm2-1': 9.74, 'm3-1': 0.99, 'm4-1': 101.78, 'm5-1': 110.31, 'm6-1': 10.29, 'm7-1': 1.12, 'm8-1': 104.1}",1.6800000000000002,125.14999999999995,126.26999999999995,inf,188.652,188.652
269,T2,BESTEFFORT,COMPLETED,m3-1,38.715,"{'m1-1': 111.1, 'm2-1': 10.37, 'm3-1': 1.11, 'm4-1': 107.43, 'm5-1': 92.53, 'm6-1': 10.06, 'm7-1': 1.03, 'm8-1': 115.09}",1.665,127.12899999999998,128.23899999999998,inf,188.715,188.715
270,T4,BESTEFFORT,COMPLETED,m7-1,38.803,"{'m1-1': 96.98, 'm2-1': 11.03, 'm3-1': 1.05, 'm4-1': 99.32, 'm5-1': 112.13, 'm6-1': 10.26, 'm7-1': 1.04, 'm8-1': 98.67}",1.56,126.26999999999995,127.30999999999996,inf,188.803,188.803
271,T4,BESTEFFORT,COMPLETED,m3-1,38.899,"{'m1-1': 100.69, 'm2-1': 9.99, 'm3-1': 1.04, 'm4-1': 94.49, 'm5-1': 108.55, 'm6-1': 9.47, 'm7-1': 1.05, 'm8-1': 96.72}",1.56,128.23899999999998,129.27899999999997,inf,188.899,188.899
272,T3,BESTEFFORT,COMPLETED,m7-1,39.086,"{'m1-1': 111.36, 'm2-1': 11.16, 'm3-1': 1.07, 'm4-1': 98.92, 'm5-1': 104.26, 'm6-1': 11.5, 'm7-1': 1.0, 'm8-1': 107.08}",1.5,127.30999999999996,128.30999999999995,inf,189.086,189.086
273,T4,BESTEFFORT,COMPLETED,m3-1,39.257,"{'m1-1': 103.34, 'm2-1': 10.71, 'm3-1': 0.96, 'm4-1': 104.91, 'm5-1': 101.84, 'm6-1': 9.97, 'm7-1': 1.08, 'm8-1': 99.57}",1.44,129.27899999999997,130.23899999999998,inf,189.257,189.257
274,T3,BESTEFFORT,COMPLETED,m7-1,39.371,"{'m1-1': 109.06, 'm2-1': 9.97, 'm3-1': 1.09, 'm4-1': 111.47, 'm5-1': 104.88, 'm6-1': 10.92, 'm7-1': 1.02, 'm8-1': 98.19}",1.53,128.30999999999995,129.32999999999996,inf,189.371,189.371
275,T3,BESTEFFORT,COMPLETED,m3-1,39.508,"{'m1-1': 102.4, 'm2-1': 10.81, 'm3-1': 1.0, 'm4-1': 104.35, 'm5-1': 92.85, 'm6-1': 11.74, 'm7-1': 1.06, 'm8-1': 104.96}",1.5,130.23899999999998,131.23899999999998,inf,189.508,189.508
276,T2,BESTEFFORT,COMPLETED,m7-1,39.521,"{'m1-1': 95.58, 'm2-1': 9.31, 'm3-1': 1.07, 'm4-1': 98.46, 'm5-1': 98.35, 'm6-1': 11.28, 'm7-1': 0.92, 'm8-1': 105.31}",1.3800000000000001,129.32999999999996,130.24999999999994,inf,189.52100000000002,189.52100000000002
277,T3,BESTEFFORT,COMPLETED,m3-1,39.779,"{'m1-1': 113.56, 'm2-1': 11.19, 'm3-1': 1.0, 'm4-1': 108.68, 'm5-1': 106.54, 'm6-1': 10.02, 'm7-1': 0.94, 'm8-1': 103.67}",1.5,131.23899999999998,132.23899999999998,inf,189.779,189.779
278,T2,BESTEFFORT,COMPLETED,m7-1,39.891,"{'m1-1': 99.76, 'm2-1': 10.6, 'm3-1': 1.05, 'm4-1': 106.72, 'm5-1': 100.53, 'm6-1': 11.68, 'm7-1': 1.04, 'm8-1': 109.07}",1.56,130.24999999999994,131.28999999999994,inf,189.891,189.891
279,T3,BESTEFFORT,COMPLETED,m2-1,40.508,"{'m1-1': 113.04, 'm2-1': 10.12, 'm3-1': 0.98, 'm4-1': 108.68, 'm5-1': 108.94, 'm6-1': 10.2, 'm7-1': 0.97, 'm8-1': 98.26}",15.18,127.70299999999999,137.82299999999998,inf,190.508,190.508
280,T1,BESTEFFORT,COMPLETED,m3-1,40.52,"{'m1-1': 107.94, 'm2-1': 10.31, 'm3-1': 1.06, 'm4-1': 96.73, 'm5-1': 109.53, 'm6-1': 10.41, 'm7-1': 0.98, 'm8-1': 118.5}",1.59,132.23899999999998,133.29899999999998,inf,190.52,190.52
281,T1,BESTEFFORT,COMPLETED,m7-1,40.764,"{'m1-1': 98.43, 'm2-1': 11.5, 'm3-1': 1.0, 'm4-1': 97.76, 'm5-1': 99.66, 'm6-1': 11.27, 'm7-1': 1.04, 'm8-1': 105.99}",1.56,131.28999999999994,132.32999999999993,inf,190.764,190.764
282,T2,BESTEFFORT,COMPLETED,m3-1,41.089,"{'m1-1': 108.11, 'm2-1': 10.36, 'm3-1': 0.98, 'm4-1': 110.06, 'm5-1': 93.45, 'm6-1': 10.1, 'm7-1': 0.94, 'm8-1': 105.71}",1.47,133.29899999999998,134.27899999999997,inf,191.089,191.089
283,T3,BESTEFFORT,COMPLETED,m7-1,41.31,"{'m1-1': 96.33, 'm2-1': 10.65, 'm3-1': 1.08, 'm4-1': 94.08, 'm5-1': 104.98, 'm6-1': 10.97, 'm7-1': 1.07, 'm8-1': 93.12}",1.605,132.32999999999993,133.39999999999992,inf,191.31,191.31
284,T4,BESTEFFORT,COMPLETED,m3-1,41.395,"{'m1-1': 93.4, 'm2-1': 10.42, 'm3-1': 1.08, 'm4-1': 104.8, 'm5-1': 110.38, 'm6-1': 9.85, 'm7-1': 1.01, 'm8-1': 106.0}",1.62,134.27899999999997,135.35899999999998,inf,191.395,191.395
285,T1,BESTEFFORT,COMPLETED,m6-1,41.568,"{'m1-1': 109.64, 'm2-1': 10.53, 'm3-1': 0.99, 'm4-1': 100.72, 'm5-1': 104.95, 'm6-1': 10.7, 'm7-1': 0.97, 'm8-1': 113.69}",16.049999999999997,124.41499999999999,135.11499999999998,inf,191.56799999999998,191.56799999999998
286,T2,BESTEFFORT,COMPLETED,m7-1,41.815,"{'m1-1': 101.6, 'm2-1': 10.26, 'm3-1': 1.07, 'm4-1': 112.45, 'm5-1': 101.91, 'm6-1': 10.7, 'm7-1': 1.04, 'm8-1': 102.84}",1.56,133.39999999999992,134.4399999999999,inf,191.815,191.815
287,T2,BESTEFFORT,COMPLETED,m3-1,41.926,"{'m1-1': 107.01, 'm2-1': 9.32, 'm3-1': 1.1, 'm4-1': 101.4, 'm5-1': 108.44, 'm6-1': 10.47, 'm7-1': 0.93, 'm8-1': 110.88}",1.6500000000000001,135.35899999999998,136.45899999999997,inf,191.926,191.926
288,T3,BESTEFFORT,COMPLETED,m7-1,41.998,"{'m1-1': 106.67, 'm2-1': 10.7, 'm3-1': 1.01, 'm4-1': 102.78, 'm5-1': 98.6, 'm6-1': 10.92, 'm7-1': 0.95, 'm8-1': 101.62}",1.4249999999999998,134.4399999999999,135.3899999999999,inf,191.998,191.998
289,T2,BESTEFFORT,COMPLETED,m7-1,42.044,"{'m1-1': 107.09, 'm2-1': 9.43, 'm3-1': 1.05, 'm4-1': 107.77, 'm5-1': 109.19, 'm6-1': 11.28, 'm7-1': 1.09, 'm8-1': 108.25}",1.6350000000000002,135.3899999999999,136.4799999999999,inf,192.04399999999998,192.04399999999998
290,T3,BESTEFFORT,COMPLETED,m3-1,42.062,"{'m1-1': 112.65, 'm2-1': 11.78, 'm3-1': 0.99, 'm4-1': 105.11, 'm5-1': 92.95, 'm6-1': 10.92, 'm7-1': 1.01, 'm8-1': 103.65}",1.4849999999999999,136.45899999999997,137.44899999999998,inf,192.062,192.062
291,T3,BESTEFFORT,COMPLETED,m5-1,42.187,"{'m1-1': 100.16, 'm2-1': 11.54, 'm3-1': 1.0, 'm4-1': 105.87, 'm5-1': 102.41, 'm6-1': 10.19, 'm7-1': 1.01, 'm8-1': 92.22}",153.615,42.187,144.59699999999998,inf,192.187,192.187
292,T3,BESTEFFORT,COMPLETED,m7-1,42.621,"{'m1-1': 96.19, 'm2-1': 11.38, 'm3-1': 1.07, 'm4-1': 94.68, 'm5-1': 108.54, 'm6-1': 10.43, 'm7-1': 0.94, 'm8-1': 92.69}",1.41,136.4799999999999,137.4199999999999,inf,192.621,192.621
293,T2,BESTEFFORT,COMPLETED,m3-1,43.182,"{'m1-1': 112.28, 'm2-1': 9.24, 'm3-1': 1.07, 'm4-1': 111.7, 'm5-1': 93.42, 'm6-1': 11.08, 'm7-1': 0.94, 'm8-1': 101.37}",1.605,137.44899999999998,138.51899999999998,inf,193.18200000000002,193.18200000000002
294,T1,BESTEFFORT,COMPLETED,m7-1,43.363,"{'m1-1': 102.29, 'm2-1': 11.32, 'm3-1': 0.97, 'm4-1': 109.14, 'm5-1': 102.82, 'm6-1': 10.21, 'm7-1': 1.06, 'm8-1': 104.68}",1.59,137.4199999999999,138.4799999999999,inf,193.363,193.363
295,T4,BESTEFFORT,COMPLETED,m1-1,43.4,"{'m1-1': 107.77, 'm2-1': 9.4, 'm3-1': 1.01, 'm4-1': 110.38, 'm5-1': 108.73, 'm6-1': 10.41, 'm7-1': 1.04, 'm8-1': 102.75}",161.655,43.4,151.17,inf,193.4,193.4
296,T2,BESTEFFORT,COMPLETED,m3-1,43.455,"{'m1-1': 97.66, 'm2-1': 9.16, 'm3-1': 1.0, 'm4-1': 98.02, 'm5-1': 97.6, 'm6-1': 11.61, 'm7-1': 1.01, 'm8-1': 108.42}",1.5,138.51899999999998,139.51899999999998,inf,193.45499999999998,193.45499999999998
297,T4,BESTEFFORT,COMPLETED,m7-1,43.478,"{'m1-1': 107.57, 'm2-1': 9.51, 'm3-1': 1.09, 'm4-1': 105.21, 'm5-1': 102.2, 'm6-1': 9.95, 'm7-1': 1.14, 'm8-1': 104.64}",1.71,138.4799999999999,139.6199999999999,inf,193.478,193.478
298,T1,BESTEFFORT,COMPLETED,m3-1,43.607,"{'m1-1': 94.78, 'm2-1': 11.33, 'm3-1': 0.94, 'm4-1': 106.63, 'm5-1': 94.02, 'm6-1': 9.92, 'm7-1': 1.08, 'm8-1': 118.15}",1.41,139.51899999999998,140.45899999999997,inf,193.607,193.607
299,T2,BESTEFFORT,COMPLETED,m7-1,43.743,"{'m1-1': 100.41, 'm2-1': 10.23, 'm3-1': 1.06, 'm4-1': 112.72, 'm5-1': 99.3, 'm6-1': 11.37, 'm7-1': 1.04, 'm8-1': 100.7}",1.56,139.6199999999999,140.65999999999988,inf,193.743,193.743
300,T4,BESTEFFORT,COMPLETED,m3-1,43.751,"{'m1-1': 101.74, 'm2-1': 10.67, 'm3-1': 1.0, 'm4-1': 102.87, 'm5-1': 112.3, 'm6-1': 9.74, 'm7-1': 0.99, 'm8-1': 93.42}",1.5,140.45899999999997,141.45899999999997,inf,193.751,193.751
301,T2,BESTEFFORT,COMPLETED,m7-1,43.768,"{'m1-1': 104.36, 'm2-1': 9.51, 'm3-1': 1.01, 'm4-1': 101.89, 'm5-1': 106.12, 'm6-1': 9.92, 'm7-1': 0.95, 'm8-1': 107.85}",1.4249999999999998,140.65999999999988,141.60999999999987,inf,193.768,193.768
302,T3,BESTEFFORT,COMPLETED,m8-1,43.781,"{'m1-1': 99.55, 'm2-1': 11.51, 'm3-1': 1.05, 'm4-1': 108.68, 'm5-1': 95.45, 'm6-1': 10.82, 'm7-1': 0.96, 'm8-1': 107.09}",160.635,43.781,150.871,inf,193.781,193.781
303,T3,BESTEFFORT,COMPLETED,m4-1,43.801,"{'m1-1': 103.54, 'm2-1': 11.62, 'm3-1': 1.08, 'm4-1': 109.77, 'm5-1': 97.67, 'm6-1': 10.78, 'm7-1': 1.1, 'm8-1': 107.74}",164.655,43.801,153.571,inf,193.801,193.801
304,T4,BESTEFFORT,COMPLETED,m3-1,43.824,"{'m1-1': 93.8, 'm2-1': 10.02, 'm3-1': 0.97, 'm4-1': 99.35, 'm5-1': 113.8, 'm6-1': 9.79, 'm7-1': 1.08, 'm8-1': 94.49}",1.455,141.45899999999997,142.42899999999997,inf,193.824,193.824
305,T3,BESTEFFORT,COMPLETED,m3-1,43.929,"{'m1-1': 108.55, 'm2-1': 10.31, 'm3-1': 1.05, 'm4-1': 104.8, 'm5-1': 108.98, 'm6-1': 10.11, 'm7-1': 1.1, 'm8-1': 95.08}",1.5750000000000002,142.42899999999997,143.47899999999998,inf,193.929,193.929
306,T1,BESTEFFORT,COMPLETED,m2-1,44.175,"{'m1-1': 112.33, 'm2-1': 10.12, 'm3-1': 0.99, 'm4-1': 102.01, 'm5-1': 105.8, 'm6-1': 11.16, 'm7-1': 1.0, 'm8-1': 101.22}",15.18,137.82299999999998,147.94299999999998,inf,194.175,194.175
307,T2,BESTEFFORT,COMPLETED,m7-1,44.371,"{'m1-1': 104.7, 'm2-1': 10.79, 'm3-1': 0.96, 'm4-1': 113.42, 'm5-1': 94.0, 'm6-1': 11.57, 'm7-1': 0.95, 'm8-1': 105.69}",1.4249999999999998,141.60999999999987,142.55999999999986,inf,194.371,194.371
308,T1,BESTEFFORT,COMPLETED,m3-1,44.448,"{'m1-1': 96.3, 'm2-1': 10.56, 'm3-1': 0.98, 'm4-1': 100.37, 'm5-1': 108.75, 'm6-1': 10.39, 'm7-1': 1.08, 'm8-1': 100.21}",1.47,143.47899999999998,144.45899999999997,inf,194.448,194.448
309,T1,BESTEFFORT,COMPLETED,m7-1,44.82,"{'m1-1': 110.85, 'm2-1': 11.01, 'm3-1': 0.97, 'm4-1': 98.68, 'm5-1': 94.75, 'm6-1': 10.77, 'm7-1': 1.09, 'm8-1': 116.72}",1.6350000000000002,142.55999999999986,143.64999999999986,inf,194.82,194.82
310,T1,BESTEFFORT,COMPLETED,m6-1,44.866,"{'m1-1': 100.12, 'm2-1': 11.3, 'm3-1': 0.98, 'm4-1': 98.18, 'm5-1': 93.61, 'm6-1': 10.7, 'm7-1': 0.98, 'm8-1': 116.14}",16.049999999999997,135.11499999999998,145.81499999999997,inf,194.86599999999999,194.86599999999999
311,T1,BESTEFFORT,COMPLETED,m3-1,44.878,"{'m1-1': 109.81, 'm2-1': 10.53, 'm3-1': 0.98, 'm4-1': 96.18, 'm5-1': 99.22, 'm6-1': 9.98, 'm7-1': 1.11, 'm8-1': 115.37}",1.47,144.45899999999997,145.43899999999996,inf,194.878,194.878
312,T3,BESTEFFORT,COMPLETED,m7-1,44.991,"{'m1-1': 111.32, 'm2-1': 9.97, 'm3-1': 1.15, 'm4-1': 105.59, 'm5-1': 94.31, 'm6-1': 11.41, 'm7-1': 0.98, 'm8-1': 95.71}",1.47,143.64999999999986,144.62999999999985,inf,194.99099999999999,194.99099999999999
313,T4,BESTEFFORT,COMPLETED,m3-1,45.161,"{'m1-1': 96.98, 'm2-1': 9.42, 'm3-1': 0.98, 'm4-1': 99.22, 'm5-1': 106.51, 'm6-1': 9.75, 'm7-1': 1.12, 'm8-1': 96.22}",1.47,145.43899999999996,146.41899999999995,inf,195.161,195.161
314,T2,BESTEFFORT,COMPLETED,m7-1,45.349,"{'m1-1': 108.27, 'm2-1': 10.54, 'm3-1': 1.05, 'm4-1': 115.35, 'm5-1': 97.94, 'm6-1': 11.7, 'm7-1': 0.95, 'm8-1': 115.96}",1.4249999999999998,144.62999999999985,145.57999999999984,inf,195.349,195.349
315,T4,BESTEFFORT,COMPLETED,m3-1,45.664,"{'m1-1': 94.75, 'm2-1': 10.58, 'm3-1': 1.01, 'm4-1': 109.4, 'm5-1': 100.99, 'm6-1': 10.48, 'm7-1': 1.01, 'm8-1': 101.02}",1.5150000000000001,146.41899999999995,147.42899999999995,inf,195.664,195.664
316,T1,BESTEFFORT,COMPLETED,m7-1,45.733,"{'m1-1': 101.69, 'm2-1': 11.51, 'm3-1': 0.92, 'm4-1': 105.84, 'm5-1': 102.43, 'm6-1': 9.58, 'm7-1': 1.1, 'm8-1': 108.56}",1.6500000000000001,145.57999999999984,146.67999999999984,inf,195.733,195.733
317,T3,BESTEFFORT,COMPLETED,m7-1,45.864,"{'m1-1': 103.16, 'm2-1': 10.12, 'm3-1': 1.07, 'm4-1': 110.88, 'm5-1': 105.2, 'm6-1': 11.84, 'm7-1': 1.0, 'm8-1': 97.81}",1.5,146.67999999999984,147.67999999999984,inf,195.864,195.864
318,T1,BESTEFFORT,COMPLETED,m3-1,46.095,"{'m1-1': 103.86, 'm2-1': 10.34, 'm3-1': 0.95, 'm4-1': 106.74, 'm5-1': 108.97, 'm6-1': 9.7, 'm7-1': 0.98, 'm8-1': 110.03}",1.4249999999999998,147.42899999999995,148.37899999999993,inf,196.095,196.095
319,T3,BESTEFFORT,COMPLETED,m7-1,46.313,"{'m1-1': 96.13, 'm2-1': 11.56, 'm3-1': 1.04, 'm4-1': 97.57, 'm5-1': 95.88, 'm6-1': 10.45, 'm7-1': 1.09, 'm8-1': 98.43}",1.6350000000000002,147.67999999999984,148.76999999999984,inf,196.313,196.313
320,T1,BESTEFFORT,COMPLETED,m3-1,46.68,"{'m1-1': 95.15, 'm2-1': 11.52, 'm3-1': 0.94, 'm4-1': 103.99, 'm5-1': 102.77, 'm6-1': 9.98, 'm7-1': 0.97, 'm8-1': 106.57}",1.41,148.37899999999993,149.31899999999993,inf,196.68,196.68
321,T2,BESTEFFORT,COMPLETED,m7-1,46.715,"{'m1-1': 96.02, 'm2-1': 10.61, 'm3-1': 1.09, 'm4-1': 102.03, 'm5-1': 105.86, 'm6-1': 11.29, 'm7-1': 1.01, 'm8-1': 102.69}",1.5150000000000001,148.76999999999984,149.77999999999983,inf,196.715,196.715
322,T2,BESTEFFORT,COMPLETED,m3-1,46.845,"{'m1-1': 103.76, 'm2-1': 10.62, 'm3-1': 1.07, 'm4-1': 104.4, 'm5-1': 109.27, 'm6-1': 10.46, 'm7-1': 1.01, 'm8-1': 99.8}",1.605,149.31899999999993,150.38899999999992,inf,196.845,196.845
323,T4,BESTEFFORT,COMPLETED,m3-1,47.358,"{'m1-1': 105.44, 'm2-1': 9.76, 'm3-1': 0.94, 'm4-1': 103.96, 'm5-1': 111.38, 'm6-1': 10.01, 'm7-1': 1.17, 'm8-1': 93.58}",1.41,150.38899999999992,151.32899999999992,inf,197.358,197.358
324,T1,BESTEFFORT,COMPLETED,m7-1,47.488,"{'m1-1': 108.31, 'm2-1': 11.17, 'm3-1': 1.05, 'm4-1': 99.39, 'm5-1': 109.73, 'm6-1': 10.29, 'm7-1': 1.01, 'm8-1': 105.84}",1.5150000000000001,149.77999999999983,150.78999999999982,inf,197.488,197.488
325,T4,BESTEFFORT,COMPLETED,m7-1,47.52,"{'m1-1': 95.18, 'm2-1': 11.03, 'm3-1': 1.07, 'm4-1': 98.54, 'm5-1': 99.11, 'm6-1': 9.45, 'm7-1': 1.05, 'm8-1': 98.57}",1.5750000000000002,150.78999999999982,151.83999999999983,inf,197.52,197.52
326,T3,BESTEFFORT,COMPLETED,m3-1,47.754,"{'m1-1': 102.09, 'm2-1': 10.34, 'm3-1': 1.08, 'm4-1': 95.76, 'm5-1': 105.83, 'm6-1': 11.18, 'm7-1': 1.02, 'm8-1': 99.59}",1.62,151.32899999999992,152.40899999999993,inf,197.754,197.754
327,T1,BESTEFFORT,COMPLETED,m7-1,47.814,"{'m1-1': 112.27, 'm2-1': 11.17, 'm3-1': 0.95, 'm4-1': 99.75, 'm5-1': 101.95, 'm6-1': 10.26, 'm7-1': 1.12, 'm8-1': 112.52}",1.6800000000000002,151.83999999999983,152.95999999999984,inf,197.814,197.814
328,T2,BESTEFFORT,COMPLETED,m3-1,48.013,"{'m1-1': 101.12, 'm2-1': 10.64, 'm3-1': 1.06, 'm4-1': 99.06, 'm5-1': 109.19, 'm6-1': 11.41, 'm7-1': 1.0, 'm8-1': 117.03}",1.59,152.40899999999993,153.46899999999994,inf,198.013,198.013
329,T1,BESTEFFORT,COMPLETED,m6-1,48.089,"{'m1-1': 107.19, 'm2-1': 10.81, 'm3-1': 1.03, 'm4-1': 104.48, 'm5-1': 107.92, 'm6-1': 10.0, 'm7-1': 1.07, 'm8-1': 104.71}",15.0,145.81499999999997,155.81499999999997,inf,198.089,198.089
330,T3,BESTEFFORT,COMPLETED,m7-1,48.096,"{'m1-1': 99.04, 'm2-1': 10.67, 'm3-1': 1.03, 'm4-1': 97.82, 'm5-1': 106.95, 'm6-1': 11.58, 'm7-1': 1.09, 'm8-1': 93.24}",1.6350000000000002,152.95999999999984,154.04999999999984,inf,198.096,198.096
331,T2,BESTEFFORT,COMPLETED,m2-1,48.13,"{'m1-1': 104.71, 'm2-1': 10.66, 'm3-1': 1.05, 'm4-1': 115.96, 'm5-1': 104.14, 'm6-1': 11.37, 'm7-1': 1.09, 'm8-1': 103.37}",15.99,147.94299999999998,158.60299999999998,inf,198.13,198.13
332,T1,BESTEFFORT,COMPLETED,m3-1,48.2,"{'m1-1': 101.7, 'm2-1': 9.87, 'm3-1': 1.04, 'm4-1': 107.52, 'm5-1': 107.84, 'm6-1': 10.76, 'm7-1': 1.08, 'm8-1': 104.01}",1.56,153.46899999999994,154.50899999999993,inf,198.2,198.2
333,T2,BESTEFFORT,COMPLETED,m7-1,48.411,"{'m1-1': 98.14, 'm2-1': 9.37, 'm3-1': 0.96, 'm4-1': 101.74, 'm5-1': 99.62, 'm6-1': 10.75, 'm7-1': 1.03, 'm8-1': 114.23}",1.545,154.04999999999984,155.07999999999984,inf,198.411,198.411
334,T3,BESTEFFORT,COMPLETED,m3-1,48.503,"{'m1-1': 113.04, 'm2-1': 10.45, 'm3-1': 1.02, 'm4-1': 109.19, 'm5-1': 95.14, 'm6-1': 10.75, 'm7-1': 1.02, 'm8-1': 101.29}",1.53,154.50899999999993,155.52899999999994,inf,198.503,198.503
335,T4,BESTEFFORT,COMPLETED,m7-1,48.698,"{'m1-1': 94.51, 'm2-1': 9.43, 'm3-1': 0.95, 'm4-1': 105.38, 'm5-1': 101.54, 'm6-1': 9.41, 'm7-1': 1.14, 'm8-1': 104.76}",1.71,155.07999999999984,156.21999999999983,inf,198.698,198.698
336,T2,BESTEFFORT,COMPLETED,m3-1,48.7,"{'m1-1': 96.24, 'm2-1': 10.66, 'm3-1': 1.01, 'm4-1': 99.67, 'm5-1': 97.25, 'm6-1': 11.14, 'm7-1': 1.08, 'm8-1': 112.54}",1.5150000000000001,155.52899999999994,156.53899999999993,inf,198.7,198.7
337,T3,BESTEFFORT,COMPLETED,m3-1,48.9,"{'m1-1': 96.58, 'm2-1': 11.5, 'm3-1': 1.03, 'm4-1': 96.54, 'm5-1': 99.34, 'm6-1': 10.9, 'm7-1': 1.04, 'm8-1': 104.36}",1.545,156.53899999999993,157.56899999999993,inf,198.9,198.9
338,T3,BESTEFFORT,COMPLETED,m7-1,48.996,"{'m1-1': 99.47, 'm2-1': 10.58, 'm3-1': 1.14, 'm4-1': 95.53, 'm5-1': 109.42, 'm6-1': 10.02, 'm7-1': 0.96, 'm8-1': 98.21}",1.44,156.21999999999983,157.17999999999984,inf,198.996,198.996
339,T1,BESTEFFORT,COMPLETED,m3-1,49.147,"{'m1-1': 99.43, 'm2-1': 10.22, 'm3-1': 0.94, 'm4-1': 109.48, 'm5-1': 109.46, 'm6-1': 10.52, 'm7-1': 1.04, 'm8-1': 106.05}",1.41,157.56899999999993,158.50899999999993,inf,199.147,199.147
340,T2,BESTEFFORT,COMPLETED,m7-1,49.207,"{'m1-1': 102.59, 'm2-1': 9.8, 'm3-1': 0.99, 'm4-1': 114.71, 'm5-1': 102.84, 'm6-1': 11.41, 'm7-1': 0.95, 'm8-1': 102.49}",1.4249999999999998,157.17999999999984,158.12999999999982,inf,199.207,199.207
341,T4,BESTEFFORT,COMPLETED,m3-1,49.341,"{'m1-1': 93.35, 'm2-1': 10.96, 'm3-1': 0.95, 'm4-1': 105.91, 'm5-1': 105.14, 'm6-1': 10.57, 'm7-1': 1.13, 'm8-1': 105.36}",1.4249999999999998,158.50899999999993,159.45899999999992,inf,199.341,199.341
342,T3,BESTEFFORT,COMPLETED,m7-1,49.492,"{'m1-1': 107.44, 'm2-1': 10.98, 'm3-1': 1.03, 'm4-1': 106.32, 'm5-1': 103.37, 'm6-1': 11.04, 'm7-1': 0.99, 'm8-1': 92.75}",1.4849999999999999,158.12999999999982,159.11999999999983,inf,199.492,199.492
343,T4,BESTEFFORT,COMPLETED,m3-1,49.606,"{'m1-1': 102.7, 'm2-1': 10.76, 'm3-1': 1.06, 'm4-1': 108.32, 'm5-1': 114.44, 'm6-1': 10.64, 'm7-1': 1.04, 'm8-1': 99.53}",1.59,159.45899999999992,160.51899999999992,inf,199.606,199.606
344,T2,BESTEFFORT,COMPLETED,m7-1,49.636,"{'m1-1': 102.5, 'm2-1': 10.7, 'm3-1': 1.07, 'm4-1': 116.53, 'm5-1': 94.22, 'm6-1': 10.31, 'm7-1': 1.03, 'm8-1': 106.53}",1.545,159.11999999999983,160.14999999999984,inf,199.636,199.636
345,T4,BESTEFFORT,COMPLETED,m3-1,49.734,"{'m1-1': 96.71, 'm2-1': 9.65, 'm3-1': 0.98, 'm4-1': 105.21, 'm5-1': 114.17, 'm6-1': 10.01, 'm7-1': 1.11, 'm8-1': 105.02}",1.47,160.51899999999992,161.4989999999999,inf,199.734,199.734
346,T4,BESTEFFORT,COMPLETED,m7-1,49.926,"{'m1-1': 105.65, 'm2-1': 10.78, 'm3-1': 0.98, 'm4-1': 107.72, 'm5-1': 109.33, 'm6-1': 10.61, 'm7-1': 1.0, 'm8-1': 100.41}",1.5,160.14999999999984,161.14999999999984,inf,199.926,199.926
347,T3,BESTEFFORT,COMPLETED,m3-1,49.947,"{'m1-1': 109.91, 'm2-1': 10.41, 'm3-1': 1.02, 'm4-1': 95.39, 'm5-1': 105.9, 'm6-1': 10.1, 'm7-1': 1.04, 'm8-1': 99.38}",1.53,161.4989999999999,162.51899999999992,inf,199.947,199.947
348,T2,BESTEFFORT,COMPLETED,m7-1,50.088,"{'m1-1': 103.4, 'm2-1': 10.67, 'm3-1': 1.06, 'm4-1': 103.92, 'm5-1': 94.66, 'm6-1': 10.53, 'm7-1': 0.98, 'm8-1': 114.0}",1.47,161.14999999999984,162.12999999999982,inf,200.088,200.088
349,T1,BESTEFFORT,COMPLETED,m7-1,50.221,"{'m1-1': 101.61, 'm2-1': 9.89, 'm3-1': 1.05, 'm4-1': 95.13, 'm5-1': 97.79, 'm6-1': 10.57, 'm7-1': 1.05, 'm8-1': 119.09}",1.5750000000000002,162.12999999999982,163.17999999999984,inf,200.221,200.221
350,T2,BESTEFFORT,COMPLETED,m3-1,50.533,"{'m1-1': 108.29, 'm2-1': 9.43, 'm3-1': 1.02, 'm4-1': 112.22, 'm5-1': 100.92, 'm6-1': 10.89, 'm7-1': 1.03, 'm8-1': 107.13}",1.53,162.51899999999992,163.53899999999993,inf,200.53300000000002,200.53300000000002
351,T4,BESTEFFORT,COMPLETED,m2-1,51.008,"{'m1-1': 103.17, 'm2-1': 10.33, 'm3-1': 1.07, 'm4-1': 107.34, 'm5-1': 113.38, 'm6-1': 10.25, 'm7-1': 1.07, 'm8-1': 98.38}",15.495000000000001,158.60299999999998,168.933,inf,201.008,201.008
352,T1,BESTEFFORT,COMPLETED,m7-1,51.016,"{'m1-1': 111.46, 'm2-1': 10.35, 'm3-1': 0.92, 'm4-1': 94.97, 'm5-1': 99.29, 'm6-1': 11.1, 'm7-1': 1.07, 'm8-1': 110.56}",1.605,163.17999999999984,164.24999999999983,inf,201.016,201.016
353,T3,BESTEFFORT,COMPLETED,m3-1,51.245,"{'m1-1': 107.34, 'm2-1': 10.94, 'm3-1': 1.02, 'm4-1': 95.83, 'm5-1': 108.68, 'm6-1': 11.08, 'm7-1': 0.99, 'm8-1': 93.26}",1.53,163.53899999999993,164.55899999999994,inf,201.245,201.245
354,T3,BESTEFFORT,COMPLETED,m6-1,51.325,"{'m1-1': 98.52, 'm2-1': 11.66, 'm3-1': 1.02, 'm4-1': 109.4, 'm5-1': 103.96, 'm6-1': 11.24, 'm7-1': 0.95, 'm8-1': 95.08}",16.86,155.81499999999997,167.05499999999998,inf,201.325,201.325
355,T3,BESTEFFORT,COMPLETED,m7-1,51.361,"{'m1-1': 109.41, 'm2-1': 10.28, 'm3-1': 1.12, 'm4-1': 110.63, 'm5-1': 103.65, 'm6-1': 11.41, 'm7-1': 1.07, 'm8-1': 100.74}",1.605,164.24999999999983,165.31999999999982,inf,201.361,201.361
356,T3,BESTEFFORT,COMPLETED,m3-1,51.606,"{'m1-1': 109.65, 'm2-1': 11.0, 'm3-1': 1.09, 'm4-1': 104.84, 'm5-1': 103.49, 'm6-1': 10.44, 'm7-1': 1.0, 'm8-1': 104.92}",1.6350000000000002,164.55899999999994,165.64899999999994,inf,201.606,201.606
357,T2,BESTEFFORT,COMPLETED,m7-1,52.145,"{'m1-1': 104.98, 'm2-1': 9.87, 'm3-1': 0.97, 'm4-1': 101.62, 'm5-1': 102.41, 'm6-1': 10.89, 'm7-1': 1.0, 'm8-1': 111.44}",1.5,165.31999999999982,166.31999999999982,inf,202.145,202.145
358,T3,BESTEFFORT,COMPLETED,m3-1,52.227,"{'m1-1': 101.22, 'm2-1': 11.24, 'm3-1': 1.08, 'm4-1': 108.04, 'm5-1': 103.83, 'm6-1': 10.43, 'm7-1': 1.02, 'm8-1': 104.46}",1.62,165.64899999999994,166.72899999999996,inf,202.227,202.227
359,T1,BESTEFFORT,COMPLETED,m7-1,52.265,"{'m1-1': 104.68, 'm2-1': 10.23, 'm3-1': 0.95, 'm4-1': 106.21, 'm5-1': 102.52, 'm6-1': 11.16, 'm7-1': 1.04, 'm8-1': 107.58}",1.56,166.31999999999982,167.35999999999981,inf,202.265,202.265
360,T2,BESTEFFORT,COMPLETED,m3-1,52.314,"{'m1-1': 96.63, 'm2-1': 10.32, 'm3-1': 0.98, 'm4-1': 103.49, 'm5-1': 104.65, 'm6-1': 10.83, 'm7-1': 1.0, 'm8-1': 101.1}",1.47,166.72899999999996,167.70899999999995,inf,202.314,202.314
361,T2,BESTEFFORT,COMPLETED,m7-1,52.455,"{'m1-1': 100.46, 'm2-1': 9.19, 'm3-1': 1.09, 'm4-1': 110.23, 'm5-1': 94.33, 'm6-1': 10.69, 'm7-1': 0.95, 'm8-1': 103.92}",1.4249999999999998,167.35999999999981,168.3099999999998,inf,202.45499999999998,202.45499999999998
362,T3,BESTEFFORT,COMPLETED,m3-1,52.488,"{'m1-1': 108.82, 'm2-1': 9.93, 'm3-1': 1.05, 'm4-1': 103.4, 'm5-1': 97.87, 'm6-1': 11.44, 'm7-1': 0.95, 'm8-1': 101.64}",1.5750000000000002,167.70899999999995,168.75899999999996,inf,202.488,202.488
363,T3,BESTEFFORT,COMPLETED,m7-1,52.758,"{'m1-1': 106.36, 'm2-1': 10.65, 'm3-1': 0.99, 'm4-1': 95.29, 'm5-1': 105.9, 'm6-1': 11.19, 'm7-1': 1.06, 'm8-1': 103.61}",1.59,168.3099999999998,169.3699999999998,inf,202.758,202.758
364,T1,BESTEFFORT,COMPLETED,m3-1,52.892,"{'m1-1': 104.29, 'm2-1': 10.97, 'm3-1': 0.96, 'm4-1': 112.5, 'm5-1': 108.98, 'm6-1': 11.23, 'm7-1': 1.05, 'm8-1': 117.6}",1.44,168.75899999999996,169.71899999999997,inf,202.892,202.892
365,T3,BESTEFFORT,COMPLETED,m7-1,52.991,"{'m1-1': 109.45, 'm2-1': 11.57, 'm3-1': 1.1, 'm4-1': 93.94, 'm5-1': 109.47, 'm6-1': 11.18, 'm7-1': 1.03, 'm8-1': 98.97}",1.545,169.3699999999998,170.3999999999998,inf,202.99099999999999,202.99099999999999
366,T3,BESTEFFORT,COMPLETED,m3-1,53.103,"{'m1-1': 101.77, 'm2-1': 10.37, 'm3-1': 1.11, 'm4-1': 105.21, 'm5-1': 96.88, 'm6-1': 10.99, 'm7-1': 1.02, 'm8-1': 100.44}",1.665,169.71899999999997,170.82899999999998,inf,203.103,203.103
367,T3,BESTEFFORT,COMPLETED,m7-1,53.352,"{'m1-1': 99.26, 'm2-1': 11.19, 'm3-1': 1.1, 'm4-1': 109.17, 'm5-1': 95.33, 'm6-1': 11.8, 'm7-1': 0.95, 'm8-1': 92.79}",1.4249999999999998,170.3999999999998,171.3499999999998,inf,203.352,203.352
368,T4,BESTEFFORT,COMPLETED,m3-1,53.428,"{'m1-1': 102.75, 'm2-1': 10.68, 'm3-1': 0.98, 'm4-1': 94.32, 'm5-1': 108.04, 'm6-1': 9.35, 'm7-1': 1.01, 'm8-1': 100.66}",1.47,170.82899999999998,171.80899999999997,inf,203.428,203.428
369,T2,BESTEFFORT,COMPLETED,m7-1,53.47,"{'m1-1': 101.26, 'm2-1': 10.73, 'm3-1': 0.99, 'm4-1': 99.84, 'm5-1': 93.31, 'm6-1': 11.27, 'm7-1': 0.97, 'm8-1': 104.8}",1.455,171.3499999999998,172.3199999999998,inf,203.47,203.47
370,T1,BESTEFFORT,COMPLETED,m3-1,53.607,"{'m1-1': 98.37, 'm2-1': 11.15, 'm3-1': 1.01, 'm4-1': 98.31, 'm5-1': 102.54, 'm6-1': 11.18, 'm7-1': 1.06, 'm8-1': 100.62}",1.5150000000000001,171.80899999999997,172.81899999999996,inf,203.607,203.607
371,T2,BESTEFFORT,COMPLETED,m7-1,53.688,"{'m1-1': 100.33, 'm2-1': 9.51, 'm3-1': 1.1, 'm4-1': 115.97, 'm5-1': 106.92, 'm6-1': 10.51, 'm7-1': 1.0, 'm8-1': 114.6}",1.5,172.3199999999998,173.3199999999998,inf,203.688,203.688
372,T1,BESTEFFORT,COMPLETED,m6-1,53.735,"{'m1-1': 98.34, 'm2-1': 10.56, 'm3-1': 1.08, 'm4-1': 111.83, 'm5-1': 108.12, 'm6-1': 10.14, 'm7-1': 0.97, 'm8-1': 110.05}",15.21,167.05499999999998,177.195,inf,203.735,203.735
373,T3,BESTEFFORT,COMPLETED,m3-1,53.849,"{'m1-1': 103.46, 'm2-1': 11.18, 'm3-1': 1.1, 'm4-1': 97.16, 'm5-1': 99.1, 'm6-1': 11.53, 'm7-1': 1.01, 'm8-1': 101.91}",1.6500000000000001,172.81899999999996,173.91899999999995,inf,203.849,203.849
374,T4,BESTEFFORT,COMPLETED,m2-1,54.001,"{'m1-1': 94.11, 'm2-1': 11.12, 'm3-1': 0.96, 'm4-1': 100.14, 'm5-1': 111.93, 'm6-1': 10.98, 'm7-1': 1.04, 'm8-1': 98.17}",16.68,168.933,180.053,inf,204.001,204.001
375,T2,BESTEFFORT,COMPLETED,m7-1,54.363,"{'m1-1': 109.36, 'm2-1': 10.79, 'm3-1': 1.05, 'm4-1': 103.53, 'm5-1': 95.07, 'm6-1': 11.55, 'm7-1': 1.06, 'm8-1': 116.33}",1.59,173.3199999999998,174.3799999999998,inf,204.363,204.363
376,T3,BESTEFFORT,COMPLETED,m3-1,54.573,"{'m1-1': 104.26, 'm2-1': 11.64, 'm3-1': 1.13, 'm4-1': 99.96, 'm5-1': 107.46, 'm6-1': 10.1, 'm7-1': 1.1, 'm8-1': 107.39}",1.6949999999999998,173.91899999999995,175.04899999999995,inf,204.573,204.573
377,T1,BESTEFFORT,COMPLETED,m7-1,54.611,"{'m1-1': 108.72, 'm2-1': 10.9, 'm3-1': 1.0, 'm4-1': 95.36, 'm5-1': 96.71, 'm6-1': 10.77, 'm7-1': 0.98, 'm8-1': 104.59}",1.47,174.3799999999998,175.3599999999998,inf,204.611,204.611
378,T4,BESTEFFORT,COMPLETED,m3-1,54.817,"{'m1-1': 95.71, 'm2-1': 11.12, 'm3-1': 1.0, 'm4-1': 100.02, 'm5-1': 109.93, 'm6-1': 10.97, 'm7-1': 1.16, 'm8-1': 99.7}",1.5,175.04899999999995,176.04899999999995,inf,204.817,204.817
379,T1,BESTEFFORT,COMPLETED,m7-1,54.855,"{'m1-1': 103.23, 'm2-1': 10.52, 'm3-1': 1.0, 'm4-1': 96.71, 'm5-1': 99.41, 'm6-1': 10.5, 'm7-1': 0.97, 'm8-1': 101.64}",1.455,175.3599999999998,176.32999999999979,inf,204.855,204.855
380,T4,BESTEFFORT,COMPLETED,m3-1,55.031,"{'m1-1': 100.7, 'm2-1': 10.41, 'm3-1': 1.09, 'm4-1': 99.35, 'm5-1': 112.95, 'm6-1': 9.62, 'm7-1': 1.13, 'm8-1': 97.32}",1.6350000000000002,176.04899999999995,177.13899999999995,inf,205.031,205.031
381,T1,BESTEFFORT,COMPLETED,m7-1,55.201,"{'m1-1': 107.78, 'm2-1': 11.14, 'm3-1': 1.01, 'm4-1': 99.78, 'm5-1': 108.9, 'm6-1': 10.94, 'm7-1': 1.07, 'm8-1': 104.81}",1.605,176.32999999999979,177.39999999999978,inf,205.201,205.201
382,T1,BESTEFFORT,COMPLETED,m3-1,55.431,"{'m1-1': 95.31, 'm2-1': 10.13, 'm3-1': 1.02, 'm4-1': 109.34, 'm5-1': 93.44, 'm6-1': 10.44, 'm7-1': 1.1, 'm8-1': 105.11}",1.53,177.13899999999995,178.15899999999996,inf,205.43099999999998,205.43099999999998
383,T3,BESTEFFORT,COMPLETED,m7-1,55.566,"{'m1-1': 102.89, 'm2-1': 11.12, 'm3-1': 1.08, 'm4-1': 96.98, 'm5-1': 104.22, 'm6-1': 11.34, 'm7-1': 1.1, 'm8-1': 99.78}",1.6500000000000001,177.39999999999978,178.49999999999977,inf,205.566,205.566
384,T3,BESTEFFORT,COMPLETED,m3-1,55.818,"{'m1-1': 106.32, 'm2-1': 10.61, 'm3-1': 1.14, 'm4-1': 106.32, 'm5-1': 99.57, 'm6-1': 10.71, 'm7-1': 1.06, 'm8-1': 93.42}",1.71,178.15899999999996,179.29899999999995,inf,205.81799999999998,205.81799999999998
385,T2,BESTEFFORT,COMPLETED,m7-1,55.906,"{'m1-1': 110.2, 'm2-1': 10.76, 'm3-1': 1.06, 'm4-1': 115.83, 'm5-1': 109.37, 'm6-1': 11.47, 'm7-1': 1.07, 'm8-1': 114.14}",1.605,178.49999999999977,179.56999999999977,inf,205.906,205.906
386,T1,BESTEFFORT,COMPLETED,m3-1,55.935,"{'m1-1': 102.27, 'm2-1': 9.89, 'm3-1': 1.04, 'm4-1': 111.74, 'm5-1': 108.8, 'm6-1': 9.67, 'm7-1': 1.11, 'm8-1': 113.54}",1.56,179.29899999999995,180.33899999999994,inf,205.935,205.935
387,T2,BESTEFFORT,COMPLETED,m7-1,55.95,"{'m1-1': 104.86, 'm2-1': 9.91, 'm3-1': 1.06, 'm4-1': 99.06, 'm5-1': 105.96, 'm6-1': 11.29, 'm7-1': 1.02, 'm8-1': 118.1}",1.53,179.56999999999977,180.58999999999978,inf,205.95,205.95
388,T4,BESTEFFORT,COMPLETED,m3-1,56.098,"{'m1-1': 104.91, 'm2-1': 9.82, 'm3-1': 1.07, 'm4-1': 97.31, 'm5-1': 105.13, 'm6-1': 9.68, 'm7-1': 1.14, 'm8-1': 103.53}",1.605,180.33899999999994,181.40899999999993,inf,206.098,206.098
389,T4,BESTEFFORT,COMPLETED,m7-1,56.433,"{'m1-1': 92.48, 'm2-1': 11.03, 'm3-1': 0.94, 'm4-1': 109.33, 'm5-1': 105.33, 'm6-1': 10.6, 'm7-1': 1.09, 'm8-1': 93.58}",1.6350000000000002,180.58999999999978,181.67999999999978,inf,206.433,206.433
390,T4,BESTEFFORT,COMPLETED,m3-1,56.524,"{'m1-1': 97.58, 'm2-1': 10.51, 'm3-1': 0.94, 'm4-1': 95.96, 'm5-1': 105.67, 'm6-1': 10.46, 'm7-1': 1.06, 'm8-1': 104.77}",1.41,181.40899999999993,182.34899999999993,inf,206.524,206.524
391,T1,BESTEFFORT,COMPLETED,m7-1,56.58,"{'m1-1': 98.02, 'm2-1': 10.91, 'm3-1': 0.97, 'm4-1': 103.53, 'm5-1': 100.83, 'm6-1': 9.96, 'm7-1': 1.06, 'm8-1': 101.29}",1.59,181.67999999999978,182.73999999999978,inf,206.57999999999998,206.57999999999998
392,T3,BESTEFFORT,COMPLETED,m3-1,56.675,"{'m1-1': 102.6, 'm2-1': 10.74, 'm3-1': 1.14, 'm4-1': 94.11, 'm5-1': 96.26, 'm6-1': 11.22, 'm7-1': 0.95, 'm8-1': 105.94}",1.71,182.34899999999993,183.48899999999992,inf,206.675,206.675
393,T2,BESTEFFORT,COMPLETED,m7-1,56.863,"{'m1-1': 104.15, 'm2-1': 9.25, 'm3-1': 0.98, 'm4-1': 108.79, 'm5-1': 96.32, 'm6-1': 10.88, 'm7-1': 0.95, 'm8-1': 114.3}",1.4249999999999998,182.73999999999978,183.68999999999977,inf,206.863,206.863
394,T2,BESTEFFORT,COMPLETED,m3-1,56.885,"{'m1-1': 104.6, 'm2-1': 10.89, 'm3-1': 1.12, 'm4-1': 101.4, 'm5-1': 95.17, 'm6-1': 10.06, 'm7-1': 1.05, 'm8-1': 116.77}",1.6800000000000002,183.48899999999992,184.60899999999992,inf,206.885,206.885
395,T3,BESTEFFORT,COMPLETED,m7-1,56.916,"{'m1-1': 108.88, 'm2-1': 11.56, 'm3-1': 1.0, 'm4-1': 105.21, 'm5-1': 93.62, 'm6-1': 10.14, 'm7-1': 0.96, 'm8-1': 102.54}",1.44,183.68999999999977,184.64999999999978,inf,206.916,206.916
396,T3,BESTEFFORT,COMPLETED,m6-1,57.089,"{'m1-1': 110.6, 'm2-1': 11.24, 'm3-1': 1.11, 'm4-1': 102.68, 'm5-1': 103.88, 'm6-1': 10.48, 'm7-1': 0.99, 'm8-1': 103.15}",15.72,177.195,187.67499999999998,inf,207.089,207.089
397,T1,BESTEFFORT,COMPLETED,m2-1,57.094,"{'m1-1': 110.11, 'm2-1': 10.43, 'm3-1': 0.95, 'm4-1': 97.87, 'm5-1': 94.78, 'm6-1': 9.93, 'm7-1': 0.94, 'm8-1': 107.35}",15.645,180.053,190.483,inf,207.094,207.094
398,T4,BESTEFFORT,COMPLETED,m3-1,57.303,"{'m1-1': 93.0, 'm2-1': 10.62, 'm3-1': 1.07, 'm4-1': 96.0, 'm5-1': 115.03, 'm6-1': 9.66, 'm7-1': 1.1, 'm8-1': 104.99}",1.605,184.60899999999992,185.67899999999992,inf,207.303,207.303
399,T2,BESTEFFORT,COMPLETED,m7-1,57.311,"{'m1-1': 110.45, 'm2-1': 10.7, 'm3-1': 1.13, 'm4-1': 103.3, 'm5-1': 98.44, 'm6-1': 10.22, 'm7-1': 1.1, 'm8-1': 102.01}",1.6500000000000001,184.64999999999978,185.74999999999977,inf,207.311,207.311
400,T1,BESTEFFORT,COMPLETED,m3-1,57.324,"{'m1-1': 102.84, 'm2-1': 10.83, 'm3-1': 0.92, 'm4-1': 105.32, 'm5-1': 98.69, 'm6-1': 11.06, 'm7-1': 0.98, 'm8-1': 110.06}",1.3800000000000001,185.67899999999992,186.5989999999999,inf,207.324,207.324
401,T1,BESTEFFORT,COMPLETED,m7-1,57.472,"{'m1-1': 100.13, 'm2-1': 10.39, 'm3-1': 1.06, 'm4-1': 105.2, 'm5-1': 104.46, 'm6-1': 10.66, 'm7-1': 1.09, 'm8-1': 102.19}",1.6350000000000002,185.74999999999977,186.83999999999978,inf,207.472,207.472
402,T2,BESTEFFORT,COMPLETED,m7-1,57.658,"{'m1-1': 99.59, 'm2-1': 9.84, 'm3-1': 1.05, 'm4-1': 104.98, 'm5-1': 104.44, 'm6-1': 10.71, 'm7-1': 1.07, 'm8-1': 108.77}",1.605,186.83999999999978,187.90999999999977,inf,207.65800000000002,207.65800000000002
403,T3,BESTEFFORT,COMPLETED,m3-1,57.717,"{'m1-1': 109.55, 'm2-1': 11.34, 'm3-1': 1.08, 'm4-1': 99.29, 'm5-1': 93.31, 'm6-1': 11.32, 'm7-1': 1.03, 'm8-1': 95.84}",1.62,186.5989999999999,187.67899999999992,inf,207.71699999999998,207.71699999999998
404,T3,BESTEFFORT,COMPLETED,m7-1,58.034,"{'m1-1': 98.81, 'm2-1': 11.78, 'm3-1': 1.1, 'm4-1': 103.7, 'm5-1': 106.44, 'm6-1': 11.89, 'm7-1': 0.99, 'm8-1': 95.94}",1.4849999999999999,187.90999999999977,188.89999999999978,inf,208.034,208.034
405,T3,BESTEFFORT,COMPLETED,m3-1,58.087,"{'m1-1': 108.43, 'm2-1': 10.54, 'm3-1': 1.02, 'm4-1': 109.56, 'm5-1': 107.3, 'm6-1': 10.47, 'm7-1': 1.1, 'm8-1': 106.72}",1.53,187.67899999999992,188.69899999999993,inf,208.087,208.087
406,T4,BESTEFFORT,COMPLETED,m7-1,58.251,"{'m1-1': 95.06, 'm2-1': 11.07, 'm3-1': 1.05, 'm4-1': 101.39, 'm5-1': 102.22, 'm6-1': 10.37, 'm7-1': 1.15, 'm8-1': 102.81}",1.7249999999999999,188.89999999999978,190.04999999999978,inf,208.251,208.251
407,T2,BESTEFFORT,COMPLETED,m3-1,58.362,"{'m1-1': 102.04, 'm2-1': 10.89, 'm3-1': 0.99, 'm4-1': 100.7, 'm5-1': 107.59, 'm6-1': 10.36, 'm7-1': 1.08, 'm8-1': 110.21}",1.4849999999999999,188.69899999999993,189.68899999999994,inf,208.362,208.362
408,T1,BESTEFFORT,COMPLETED,m7-1,58.59,"{'m1-1': 101.29, 'm2-1': 10.19, 'm3-1': 1.05, 'm4-1': 98.52, 'm5-1': 99.93, 'm6-1': 9.57, 'm7-1': 1.1, 'm8-1': 108.81}",1.6500000000000001,190.04999999999978,191.14999999999978,inf,208.59,208.59
409,T3,BESTEFFORT,COMPLETED,m3-1,58.617,"{'m1-1': 107.62, 'm2-1': 11.14, 'm3-1': 1.03, 'm4-1': 95.29, 'm5-1': 101.47, 'm6-1': 11.05, 'm7-1': 1.06, 'm8-1': 98.85}",1.545,189.68899999999994,190.71899999999994,inf,208.617,208.617
410,T1,BESTEFFORT,COMPLETED,m7-1,58.806,"{'m1-1': 106.37, 'm2-1': 11.32, 'm3-1': 1.07, 'm4-1': 101.64, 'm5-1': 98.13, 'm6-1': 11.26, 'm7-1': 1.1, 'm8-1': 106.3}",1.6500000000000001,191.14999999999978,192.24999999999977,inf,208.80599999999998,208.80599999999998
411,T3,BESTEFFORT,COMPLETED,m3-1,58.816,"{'m1-1': 103.95, 'm2-1': 11.79, 'm3-1': 1.1, 'm4-1': 107.47, 'm5-1': 92.41, 'm6-1': 11.07, 'm7-1': 1.1, 'm8-1': 105.98}",1.6500000000000001,190.71899999999994,191.81899999999993,inf,208.816,208.816
412,T3,BESTEFFORT,COMPLETED,m7-1,58.967,"{'m1-1': 97.84, 'm2-1': 10.58, 'm3-1': 0.97, 'm4-1': 100.15, 'm5-1': 103.36, 'm6-1': 11.08, 'm7-1': 1.06, 'm8-1': 101.88}",1.59,192.24999999999977,193.30999999999977,inf,208.96699999999998,208.96699999999998
413,T3,BESTEFFORT,COMPLETED,m3-1,59.091,"{'m1-1': 103.08, 'm2-1': 11.61, 'm3-1': 1.0, 'm4-1': 109.19, 'm5-1': 104.22, 'm6-1': 10.86, 'm7-1': 0.97, 'm8-1': 100.6}",1.5,191.81899999999993,192.81899999999993,inf,209.091,209.091
414,T1,BESTEFFORT,COMPLETED,m7-1,59.152,"{'m1-1': 101.12, 'm2-1': 11.51, 'm3-1': 0.93, 'm4-1': 110.33, 'm5-1': 105.75, 'm6-1': 10.18, 'm7-1': 1.07, 'm8-1': 109.0}",1.605,193.30999999999977,194.37999999999977,inf,209.152,209.152
415,T1,BESTEFFORT,COMPLETED,m3-1,59.209,"{'m1-1': 107.78, 'm2-1': 9.94, 'm3-1': 0.94, 'm4-1': 109.0, 'm5-1': 96.37, 'm6-1': 9.62, 'm7-1': 1.06, 'm8-1': 103.06}",1.41,192.81899999999993,193.75899999999993,inf,209.209,209.209
416,T4,BESTEFFORT,COMPLETED,m7-1,59.235,"{'m1-1': 100.13, 'm2-1': 10.15, 'm3-1': 1.0, 'm4-1': 102.4, 'm5-1': 104.88, 'm6-1': 10.6, 'm7-1': 1.0, 'm8-1': 101.62}",1.5,194.37999999999977,195.37999999999977,inf,209.235,209.235
417,T2,BESTEFFORT,COMPLETED,m2-1,59.268,"{'m1-1': 112.06, 'm2-1': 10.73, 'm3-1': 0.98, 'm4-1': 106.6, 'm5-1': 101.97, 'm6-1': 10.01, 'm7-1': 0.98, 'm8-1': 111.41}",16.095,190.483,201.213,inf,209.268,209.268
418,T2,BESTEFFORT,COMPLETED,m3-1,59.297,"{'m1-1': 106.74, 'm2-1': 9.88, 'm3-1': 1.06, 'm4-1': 111.7, 'm5-1': 96.87, 'm6-1': 11.39, 'm7-1': 1.09, 'm8-1': 109.57}",1.59,193.75899999999993,194.81899999999993,inf,209.297,209.297
419,T2,BESTEFFORT,COMPLETED,m7-1,59.344,"{'m1-1': 98.35, 'm2-1': 9.58, 'm3-1': 1.02, 'm4-1': 109.91, 'm5-1': 100.09, 'm6-1': 11.41, 'm7-1': 0.96, 'm8-1': 107.49}",1.44,195.37999999999977,196.33999999999978,inf,209.344,209.344
420,T1,BESTEFFORT,COMPLETED,m6-1,59.424,"{'m1-1': 102.27, 'm2-1': 11.61, 'm3-1': 1.06, 'm4-1': 101.18, 'm5-1': 92.89, 'm6-1': 10.03, 'm7-1': 0.99, 'm8-1': 103.13}",15.044999999999998,187.67499999999998,197.70499999999998,inf,209.424,209.424
421,T1,BESTEFFORT,COMPLETED,m3-1,59.478,"{'m1-1': 110.85, 'm2-1': 9.98, 'm3-1': 1.01, 'm4-1': 103.78, 'm5-1': 97.94, 'm6-1': 10.46, 'm7-1': 1.02, 'm8-1': 118.33}",1.5150000000000001,194.81899999999993,195.82899999999992,inf,209.478,209.478
422,T1,BESTEFFORT,COMPLETED,m7-1,59.731,"{'m1-1': 106.61, 'm2-1': 10.41, 'm3-1': 0.94, 'm4-1': 97.06, 'm5-1': 107.78, 'm6-1': 10.58, 'm7-1': 1.1, 'm8-1': 116.76}",1.6500000000000001,196.33999999999978,197.43999999999977,inf,209.731,209.731
423,T2,BESTEFFORT,COMPLETED,m3-1,59.901,"{'m1-1': 97.85, 'm2-1': 10.6, 'm3-1': 1.06, 'm4-1': 101.34, 'm5-1': 94.66, 'm6-1': 10.14, 'm7-1': 1.03, 'm8-1': 112.47}",1.59,195.82899999999992,196.88899999999992,inf,209.901,209.901
424,T4,BESTEFFORT,COMPLETED,m7-1,60.211,"{'m1-1': 107.23, 'm2-1': 11.12, 'm3-1': 1.03, 'm4-1': 106.17, 'm5-1': 108.14, 'm6-1': 10.48, 'm7-1': 1.11, 'm8-1': 107.04}",1.665,197.43999999999977,198.54999999999978,inf,210.211,210.211
425,T4,BESTEFFORT,COMPLETED,m3-1,60.314,"{'m1-1': 104.5, 'm2-1': 11.11, 'm3-1': 1.01, 'm4-1': 97.38, 'm5-1': 115.54, 'm6-1': 10.53, 'm7-1': 1.16, 'm8-1': 98.06}",1.5150000000000001,196.88899999999992,197.89899999999992,inf,210.314,210.314
426,T1,BESTEFFORT,COMPLETED,m7-1,60.472,"{'m1-1': 110.63, 'm2-1': 11.42, 'm3-1': 0.97, 'm4-1': 111.3, 'm5-1': 101.84, 'm6-1': 10.14, 'm7-1': 0.97, 'm8-1': 113.67}",1.455,198.54999999999978,199.51999999999978,inf,210.472,210.472
427,T2,BESTEFFORT,COMPLETED,m3-1,60.648,"{'m1-1': 104.4, 'm2-1': 9.24, 'm3-1': 0.95, 'm4-1': 110.56, 'm5-1': 95.66, 'm6-1': 11.01, 'm7-1': 0.96, 'm8-1': 108.98}",1.4249999999999998,197.89899999999992,198.8489999999999,inf,210.648,210.648
428,T2,BESTEFFORT,COMPLETED,m7-1,60.747,"{'m1-1': 109.18, 'm2-1': 9.61, 'm3-1': 1.11, 'm4-1': 109.86, 'm5-1': 93.19, 'm6-1': 10.22, 'm7-1': 1.02, 'm8-1': 108.3}",1.53,199.51999999999978,200.5399999999998,inf,210.747,210.747
429,T2,BESTEFFORT,COMPLETED,m3-1,61.319,"{'m1-1': 99.97, 'm2-1': 10.11, 'm3-1': 0.97, 'm4-1': 107.06, 'm5-1': 105.51, 'm6-1': 10.23, 'm7-1': 1.07, 'm8-1': 104.22}",1.455,198.8489999999999,199.8189999999999,inf,211.31900000000002,211.31900000000002
430,T2,BESTEFFORT,COMPLETED,m7-1,61.417,"{'m1-1': 98.29, 'm2-1': 9.44, 'm3-1': 1.05, 'm4-1': 103.86, 'm5-1': 99.0, 'm6-1': 10.65, 'm7-1': 0.93, 'm8-1': 104.42}",1.395,200.5399999999998,201.4699999999998,inf,211.417,211.417
431,T4,BESTEFFORT,COMPLETED,m3-1,61.532,"{'m1-1': 98.79, 'm2-1': 10.46, 'm3-1': 0.94, 'm4-1': 99.95, 'm5-1': 105.68, 'm6-1': 10.28, 'm7-1': 1.02, 'm8-1': 108.18}",1.41,199.8189999999999,200.7589999999999,inf,211.53199999999998,211.53199999999998
432,T3,BESTEFFORT,COMPLETED,m7-1,61.54,"{'m1-1': 99.04, 'm2-1': 11.19, 'm3-1': 1.02, 'm4-1': 105.53, 'm5-1': 103.27, 'm6-1': 11.49, 'm7-1': 0.95, 'm8-1': 97.54}",1.4249999999999998,201.4699999999998,202.4199999999998,inf,211.54,211.54
433,T3,BESTEFFORT,COMPLETED,m3-1,61.6,"{'m1-1': 108.6, 'm2-1': 10.66, 'm3-1': 1.02, 'm4-1': 98.68, 'm5-1': 95.3, 'm6-1': 10.21, 'm7-1': 1.01, 'm8-1': 103.59}",1.53,200.7589999999999,201.7789999999999,inf,211.6,211.6
434,T2,BESTEFFORT,COMPLETED,m7-1,61.789,"{'m1-1': 98.2, 'm2-1': 10.42, 'm3-1': 1.09, 'm4-1': 115.5, 'm5-1': 94.24, 'm6-1': 11.6, 'm7-1': 1.04, 'm8-1': 107.07}",1.56,202.4199999999998,203.45999999999978,inf,211.789,211.789
435,T3,BESTEFFORT,COMPLETED,m3-1,61.916,"{'m1-1': 98.02, 'm2-1': 10.68, 'm3-1': 0.98, 'm4-1': 96.69, 'm5-1': 105.39, 'm6-1': 11.66, 'm7-1': 1.0, 'm8-1': 101.68}",1.47,201.7789999999999,202.7589999999999,inf,211.916,211.916
436,T3,BESTEFFORT,COMPLETED,m7-1,62.001,"{'m1-1': 98.39, 'm2-1': 11.06, 'm3-1': 1.14, 'm4-1': 94.06, 'm5-1': 99.32, 'm6-1': 10.54, 'm7-1': 1.04, 'm8-1': 101.32}",1.56,203.45999999999978,204.49999999999977,inf,212.001,212.001
437,T3,BESTEFFORT,COMPLETED,m3-1,62.028,"{'m1-1': 108.94, 'm2-1': 10.64, 'm3-1': 1.05, 'm4-1': 98.16, 'm5-1': 99.34, 'm6-1': 10.27, 'm7-1': 1.0, 'm8-1': 107.63}",1.5750000000000002,202.7589999999999,203.8089999999999,inf,212.028,212.028
438,T4,BESTEFFORT,COMPLETED,m7-1,62.484,"{'m1-1': 105.27, 'm2-1': 9.53, 'm3-1': 1.06, 'm4-1': 106.46, 'm5-1': 102.86, 'm6-1': 9.41, 'm7-1': 1.13, 'm8-1': 98.78}",1.6949999999999998,204.49999999999977,205.62999999999977,inf,212.484,212.484
439,T1,BESTEFFORT,COMPLETED,m3-1,62.661,"{'m1-1': 108.15, 'm2-1': 10.42, 'm3-1': 0.96, 'm4-1': 104.18, 'm5-1': 103.5, 'm6-1': 10.89, 'm7-1': 1.01, 'm8-1': 103.61}",1.44,203.8089999999999,204.76899999999992,inf,212.661,212.661
440,T1,BESTEFFORT,COMPLETED,m2-1,63.25,"{'m1-1': 107.8, 'm2-1': 11.21, 'm3-1': 0.99, 'm4-1': 105.72, 'm5-1': 96.14, 'm6-1': 9.99, 'm7-1': 0.94, 'm8-1': 111.46}",16.815,201.213,212.423,inf,213.25,213.25
441,T4,BESTEFFORT,COMPLETED,m6-1,63.357,"{'m1-1': 108.53, 'm2-1': 10.05, 'm3-1': 1.04, 'm4-1': 106.82, 'm5-1': 112.0, 'm6-1': 9.31, 'm7-1': 1.06, 'm8-1': 106.57}",13.965,197.70499999999998,207.015,inf,213.357,213.357
442,T1,BESTEFFORT,COMPLETED,m7-1,63.438,"{'m1-1': 111.6, 'm2-1': 10.26, 'm3-1': 0.94, 'm4-1': 103.93, 'm5-1': 104.66, 'm6-1': 11.04, 'm7-1': 0.95, 'm8-1': 118.97}",1.4249999999999998,205.62999999999977,206.57999999999976,inf,213.438,213.438
443,T4,BESTEFFORT,COMPLETED,m3-1,63.823,"{'m1-1': 101.94, 'm2-1': 9.44, 'm3-1': 1.06, 'm4-1': 109.69, 'm5-1': 105.28, 'm6-1': 10.66, 'm7-1': 1.04, 'm8-1': 100.41}",1.59,204.76899999999992,205.82899999999992,inf,213.823,213.823
444,T1,BESTEFFORT,COMPLETED,m7-1,64.08,"{'m1-1': 101.46, 'm2-1': 11.21, 'm3-1': 0.92, 'm4-1': 109.2, 'm5-1': 110.43, 'm6-1': 10.12, 'm7-1': 1.11, 'm8-1': 106.21}",1.665,206.57999999999976,207.68999999999977,inf,214.07999999999998,214.07999999999998
445,T2,BESTEFFORT,COMPLETED,m3-1,64.144,"{'m1-1': 104.58, 'm2-1': 10.66, 'm3-1': 1.1, 'm4-1': 102.86, 'm5-1': 93.15, 'm6-1': 10.82, 'm7-1': 0.98, 'm8-1': 108.25}",1.6500000000000001,205.82899999999992,206.92899999999992,inf,214.144,214.144
446,T4,BESTEFFORT,COMPLETED,m7-1,64.526,"{'m1-1': 108.28, 'm2-1': 9.89, 'm3-1': 1.0, 'm4-1': 111.81, 'm5-1': 115.2, 'm6-1': 9.84, 'm7-1': 1.13, 'm8-1': 108.3}",1.6949999999999998,207.68999999999977,208.81999999999977,inf,214.526,214.526
447,T1,BESTEFFORT,COMPLETED,m3-1,64.671,"{'m1-1': 104.73, 'm2-1': 10.49, 'm3-1': 1.05, 'm4-1': 109.65, 'm5-1': 95.08, 'm6-1': 9.56, 'm7-1': 1.08, 'm8-1': 118.5}",1.5750000000000002,206.92899999999992,207.97899999999993,inf,214.671,214.671
448,T2,BESTEFFORT,COMPLETED,m7-1,65.257,"{'m1-1': 108.82, 'm2-1': 10.17, 'm3-1': 0.97, 'm4-1': 99.0, 'm5-1': 106.76, 'm6-1': 10.35, 'm7-1': 0.97, 'm8-1': 112.6}",1.455,208.81999999999977,209.78999999999976,inf,215.257,215.257
449,T4,BESTEFFORT,COMPLETED,m3-1,65.367,"{'m1-1': 108.78, 'm2-1': 9.94, 'm3-1': 0.99, 'm4-1': 103.4, 'm5-1': 106.64, 'm6-1': 9.46, 'm7-1': 1.07, 'm8-1': 104.08}",1.4849999999999999,207.97899999999993,208.96899999999994,inf,215.36700000000002,215.36700000000002
450,T1,BESTEFFORT,COMPLETED,m7-1,65.719,"{'m1-1': 96.35, 'm2-1': 11.59, 'm3-1': 0.94, 'm4-1': 107.44, 'm5-1': 101.4, 'm6-1': 11.2, 'm7-1': 1.08, 'm8-1': 107.51}",1.62,209.78999999999976,210.86999999999978,inf,215.719,215.719
451,T2,BESTEFFORT,COMPLETED,m3-1,65.963,"{'m1-1': 96.52, 'm2-1': 10.54, 'm3-1': 1.1, 'm4-1': 100.23, 'm5-1': 104.51, 'm6-1': 10.86, 'm7-1': 1.01, 'm8-1': 116.92}",1.6500000000000001,208.96899999999994,210.06899999999993,inf,215.963,215.963
452,T1,BESTEFFORT,COMPLETED,m7-1,66.177,"{'m1-1': 103.78, 'm2-1': 9.93, 'm3-1': 0.93, 'm4-1': 98.87, 'm5-1': 97.14, 'm6-1': 11.23, 'm7-1': 0.98, 'm8-1': 110.21}",1.47,210.86999999999978,211.84999999999977,inf,216.17700000000002,216.17700000000002
453,T2,BESTEFFORT,COMPLETED,m3-1,66.336,"{'m1-1': 110.36, 'm2-1': 9.78, 'm3-1': 1.04, 'm4-1': 106.54, 'm5-1': 104.14, 'm6-1': 10.3, 'm7-1': 1.03, 'm8-1': 99.7}",1.56,210.06899999999993,211.10899999999992,inf,216.336,216.336
454,T4,BESTEFFORT,COMPLETED,m7-1,66.501,"{'m1-1': 109.11, 'm2-1': 11.11, 'm3-1': 0.97, 'm4-1': 94.74, 'm5-1': 116.47, 'm6-1': 9.57, 'm7-1': 1.0, 'm8-1': 105.87}",1.5,211.84999999999977,212.84999999999977,inf,216.501,216.501
455,T4,BESTEFFORT,COMPLETED,m3-1,66.548,"{'m1-1': 107.9, 'm2-1': 10.96, 'm3-1': 1.03, 'm4-1': 107.75, 'm5-1': 116.41, 'm6-1': 10.34, 'm7-1': 1.12, 'm8-1': 95.41}",1.545,211.10899999999992,212.13899999999992,inf,216.548,216.548
456,T4,BESTEFFORT,COMPLETED,m7-1,67.013,"{'m1-1': 106.99, 'm2-1': 10.04, 'm3-1': 1.04, 'm4-1': 95.17, 'm5-1': 104.99, 'm6-1': 10.22, 'm7-1': 1.0, 'm8-1': 106.56}",1.5,212.84999999999977,213.84999999999977,inf,217.013,217.013
457,T1,BESTEFFORT,COMPLETED,m3-1,67.629,"{'m1-1': 94.71, 'm2-1': 10.88, 'm3-1': 0.93, 'm4-1': 99.65, 'm5-1': 104.7, 'm6-1': 10.68, 'm7-1': 1.12, 'm8-1': 118.87}",1.395,212.13899999999992,213.06899999999993,inf,217.62900000000002,217.62900000000002
458,T4,BESTEFFORT,COMPLETED,m7-1,67.701,"{'m1-1': 95.18, 'm2-1': 10.94, 'm3-1': 0.98, 'm4-1': 98.21, 'm5-1': 101.14, 'm6-1': 9.95, 'm7-1': 1.02, 'm8-1': 101.35}",1.53,213.84999999999977,214.86999999999978,inf,217.701,217.701
459,T4,BESTEFFORT,COMPLETED,m3-1,67.761,"{'m1-1': 102.34, 'm2-1': 10.4, 'm3-1': 1.04, 'm4-1': 99.97, 'm5-1': 102.81, 'm6-1': 9.9, 'm7-1': 1.08, 'm8-1': 97.11}",1.56,213.06899999999993,214.10899999999992,inf,217.761,217.761
460,T2,BESTEFFORT,COMPLETED,m6-1,67.828,"{'m1-1': 107.86, 'm2-1': 10.4, 'm3-1': 1.1, 'm4-1': 98.22, 'm5-1': 100.59, 'm6-1': 10.13, 'm7-1': 1.05, 'm8-1': 104.45}",15.195,207.015,217.14499999999998,inf,217.828,217.828
461,T1,BESTEFFORT,COMPLETED,m7-1,67.951,"{'m1-1': 95.92, 'm2-1': 10.48, 'm3-1': 1.08, 'm4-1': 108.63, 'm5-1': 100.13, 'm6-1': 9.9, 'm7-1': 1.06, 'm8-1': 115.41}",1.59,214.86999999999978,215.92999999999978,inf,217.951,217.951
462,T1,BESTEFFORT,COMPLETED,m3-1,68.154,"{'m1-1': 108.52, 'm2-1': 11.62, 'm3-1': 1.07, 'm4-1': 103.42, 'm5-1': 107.79, 'm6-1': 9.75, 'm7-1': 0.98, 'm8-1': 105.8}",1.605,214.10899999999992,215.17899999999992,inf,218.154,218.154
463,T4,BESTEFFORT,MISSED,m2-1,68.548,"{'m1-1': 98.2, 'm2-1': 10.42, 'm3-1': 0.97, 'm4-1': 102.47, 'm5-1': 99.28, 'm6-1': 9.94, 'm7-1': 1.14, 'm8-1': 105.12}",9.1875,212.423,inf,218.548,218.548,218.548
464,T1,BESTEFFORT,COMPLETED,m7-1,68.593,"{'m1-1': 103.46, 'm2-1': 11.13, 'm3-1': 0.96, 'm4-1': 110.78, 'm5-1': 102.63, 'm6-1': 9.64, 'm7-1': 0.99, 'm8-1': 108.55}",1.4849999999999999,215.92999999999978,216.9199999999998,inf,218.59300000000002,218.59300000000002
465,T2,BESTEFFORT,COMPLETED,m3-1,68.619,"{'m1-1': 101.72, 'm2-1': 10.8, 'm3-1': 1.1, 'm4-1': 106.28, 'm5-1': 106.22, 'm6-1': 11.59, 'm7-1': 0.95, 'm8-1': 113.1}",1.6500000000000001,215.17899999999992,216.2789999999999,inf,218.619,218.619
466,T2,BESTEFFORT,COMPLETED,m7-1,68.62,"{'m1-1': 111.66, 'm2-1': 9.37, 'm3-1': 1.06, 'm4-1': 112.66, 'm5-1': 96.79, 'm6-1': 11.37, 'm7-1': 1.08, 'm8-1': 118.26}",1.62,216.9199999999998,217.9999999999998,inf,218.62,218.62
467,T4,BESTEFFORT,COMPLETED,m3-1,69.104,"{'m1-1': 109.4, 'm2-1': 10.17, 'm3-1': 1.08, 'm4-1': 94.74, 'm5-1': 112.08, 'm6-1': 10.44, 'm7-1': 1.1, 'm8-1': 98.88}",1.62,216.2789999999999,217.35899999999992,inf,219.10399999999998,219.10399999999998
468,T4,BESTEFFORT,COMPLETED,m7-1,69.114,"{'m1-1': 103.04, 'm2-1': 9.54, 'm3-1': 0.95, 'm4-1': 110.1, 'm5-1': 112.35, 'm6-1': 10.07, 'm7-1': 1.11, 'm8-1': 99.4}",1.665,217.9999999999998,219.10999999999981,inf,219.114,219.114
469,T2,BESTEFFORT,COMPLETED,m3-1,69.291,"{'m1-1': 101.04, 'm2-1': 10.12, 'm3-1': 1.1, 'm4-1': 99.63, 'm5-1': 109.53, 'm6-1': 10.07, 'm7-1': 1.06, 'm8-1': 111.46}",1.6500000000000001,217.35899999999992,218.45899999999992,inf,219.291,219.291
470,T2,BESTEFFORT,MISSED,m7-1,69.809,"{'m1-1': 103.4, 'm2-1': 10.54, 'm3-1': 1.13, 'm4-1': 115.83, 'm5-1': 96.39, 'm6-1': 11.37, 'm7-1': 1.09, 'm8-1': 106.01}",1.0485000000002742,219.10999999999981,inf,219.809,219.809,219.809
471,T4,BESTEFFORT,COMPLETED,m3-1,70.009,"{'m1-1': 103.18, 'm2-1': 10.47, 'm3-1': 0.95, 'm4-1': 98.05, 'm5-1': 113.44, 'm6-1': 9.78, 'm7-1': 1.05, 'm8-1': 92.81}",1.4249999999999998,218.45899999999992,219.4089999999999,inf,220.00900000000001,220.00900000000001
472,T1,BESTEFFORT,MISSED,m3-1,70.127,"{'m1-1': 103.06, 'm2-1': 11.3, 'm3-1': 0.99, 'm4-1': 107.97, 'm5-1': 97.83, 'm6-1': 9.63, 'm7-1': 1.05, 'm8-1': 115.22}",1.0770000000001545,219.4089999999999,inf,220.127,220.127,220.127
473,T2,BESTEFFORT,MISSED,m7-1,70.201,"{'m1-1': 107.86, 'm2-1': 9.22, 'm3-1': 0.99, 'm4-1': 113.52, 'm5-1': 98.23, 'm6-1': 11.57, 'm7-1': 1.07, 'm8-1': 109.18}",0.5879999999999939,219.809,inf,220.201,220.201,220.201
474,T2,BESTEFFORT,MISSED,m7-1,70.544,"{'m1-1': 102.65, 'm2-1': 10.42, 'm3-1': 0.98, 'm4-1': 98.2, 'm5-1': 93.86, 'm6-1': 10.47, 'm7-1': 0.97, 'm8-1': 113.86}",0.514499999999984,220.201,inf,220.54399999999998,220.54399999999998,220.54399999999998
475,T4,BESTEFFORT,MISSED,m3-1,70.657,"{'m1-1': 101.86, 'm2-1': 9.92, 'm3-1': 0.95, 'm4-1': 99.06, 'm5-1': 106.3, 'm6-1': 10.81, 'm7-1': 1.16, 'm8-1': 99.43}",0.7949999999999591,220.127,inf,220.65699999999998,220.65699999999998,220.65699999999998
476,T2,BESTEFFORT,MISSED,m7-1,70.815,"{'m1-1': 97.92, 'm2-1': 10.26, 'm3-1': 0.99, 'm4-1': 107.32, 'm5-1': 104.88, 'm6-1': 11.5, 'm7-1': 0.98, 'm8-1': 102.46}",0.4065000000000225,220.54399999999998,inf,220.815,220.815,220.815
477,T1,BESTEFFORT,MISSED,m3-1,70.899,"{'m1-1': 106.24, 'm2-1': 10.74, 'm3-1': 0.98, 'm4-1': 105.97, 'm5-1': 109.37, 'm6-1': 11.19, 'm7-1': 1.1, 'm8-1': 110.45}",0.36300000000002797,220.65699999999998,inf,220.899,220.899,220.899
478,T4,BESTEFFORT,MISSED,m7-1,70.962,"{'m1-1': 99.11, 'm2-1': 9.56, 'm3-1': 1.08, 'm4-1': 101.81, 'm5-1': 100.22, 'm6-1': 9.86, 'm7-1': 1.07, 'm8-1': 94.89}",0.22049999999998704,220.815,inf,220.962,220.962,220.962
479,T2,BESTEFFORT,MISSED,m7-1,71.016,"{'m1-1': 110.11, 'm2-1': 9.58, 'm3-1': 1.06, 'm4-1': 100.68, 'm5-1': 105.19, 'm6-1': 10.1, 'm7-1': 1.08, 'm8-1': 110.46}",0.0810000000000457,220.962,inf,221.01600000000002,221.01600000000002,221.01600000000002
480,T1,BESTEFFORT,MISSED,m3-1,71.308,"{'m1-1': 96.45, 'm2-1': 10.13, 'm3-1': 0.96, 'm4-1': 95.06, 'm5-1': 105.62, 'm6-1': 9.76, 'm7-1': 1.11, 'm8-1': 114.92}",0.6134999999999877,220.899,inf,221.308,221.308,221.308
481,T1,BESTEFFORT,MISSED,m7-1,71.721,"{'m1-1': 94.56, 'm2-1': 9.84, 'm3-1': 1.08, 'm4-1': 102.11, 'm5-1': 93.36, 'm6-1': 10.55, 'm7-1': 0.98, 'm8-1': 108.02}",1.0574999999999761,221.01600000000002,inf,221.721,221.721,221.721
482,T2,BESTEFFORT,MISSED,m3-1,71.903,"{'m1-1': 103.56, 'm2-1': 10.79, 'm3-1': 1.1, 'm4-1': 99.72, 'm5-1': 107.8, 'm6-1': 11.24, 'm7-1': 1.03, 'm8-1': 110.54}",0.8925000000000409,221.308,inf,221.90300000000002,221.90300000000002,221.90300000000002
483,T2,BESTEFFORT,MISSED,m7-1,72.658,"{'m1-1': 104.02, 'm2-1': 9.99, 'm3-1': 1.02, 'm4-1': 98.02, 'm5-1': 99.54, 'm6-1': 10.76, 'm7-1': 1.03, 'm8-1': 101.34}",1.4055000000000177,221.721,inf,222.65800000000002,222.65800000000002,222.65800000000002
484,T4,BESTEFFORT,COMPLETED,m3-1,73.325,"{'m1-1': 97.04, 'm2-1': 10.16, 'm3-1': 0.96, 'm4-1': 95.3, 'm5-1': 103.63, 'm6-1': 10.47, 'm7-1': 1.16, 'm8-1': 95.81}",1.44,221.90300000000002,222.86300000000003,inf,223.325,223.325
485,T4,BESTEFFORT,MISSED,m7-1,73.449,"{'m1-1': 105.1, 'm2-1': 10.72, 'm3-1': 1.01, 'm4-1': 103.21, 'm5-1': 103.87, 'm6-1': 10.12, 'm7-1': 1.09, 'm8-1': 98.32}",1.1864999999999952,222.65800000000002,inf,223.449,223.449,223.449
486,T4,BESTEFFORT,MISSED,m3-1,73.658,"{'m1-1': 104.84, 'm2-1': 10.37, 'm3-1': 0.94, 'm4-1': 110.35, 'm5-1': 103.17, 'm6-1': 10.81, 'm7-1': 1.11, 'm8-1': 107.54}",1.1924999999999812,222.86300000000003,inf,223.65800000000002,223.65800000000002,223.65800000000002
487,T4,BESTEFFORT,MISSED,m6-1,74.037,"{'m1-1': 104.84, 'm2-1': 10.99, 'm3-1': 1.04, 'm4-1': 110.43, 'm5-1': 106.79, 'm6-1': 10.51, 'm7-1': 1.0, 'm8-1': 101.37}",10.338000000000036,217.14499999999998,inf,224.037,224.037,224.037
488,T4,BESTEFFORT,COMPLETED,m7-1,75.175,"{'m1-1': 99.54, 'm2-1': 9.99, 'm3-1': 1.09, 'm4-1': 96.99, 'm5-1': 113.71, 'm6-1': 10.02, 'm7-1': 1.01, 'm8-1': 92.48}",1.5150000000000001,223.449,224.459,inf,225.175,225.175
489,T4,BESTEFFORT,COMPLETED,m3-1,75.307,"{'m1-1': 104.18, 'm2-1': 9.46, 'm3-1': 1.09, 'm4-1': 96.44, 'm5-1': 104.74, 'm6-1': 9.74, 'm7-1': 1.17, 'm8-1': 95.4}",1.6350000000000002,223.65800000000002,224.74800000000002,inf,225.30700000000002,225.30700000000002
490,T4,BESTEFFORT,MISSED,m2-1,75.4,"{'m1-1': 94.98, 'm2-1': 10.91, 'm3-1': 1.09, 'm4-1': 97.94, 'm5-1': 105.75, 'm6-1': 10.02, 'm7-1': 1.06, 'm8-1': 106.39}",10.278000000000006,218.548,inf,225.4,225.4,225.4
491,T4,BESTEFFORT,COMPLETED,m7-1,76.19,"{'m1-1': 100.54, 'm2-1': 9.76, 'm3-1': 0.95, 'm4-1': 99.31, 'm5-1': 109.05, 'm6-1': 10.38, 'm7-1': 1.06, 'm8-1': 96.3}",1.59,224.459,225.519,inf,226.19,226.19
492,T4,BESTEFFORT,COMPLETED,m3-1,77.179,"{'m1-1': 98.62, 'm2-1': 10.65, 'm3-1': 0.93, 'm4-1': 109.41, 'm5-1': 99.57, 'm6-1': 10.73, 'm7-1': 1.12, 'm8-1': 104.38}",1.395,224.74800000000002,225.67800000000003,inf,227.179,227.179
493,T4,BESTEFFORT,COMPLETED,m7-1,77.452,"{'m1-1': 100.43, 'm2-1': 10.96, 'm3-1': 0.95, 'm4-1': 105.28, 'm5-1': 100.21, 'm6-1': 9.29, 'm7-1': 1.07, 'm8-1': 95.19}",1.605,225.519,226.589,inf,227.452,227.452
494,T4,BESTEFFORT,COMPLETED,m3-1,78.392,"{'m1-1': 107.0, 'm2-1': 10.26, 'm3-1': 0.94, 'm4-1': 108.36, 'm5-1': 98.78, 'm6-1': 9.72, 'm7-1': 1.12, 'm8-1': 101.0}",1.41,225.67800000000003,226.61800000000002,inf,228.392,228.392
495,T4,BESTEFFORT,COMPLETED,m3-1,78.568,"{'m1-1': 103.17, 'm2-1': 10.51, 'm3-1': 0.95, 'm4-1': 95.89, 'm5-1': 113.71, 'm6-1': 10.68, 'm7-1': 1.0, 'm8-1': 108.37}",1.4249999999999998,226.61800000000002,227.568,inf,228.56799999999998,228.56799999999998
496,T4,BESTEFFORT,COMPLETED,m7-1,78.989,"{'m1-1': 107.94, 'm2-1': 10.89, 'm3-1': 1.08, 'm4-1': 102.66, 'm5-1': 98.89, 'm6-1': 10.86, 'm7-1': 1.08, 'm8-1': 97.39}",1.62,226.589,227.669,inf,228.989,228.989
497,T4,BESTEFFORT,COMPLETED,m3-1,79.514,"{'m1-1': 97.19, 'm2-1': 9.62, 'm3-1': 1.04, 'm4-1': 106.18, 'm5-1': 109.79, 'm6-1': 9.93, 'm7-1': 1.08, 'm8-1': 104.23}",1.56,227.568,228.608,inf,229.514,229.514
498,T4,BESTEFFORT,COMPLETED,m7-1,80.488,"{'m1-1': 97.45, 'm2-1': 9.75, 'm3-1': 1.02, 'm4-1': 106.04, 'm5-1': 110.88, 'm6-1': 10.03, 'm7-1': 1.04, 'm8-1': 94.54}",1.56,227.669,228.709,inf,230.488,230.488
499,T4,BESTEFFORT,COMPLETED,m3-1,80.781,"{'m1-1': 96.96, 'm2-1': 10.47, 'm3-1': 0.95, 'm4-1': 99.95, 'm5-1': 102.35, 'm6-1': 9.99, 'm7-1': 1.09, 'm8-1': 97.91}",1.4249999999999998,228.608,229.558,inf,230.781,230.781
