id,type,urgency,status,assigned_machine,arrival_time,execution_time,energy_usage,start_time,completion_time,missed_time,deadline,extended_deadline
0,T3,BESTEFFORT,COMPLETED,m7-1,0.034,"{'m1-1': 156.16, 'm2-1': 101.33, 'm3-1': 10.5, 'm4-1': 10.27, 'm5-1': 155.52, 'm6-1': 151.02, 'm7-1': 1.1, 'm8-1': 28.9}",1.6500000000000001,0.034,1.1340000000000001,inf,110.034,110.034
1,T8,BESTEFFORT,COMPLETED,m7-1,0.244,"{'m1-1': 176.16, 'm2-1': 99.83, 'm3-1': 11.06, 'm4-1': 9.67, 'm5-1': 161.53, 'm6-1': 166.4, 'm7-1': 1.01, 'm8-1': 27.96}",1.5150000000000001,1.1340000000000001,2.144,inf,110.244,110.244
2,T9,BESTEFFORT,COMPLETED,m7-1,0.454,"{'m1-1': 144.54, 'm2-1': 116.0, 'm3-1': 9.76, 'm4-1': 11.13, 'm5-1': 165.07, 'm6-1': 168.11, 'm7-1': 1.1, 'm8-1': 28.21}",1.6500000000000001,2.144,3.244,inf,110.454,110.454
3,T2,BESTEFFORT,COMPLETED,m7-1,0.469,"{'m1-1': 172.38, 'm2-1': 108.16, 'm3-1': 9.64, 'm4-1': 10.51, 'm5-1': 145.41, 'm6-1': 162.65, 'm7-1': 1.16, 'm8-1': 25.16}",1.7399999999999998,3.244,4.404,inf,110.469,110.469
4,T3,BESTEFFORT,COMPLETED,m7-1,0.706,"{'m1-1': 174.32, 'm2-1': 102.78, 'm3-1': 10.04, 'm4-1': 11.32, 'm5-1': 159.75, 'm6-1': 163.97, 'm7-1': 1.05, 'm8-1': 28.99}",1.5750000000000002,4.404,5.454,inf,110.706,110.706
5,T8,BESTEFFORT,COMPLETED,m7-1,0.787,"{'m1-1': 153.34, 'm2-1': 106.36, 'm3-1': 10.92, 'm4-1': 9.34, 'm5-1': 154.04, 'm6-1': 169.93, 'm7-1': 1.03, 'm8-1': 24.59}",1.545,5.454,6.484,inf,110.787,110.787
6,T7,BESTEFFORT,COMPLETED,m7-1,1.154,"{'m1-1': 151.33, 'm2-1': 101.82, 'm3-1': 10.76, 'm4-1': 9.82, 'm5-1': 152.01, 'm6-1': 149.77, 'm7-1': 1.05, 'm8-1': 25.14}",1.5750000000000002,6.484,7.534,inf,111.154,111.154
7,T7,BESTEFFORT,COMPLETED,m7-1,1.211,"{'m1-1': 169.11, 'm2-1': 103.42, 'm3-1': 10.79, 'm4-1': 10.43, 'm5-1': 165.72, 'm6-1': 151.31, 'm7-1': 0.96, 'm8-1': 26.06}",1.44,7.534,8.494,inf,111.211,111.211
8,T8,BESTEFFORT,COMPLETED,m7-1,1.322,"{'m1-1': 170.87, 'm2-1': 97.11, 'm3-1': 10.02, 'm4-1': 9.47, 'm5-1': 172.93, 'm6-1': 161.66, 'm7-1': 1.02, 'm8-1': 24.3}",1.53,8.494,9.514,inf,111.322,111.322
9,T8,BESTEFFORT,COMPLETED,m7-1,1.508,"{'m1-1': 165.24, 'm2-1': 101.09, 'm3-1': 9.68, 'm4-1': 10.49, 'm5-1': 153.9, 'm6-1': 167.48, 'm7-1': 0.98, 'm8-1': 25.4}",1.47,9.514,10.494,inf,111.508,111.508
10,T5,BESTEFFORT,COMPLETED,m7-1,1.518,"{'m1-1': 165.65, 'm2-1': 115.3, 'm3-1': 9.83, 'm4-1': 10.64, 'm5-1': 145.36, 'm6-1': 145.18, 'm7-1': 1.07, 'm8-1': 27.41}",1.605,10.494,11.564,inf,111.518,111.518
11,T1,BESTEFFORT,COMPLETED,m7-1,1.958,"{'m1-1': 161.59, 'm2-1': 104.51, 'm3-1': 10.73, 'm4-1': 11.43, 'm5-1': 164.84, 'm6-1': 162.37, 'm7-1': 1.02, 'm8-1': 26.34}",1.53,11.564,12.584,inf,111.958,111.958
12,T5,BESTEFFORT,COMPLETED,m7-1,1.998,"{'m1-1': 164.31, 'm2-1': 112.65, 'm3-1': 10.73, 'm4-1': 11.03, 'm5-1': 138.11, 'm6-1': 145.94, 'm7-1': 0.99, 'm8-1': 23.67}",1.4849999999999999,12.584,13.574,inf,111.998,111.998
13,T10,BESTEFFORT,COMPLETED,m7-1,2.011,"{'m1-1': 169.08, 'm2-1': 99.17, 'm3-1': 10.97, 'm4-1': 10.91, 'm5-1': 158.86, 'm6-1': 170.25, 'm7-1': 1.02, 'm8-1': 26.73}",1.53,13.574,14.594,inf,112.011,112.011
14,T6,BESTEFFORT,COMPLETED,m7-1,2.092,"{'m1-1': 170.49, 'm2-1': 101.13, 'm3-1': 9.9, 'm4-1': 10.5, 'm5-1': 146.96, 'm6-1': 151.08, 'm7-1': 1.11, 'm8-1': 25.92}",1.665,14.594,15.703999999999999,inf,112.092,112.092
15,T6,BESTEFFORT,COMPLETED,m7-1,2.157,"{'m1-1': 154.17, 'm2-1': 93.95, 'm3-1': 10.89, 'm4-1': 10.74, 'm5-1': 148.48, 'm6-1': 152.21, 'm7-1': 1.12, 'm8-1': 25.63}",1.6800000000000002,15.703999999999999,16.823999999999998,inf,112.157,112.157
16,T4,BESTEFFORT,COMPLETED,m7-1,2.171,"{'m1-1': 156.7, 'm2-1': 107.61, 'm3-1': 9.86, 'm4-1': 10.59, 'm5-1': 151.01, 'm6-1': 142.38, 'm7-1': 1.18, 'm8-1': 26.0}",1.77,16.823999999999998,18.003999999999998,inf,112.171,112.171
17,T7,BESTEFFORT,COMPLETED,m7-1,2.254,"{'m1-1': 159.91, 'm2-1': 96.54, 'm3-1': 11.55, 'm4-1': 10.25, 'm5-1': 170.66, 'm6-1': 150.45, 'm7-1': 1.05, 'm8-1': 26.97}",1.5750000000000002,18.003999999999998,19.054,inf,112.254,112.254
18,T6,BESTEFFORT,COMPLETED,m7-1,2.285,"{'m1-1': 166.34, 'm2-1': 110.45, 'm3-1': 11.47, 'm4-1': 11.77, 'm5-1': 161.53, 'm6-1': 170.48, 'm7-1': 1.09, 'm8-1': 26.29}",1.6350000000000002,19.054,20.144,inf,112.285,112.285
19,T1,BESTEFFORT,COMPLETED,m7-1,2.425,"{'m1-1': 149.17, 'm2-1': 111.45, 'm3-1': 9.78, 'm4-1': 10.89, 'm5-1': 142.64, 'm6-1': 156.6, 'm7-1': 1.01, 'm8-1': 26.84}",1.5150000000000001,20.144,21.154,inf,112.425,112.425
20,T3,BESTEFFORT,COMPLETED,m7-1,2.577,"{'m1-1': 161.0, 'm2-1': 106.89, 'm3-1': 10.37, 'm4-1': 10.41, 'm5-1': 150.99, 'm6-1': 159.48, 'm7-1': 0.96, 'm8-1': 25.35}",1.44,21.154,22.114,inf,112.577,112.577
21,T9,BESTEFFORT,COMPLETED,m7-1,3.039,"{'m1-1': 144.63, 'm2-1': 109.02, 'm3-1': 10.18, 'm4-1': 11.1, 'm5-1': 152.3, 'm6-1': 170.19, 'm7-1': 1.13, 'm8-1': 29.33}",1.6949999999999998,22.114,23.244,inf,113.039,113.039
22,T9,BESTEFFORT,COMPLETED,m7-1,3.105,"{'m1-1': 157.99, 'm2-1': 103.83, 'm3-1': 9.58, 'm4-1': 11.25, 'm5-1': 171.53, 'm6-1': 163.86, 'm7-1': 1.16, 'm8-1': 26.14}",1.7399999999999998,23.244,24.404,inf,113.105,113.105
23,T3,BESTEFFORT,COMPLETED,m7-1,3.107,"{'m1-1': 161.01, 'm2-1': 98.1, 'm3-1': 10.1, 'm4-1': 11.05, 'm5-1': 148.26, 'm6-1': 148.66, 'm7-1': 0.96, 'm8-1': 24.56}",1.44,24.404,25.364,inf,113.107,113.107
24,T7,BESTEFFORT,COMPLETED,m7-1,3.121,"{'m1-1': 154.79, 'm2-1': 105.28, 'm3-1': 11.64, 'm4-1': 10.65, 'm5-1': 161.84, 'm6-1': 156.28, 'm7-1': 1.02, 'm8-1': 25.49}",1.53,25.364,26.384,inf,113.121,113.121
25,T1,BESTEFFORT,COMPLETED,m7-1,3.235,"{'m1-1': 167.77, 'm2-1': 111.96, 'm3-1': 10.58, 'm4-1': 10.74, 'm5-1': 148.42, 'm6-1': 158.68, 'm7-1': 0.99, 'm8-1': 25.66}",1.4849999999999999,26.384,27.374,inf,113.235,113.235
26,T2,BESTEFFORT,COMPLETED,m7-1,3.479,"{'m1-1': 153.41, 'm2-1': 102.07, 'm3-1': 9.68, 'm4-1': 9.94, 'm5-1': 160.89, 'm6-1': 150.5, 'm7-1': 1.18, 'm8-1': 25.49}",1.77,27.374,28.554,inf,113.479,113.479
27,T8,BESTEFFORT,COMPLETED,m7-1,3.519,"{'m1-1': 175.86, 'm2-1': 95.54, 'm3-1': 10.75, 'm4-1': 10.15, 'm5-1': 155.33, 'm6-1': 158.76, 'm7-1': 1.02, 'm8-1': 26.02}",1.53,28.554,29.573999999999998,inf,113.519,113.519
28,T7,BESTEFFORT,COMPLETED,m7-1,3.531,"{'m1-1': 145.65, 'm2-1': 95.74, 'm3-1': 11.42, 'm4-1': 9.62, 'm5-1': 151.14, 'm6-1': 149.9, 'm7-1': 0.97, 'm8-1': 26.25}",1.455,29.573999999999998,30.543999999999997,inf,113.531,113.531
29,T7,BESTEFFORT,COMPLETED,m7-1,3.645,"{'m1-1': 162.85, 'm2-1': 109.65, 'm3-1': 10.23, 'm4-1': 9.66, 'm5-1': 170.32, 'm6-1': 169.33, 'm7-1': 1.1, 'm8-1': 28.28}",1.6500000000000001,30.543999999999997,31.644,inf,113.645,113.645
30,T4,BESTEFFORT,COMPLETED,m7-1,3.724,"{'m1-1': 156.44, 'm2-1': 97.68, 'm3-1': 9.59, 'm4-1': 9.61, 'm5-1': 150.17, 'm6-1': 156.05, 'm7-1': 1.14, 'm8-1': 27.55}",1.71,31.644,32.784,inf,113.724,113.724
31,T5,BESTEFFORT,COMPLETED,m7-1,3.762,"{'m1-1': 152.73, 'm2-1': 109.63, 'm3-1': 11.22, 'm4-1': 11.13, 'm5-1': 141.93, 'm6-1': 147.23, 'm7-1': 0.94, 'm8-1': 25.37}",1.41,32.784,33.724,inf,113.762,113.762
32,T6,BESTEFFORT,COMPLETED,m7-1,3.834,"{'m1-1': 172.17, 'm2-1': 101.41, 'm3-1': 10.47, 'm4-1': 10.21, 'm5-1': 143.08, 'm6-1': 145.78, 'm7-1': 1.02, 'm8-1': 25.96}",1.53,33.724,34.744,inf,113.834,113.834
33,T3,BESTEFFORT,COMPLETED,m7-1,4.105,"{'m1-1': 163.42, 'm2-1': 108.65, 'm3-1': 10.38, 'm4-1': 10.3, 'm5-1': 158.22, 'm6-1': 147.38, 'm7-1': 0.99, 'm8-1': 25.56}",1.4849999999999999,34.744,35.734,inf,114.105,114.105
34,T4,BESTEFFORT,COMPLETED,m7-1,4.277,"{'m1-1': 152.8, 'm2-1': 95.76, 'm3-1': 9.72, 'm4-1': 9.44, 'm5-1': 148.81, 'm6-1': 147.13, 'm7-1': 1.01, 'm8-1': 25.43}",1.5150000000000001,35.734,36.744,inf,114.277,114.277
35,T3,BESTEFFORT,COMPLETED,m7-1,4.449,"{'m1-1': 154.34, 'm2-1': 106.77, 'm3-1': 9.81, 'm4-1': 11.09, 'm5-1': 144.2, 'm6-1': 158.17, 'm7-1': 1.03, 'm8-1': 26.17}",1.545,36.744,37.774,inf,114.449,114.449
36,T8,BESTEFFORT,COMPLETED,m7-1,4.489,"{'m1-1': 158.66, 'm2-1': 98.96, 'm3-1': 11.13, 'm4-1': 10.03, 'm5-1': 171.16, 'm6-1': 158.19, 'm7-1': 1.07, 'm8-1': 27.52}",1.605,37.774,38.844,inf,114.489,114.489
37,T7,BESTEFFORT,COMPLETED,m7-1,4.628,"{'m1-1': 165.84, 'm2-1': 94.28, 'm3-1': 11.77, 'm4-1': 10.37, 'm5-1': 161.64, 'm6-1': 151.6, 'm7-1': 0.99, 'm8-1': 26.04}",1.4849999999999999,38.844,39.834,inf,114.628,114.628
38,T2,BESTEFFORT,COMPLETED,m7-1,4.796,"{'m1-1': 174.41, 'm2-1': 94.13, 'm3-1': 10.39, 'm4-1': 11.23, 'm5-1': 143.29, 'm6-1': 177.75, 'm7-1': 1.19, 'm8-1': 26.71}",1.785,39.834,41.024,inf,114.796,114.796
39,T4,BESTEFFORT,COMPLETED,m7-1,4.929,"{'m1-1': 153.67, 'm2-1': 101.32, 'm3-1': 10.3, 'm4-1': 9.88, 'm5-1': 142.18, 'm6-1': 142.16, 'm7-1': 1.01, 'm8-1': 27.32}",1.5150000000000001,42.174,43.184,inf,114.929,114.929
40,T4,BESTEFFORT,COMPLETED,m7-1,4.929,"{'m1-1': 142.86, 'm2-1': 109.32, 'm3-1': 11.14, 'm4-1': 10.27, 'm5-1': 158.4, 'm6-1': 153.72, 'm7-1': 1.15, 'm8-1': 26.33}",1.7249999999999999,41.024,42.174,inf,114.929,114.929
41,T8,BESTEFFORT,COMPLETED,m7-1,5.062,"{'m1-1': 164.76, 'm2-1': 108.69, 'm3-1': 11.41, 'm4-1': 10.14, 'm5-1': 170.67, 'm6-1': 150.28, 'm7-1': 0.95, 'm8-1': 25.34}",1.4249999999999998,43.184,44.134,inf,115.062,115.062
42,T10,BESTEFFORT,COMPLETED,m7-1,5.145,"{'m1-1': 163.61, 'm2-1': 103.33, 'm3-1': 10.25, 'm4-1': 10.9, 'm5-1': 155.38, 'm6-1': 159.19, 'm7-1': 1.06, 'm8-1': 26.01}",1.59,44.134,45.194,inf,115.145,115.145
43,T3,BESTEFFORT,COMPLETED,m7-1,5.232,"{'m1-1': 169.28, 'm2-1': 103.29, 'm3-1': 10.03, 'm4-1': 10.34, 'm5-1': 151.6, 'm6-1': 172.34, 'm7-1': 1.07, 'm8-1': 27.28}",1.605,45.194,46.264,inf,115.232,115.232
44,T5,BESTEFFORT,COMPLETED,m7-1,5.284,"{'m1-1': 163.48, 'm2-1': 101.39, 'm3-1': 10.55, 'm4-1': 10.49, 'm5-1': 156.72, 'm6-1': 154.08, 'm7-1': 0.99, 'm8-1': 27.71}",1.4849999999999999,46.264,47.254000000000005,inf,115.284,115.284
45,T3,BESTEFFORT,COMPLETED,m7-1,5.491,"{'m1-1': 151.93, 'm2-1': 112.95, 'm3-1': 9.57, 'm4-1': 10.61, 'm5-1': 153.5, 'm6-1': 155.96, 'm7-1': 1.05, 'm8-1': 26.99}",1.5750000000000002,47.254000000000005,48.304,inf,115.491,115.491
46,T2,BESTEFFORT,COMPLETED,m7-1,5.709,"{'m1-1': 172.9, 'm2-1': 106.1, 'm3-1': 10.16, 'm4-1': 11.09, 'm5-1': 153.36, 'm6-1': 151.85, 'm7-1': 1.07, 'm8-1': 26.64}",1.605,48.304,49.374,inf,115.709,115.709
47,T3,BESTEFFORT,COMPLETED,m7-1,5.766,"{'m1-1': 167.32, 'm2-1': 112.74, 'm3-1': 11.14, 'm4-1': 10.46, 'm5-1': 169.04, 'm6-1': 156.95, 'm7-1': 1.1, 'm8-1': 28.94}",1.6500000000000001,49.374,50.474000000000004,inf,115.766,115.766
48,T2,BESTEFFORT,COMPLETED,m7-1,5.879,"{'m1-1': 152.03, 'm2-1': 109.83, 'm3-1': 9.86, 'm4-1': 9.99, 'm5-1': 150.0, 'm6-1': 157.18, 'm7-1': 1.12, 'm8-1': 27.1}",1.6800000000000002,50.474000000000004,51.594,inf,115.879,115.879
49,T2,BESTEFFORT,COMPLETED,m7-1,6.048,"{'m1-1': 178.27, 'm2-1': 111.08, 'm3-1': 9.59, 'm4-1': 11.42, 'm5-1': 157.76, 'm6-1': 172.45, 'm7-1': 1.04, 'm8-1': 27.75}",1.56,51.594,52.634,inf,116.048,116.048
50,T2,BESTEFFORT,COMPLETED,m7-1,6.108,"{'m1-1': 171.93, 'm2-1': 103.77, 'm3-1': 10.81, 'm4-1': 11.39, 'm5-1': 152.13, 'm6-1': 160.36, 'm7-1': 1.13, 'm8-1': 25.7}",1.6949999999999998,52.634,53.764,inf,116.108,116.108
51,T8,BESTEFFORT,COMPLETED,m7-1,6.215,"{'m1-1': 168.24, 'm2-1': 96.25, 'm3-1': 10.43, 'm4-1': 10.85, 'm5-1': 169.0, 'm6-1': 144.26, 'm7-1': 1.08, 'm8-1': 26.68}",1.62,53.764,54.844,inf,116.215,116.215
52,T8,BESTEFFORT,COMPLETED,m7-1,6.278,"{'m1-1': 169.86, 'm2-1': 93.58, 'm3-1': 11.32, 'm4-1': 11.05, 'm5-1': 149.52, 'm6-1': 151.68, 'm7-1': 1.0, 'm8-1': 28.01}",1.5,54.844,55.844,inf,116.278,116.278
53,T1,BESTEFFORT,COMPLETED,m7-1,6.35,"{'m1-1': 161.34, 'm2-1': 101.48, 'm3-1': 10.37, 'm4-1': 9.66, 'm5-1': 150.87, 'm6-1': 157.63, 'm7-1': 1.12, 'm8-1': 27.67}",1.6800000000000002,55.844,56.964,inf,116.35,116.35
54,T7,BESTEFFORT,COMPLETED,m7-1,6.46,"{'m1-1': 152.01, 'm2-1': 100.57, 'm3-1': 11.54, 'm4-1': 10.23, 'm5-1': 149.5, 'm6-1': 149.06, 'm7-1': 1.05, 'm8-1': 28.45}",1.5750000000000002,56.964,58.013999999999996,inf,116.46,116.46
55,T10,BESTEFFORT,COMPLETED,m7-1,6.492,"{'m1-1': 152.62, 'm2-1': 102.25, 'm3-1': 9.27, 'm4-1': 11.34, 'm5-1': 142.12, 'm6-1': 149.99, 'm7-1': 1.01, 'm8-1': 24.11}",1.5150000000000001,58.013999999999996,59.023999999999994,inf,116.492,116.492
56,T7,BESTEFFORT,COMPLETED,m7-1,6.634,"{'m1-1': 145.48, 'm2-1': 103.24, 'm3-1': 10.14, 'm4-1': 9.7, 'm5-1': 151.9, 'm6-1': 157.28, 'm7-1': 1.05, 'm8-1': 29.43}",1.5750000000000002,59.023999999999994,60.07399999999999,inf,116.634,116.634
57,T7,BESTEFFORT,COMPLETED,m7-1,6.7,"{'m1-1': 152.04, 'm2-1': 107.15, 'm3-1': 10.86, 'm4-1': 9.93, 'm5-1': 167.33, 'm6-1': 145.76, 'm7-1': 0.94, 'm8-1': 26.75}",1.41,60.07399999999999,61.01399999999999,inf,116.7,116.7
58,T7,BESTEFFORT,COMPLETED,m7-1,6.846,"{'m1-1': 143.46, 'm2-1': 94.69, 'm3-1': 10.73, 'm4-1': 10.43, 'm5-1': 167.35, 'm6-1': 148.28, 'm7-1': 0.98, 'm8-1': 26.48}",1.47,61.01399999999999,61.993999999999986,inf,116.846,116.846
59,T4,BESTEFFORT,COMPLETED,m7-1,6.87,"{'m1-1': 164.86, 'm2-1': 97.16, 'm3-1': 10.51, 'm4-1': 9.77, 'm5-1': 156.22, 'm6-1': 147.6, 'm7-1': 1.12, 'm8-1': 27.4}",1.6800000000000002,61.993999999999986,63.11399999999998,inf,116.87,116.87
60,T5,BESTEFFORT,COMPLETED,m7-1,6.901,"{'m1-1': 168.76, 'm2-1': 112.02, 'm3-1': 9.89, 'm4-1': 9.96, 'm5-1': 138.68, 'm6-1': 169.91, 'm7-1': 0.94, 'm8-1': 26.8}",1.41,63.11399999999998,64.05399999999999,inf,116.901,116.901
61,T4,BESTEFFORT,COMPLETED,m7-1,7.306,"{'m1-1': 159.23, 'm2-1': 109.71, 'm3-1': 10.55, 'm4-1': 9.59, 'm5-1': 158.86, 'm6-1': 156.65, 'm7-1': 1.02, 'm8-1': 26.1}",1.53,64.05399999999999,65.07399999999998,inf,117.306,117.306
62,T5,BESTEFFORT,COMPLETED,m7-1,7.343,"{'m1-1': 154.36, 'm2-1': 113.96, 'm3-1': 9.95, 'm4-1': 10.27, 'm5-1': 158.1, 'm6-1': 151.62, 'm7-1': 0.98, 'm8-1': 25.08}",1.47,65.07399999999998,66.05399999999999,inf,117.343,117.343
63,T9,BESTEFFORT,COMPLETED,m7-1,7.617,"{'m1-1': 138.96, 'm2-1': 117.19, 'm3-1': 10.33, 'm4-1': 10.01, 'm5-1': 155.15, 'm6-1': 152.47, 'm7-1': 1.0, 'm8-1': 28.37}",1.5,66.05399999999999,67.05399999999999,inf,117.617,117.617
64,T6,BESTEFFORT,COMPLETED,m7-1,7.624,"{'m1-1': 154.12, 'm2-1': 96.8, 'm3-1': 10.73, 'm4-1': 10.25, 'm5-1': 142.22, 'm6-1': 166.65, 'm7-1': 1.04, 'm8-1': 26.45}",1.56,67.05399999999999,68.094,inf,117.624,117.624
65,T1,BESTEFFORT,COMPLETED,m7-1,7.685,"{'m1-1': 159.72, 'm2-1': 105.03, 'm3-1': 9.92, 'm4-1': 11.18, 'm5-1': 157.04, 'm6-1': 153.97, 'm7-1': 1.04, 'm8-1': 24.9}",1.56,68.094,69.134,inf,117.685,117.685
66,T10,BESTEFFORT,COMPLETED,m7-1,7.857,"{'m1-1': 146.45, 'm2-1': 94.8, 'm3-1': 10.15, 'm4-1': 10.61, 'm5-1': 161.33, 'm6-1': 162.73, 'm7-1': 1.1, 'm8-1': 28.07}",1.6500000000000001,69.134,70.234,inf,117.857,117.857
67,T6,BESTEFFORT,COMPLETED,m7-1,7.941,"{'m1-1': 159.11, 'm2-1': 109.26, 'm3-1': 10.26, 'm4-1': 10.25, 'm5-1': 146.77, 'm6-1': 145.18, 'm7-1': 1.14, 'm8-1': 26.74}",1.71,70.234,71.374,inf,117.941,117.941
68,T4,BESTEFFORT,COMPLETED,m7-1,7.973,"{'m1-1': 154.8, 'm2-1': 105.92, 'm3-1': 9.79, 'm4-1': 9.84, 'm5-1': 152.44, 'm6-1': 141.29, 'm7-1': 1.18, 'm8-1': 26.53}",1.77,71.374,72.554,inf,117.973,117.973
69,T2,BESTEFFORT,COMPLETED,m7-1,8.119,"{'m1-1': 175.49, 'm2-1': 106.95, 'm3-1': 9.86, 'm4-1': 10.35, 'm5-1': 149.51, 'm6-1': 165.96, 'm7-1': 1.19, 'm8-1': 26.37}",1.785,72.554,73.744,inf,118.119,118.119
70,T4,BESTEFFORT,COMPLETED,m7-1,8.555,"{'m1-1': 149.46, 'm2-1': 105.11, 'm3-1': 10.82, 'm4-1': 10.04, 'm5-1': 142.81, 'm6-1': 146.13, 'm7-1': 1.07, 'm8-1': 25.36}",1.605,73.744,74.814,inf,118.555,118.555
71,T9,BESTEFFORT,COMPLETED,m7-1,8.652,"{'m1-1': 164.24, 'm2-1': 108.92, 'm3-1': 10.24, 'm4-1': 11.48, 'm5-1': 160.16, 'm6-1': 156.99, 'm7-1': 1.07, 'm8-1': 25.94}",1.605,74.814,75.88399999999999,inf,118.652,118.652
72,T3,BESTEFFORT,COMPLETED,m7-1,8.833,"{'m1-1': 160.67, 'm2-1': 98.22, 'm3-1': 9.56, 'm4-1': 10.55, 'm5-1': 163.17, 'm6-1': 161.6, 'm7-1': 0.95, 'm8-1': 25.63}",1.4249999999999998,75.88399999999999,76.83399999999999,inf,118.833,118.833
73,T8,BESTEFFORT,COMPLETED,m7-1,8.899,"{'m1-1': 154.83, 'm2-1': 108.16, 'm3-1': 10.72, 'm4-1': 10.33, 'm5-1': 150.23, 'm6-1': 152.71, 'm7-1': 0.99, 'm8-1': 26.62}",1.4849999999999999,76.83399999999999,77.82399999999998,inf,118.899,118.899
74,T8,BESTEFFORT,COMPLETED,m7-1,9.024,"{'m1-1': 175.02, 'm2-1': 95.21, 'm3-1': 11.39, 'm4-1': 9.68, 'm5-1': 156.24, 'm6-1': 170.02, 'm7-1': 1.02, 'm8-1': 27.92}",1.53,77.82399999999998,78.84399999999998,inf,119.024,119.024
75,T2,BESTEFFORT,COMPLETED,m7-1,9.038,"{'m1-1': 172.69, 'm2-1': 97.2, 'm3-1': 10.16, 'm4-1': 9.69, 'm5-1': 168.63, 'm6-1': 154.43, 'm7-1': 1.06, 'm8-1': 25.93}",1.59,78.84399999999998,79.90399999999998,inf,119.038,119.038
76,T1,BESTEFFORT,COMPLETED,m7-1,9.379,"{'m1-1': 152.23, 'm2-1': 103.9, 'm3-1': 11.43, 'm4-1': 9.72, 'm5-1': 149.26, 'm6-1': 155.36, 'm7-1': 1.09, 'm8-1': 27.78}",1.6350000000000002,79.90399999999998,80.99399999999999,inf,119.379,119.379
77,T1,BESTEFFORT,COMPLETED,m7-1,9.485,"{'m1-1': 161.5, 'm2-1': 111.32, 'm3-1': 10.79, 'm4-1': 11.14, 'm5-1': 145.96, 'm6-1': 160.47, 'm7-1': 1.08, 'm8-1': 26.24}",1.62,80.99399999999999,82.07399999999998,inf,119.485,119.485
78,T9,BESTEFFORT,COMPLETED,m7-1,9.688,"{'m1-1': 145.05, 'm2-1': 103.2, 'm3-1': 10.79, 'm4-1': 10.73, 'm5-1': 172.27, 'm6-1': 160.5, 'm7-1': 1.1, 'm8-1': 26.42}",1.6500000000000001,82.07399999999998,83.17399999999998,inf,119.688,119.688
79,T7,BESTEFFORT,COMPLETED,m7-1,9.787,"{'m1-1': 146.0, 'm2-1': 104.96, 'm3-1': 11.67, 'm4-1': 11.02, 'm5-1': 163.06, 'm6-1': 162.25, 'm7-1': 0.95, 'm8-1': 27.51}",1.4249999999999998,83.17399999999998,84.12399999999998,inf,119.787,119.787
80,T3,BESTEFFORT,COMPLETED,m7-1,9.871,"{'m1-1': 171.92, 'm2-1': 106.52, 'm3-1': 10.7, 'm4-1': 10.81, 'm5-1': 162.8, 'm6-1': 170.01, 'm7-1': 1.06, 'm8-1': 28.54}",1.59,84.12399999999998,85.18399999999998,inf,119.871,119.871
81,T3,BESTEFFORT,COMPLETED,m7-1,9.889,"{'m1-1': 149.18, 'm2-1': 108.1, 'm3-1': 10.42, 'm4-1': 10.61, 'm5-1': 165.96, 'm6-1': 160.82, 'm7-1': 0.93, 'm8-1': 27.94}",1.395,85.18399999999998,86.11399999999999,inf,119.889,119.889
82,T6,BESTEFFORT,COMPLETED,m7-1,10.015,"{'m1-1': 159.28, 'm2-1': 93.53, 'm3-1': 11.3, 'm4-1': 9.99, 'm5-1': 151.47, 'm6-1': 160.98, 'm7-1': 1.07, 'm8-1': 28.3}",1.605,86.11399999999999,87.18399999999998,inf,120.015,120.015
83,T8,BESTEFFORT,COMPLETED,m7-1,10.111,"{'m1-1': 158.74, 'm2-1': 98.22, 'm3-1': 10.67, 'm4-1': 9.78, 'm5-1': 165.67, 'm6-1': 161.3, 'm7-1': 0.93, 'm8-1': 24.77}",1.395,87.18399999999998,88.11399999999999,inf,120.111,120.111
84,T7,BESTEFFORT,COMPLETED,m7-1,10.12,"{'m1-1': 149.96, 'm2-1': 103.79, 'm3-1': 11.51, 'm4-1': 11.16, 'm5-1': 163.08, 'm6-1': 162.39, 'm7-1': 1.03, 'm8-1': 28.12}",1.545,88.11399999999999,89.14399999999999,inf,120.12,120.12
85,T2,BESTEFFORT,COMPLETED,m7-1,10.27,"{'m1-1': 170.25, 'm2-1': 104.4, 'm3-1': 10.42, 'm4-1': 11.45, 'm5-1': 165.1, 'm6-1': 158.28, 'm7-1': 1.06, 'm8-1': 24.19}",1.59,89.14399999999999,90.204,inf,120.27,120.27
86,T10,BESTEFFORT,COMPLETED,m7-1,10.274,"{'m1-1': 169.08, 'm2-1': 98.59, 'm3-1': 10.62, 'm4-1': 10.98, 'm5-1': 153.5, 'm6-1': 168.15, 'm7-1': 1.1, 'm8-1': 27.48}",1.6500000000000001,91.184,92.28399999999999,inf,120.274,120.274
87,T7,BESTEFFORT,COMPLETED,m7-1,10.274,"{'m1-1': 166.22, 'm2-1': 99.9, 'm3-1': 11.65, 'm4-1': 11.09, 'm5-1': 150.73, 'm6-1': 158.42, 'm7-1': 0.98, 'm8-1': 25.25}",1.47,90.204,91.184,inf,120.274,120.274
88,T2,BESTEFFORT,COMPLETED,m7-1,10.291,"{'m1-1': 175.26, 'm2-1': 94.13, 'm3-1': 9.57, 'm4-1': 11.15, 'm5-1': 168.41, 'm6-1': 164.08, 'm7-1': 1.16, 'm8-1': 27.34}",1.7399999999999998,92.28399999999999,93.44399999999999,inf,120.291,120.291
89,T10,BESTEFFORT,COMPLETED,m7-1,10.434,"{'m1-1': 157.4, 'm2-1': 105.43, 'm3-1': 9.52, 'm4-1': 10.78, 'm5-1': 153.06, 'm6-1': 148.24, 'm7-1': 1.01, 'm8-1': 28.12}",1.5150000000000001,93.44399999999999,94.454,inf,120.434,120.434
90,T10,BESTEFFORT,COMPLETED,m7-1,10.561,"{'m1-1': 163.61, 'm2-1': 96.38, 'm3-1': 9.39, 'm4-1': 9.86, 'm5-1': 152.24, 'm6-1': 154.46, 'm7-1': 1.08, 'm8-1': 25.97}",1.62,94.454,95.53399999999999,inf,120.561,120.561
91,T8,BESTEFFORT,COMPLETED,m7-1,10.602,"{'m1-1': 150.73, 'm2-1': 93.99, 'm3-1': 10.89, 'm4-1': 9.81, 'm5-1': 162.7, 'm6-1': 154.81, 'm7-1': 1.02, 'm8-1': 28.21}",1.53,95.53399999999999,96.55399999999999,inf,120.602,120.602
92,T5,BESTEFFORT,COMPLETED,m7-1,10.616,"{'m1-1': 154.93, 'm2-1': 100.53, 'm3-1': 10.01, 'm4-1': 10.23, 'm5-1': 146.68, 'm6-1': 155.95, 'm7-1': 1.06, 'm8-1': 24.94}",1.59,96.55399999999999,97.61399999999999,inf,120.616,120.616
93,T6,BESTEFFORT,COMPLETED,m7-1,10.629,"{'m1-1': 165.6, 'm2-1': 104.01, 'm3-1': 11.41, 'm4-1': 11.65, 'm5-1': 155.31, 'm6-1': 151.4, 'm7-1': 1.14, 'm8-1': 26.69}",1.71,97.61399999999999,98.75399999999999,inf,120.629,120.629
94,T7,BESTEFFORT,COMPLETED,m7-1,11.022,"{'m1-1': 161.55, 'm2-1': 95.66, 'm3-1': 10.81, 'm4-1': 10.1, 'm5-1': 154.64, 'm6-1': 165.89, 'm7-1': 0.95, 'm8-1': 25.79}",1.4249999999999998,98.75399999999999,99.704,inf,121.022,121.022
95,T5,BESTEFFORT,COMPLETED,m7-1,11.057,"{'m1-1': 176.95, 'm2-1': 106.66, 'm3-1': 11.08, 'm4-1': 11.19, 'm5-1': 151.1, 'm6-1': 165.9, 'm7-1': 0.99, 'm8-1': 27.3}",1.4849999999999999,99.704,100.69399999999999,inf,121.057,121.057
96,T9,BESTEFFORT,COMPLETED,m7-1,11.067,"{'m1-1': 149.26, 'm2-1': 107.15, 'm3-1': 10.3, 'm4-1': 10.52, 'm5-1': 156.24, 'm6-1': 149.22, 'm7-1': 1.12, 'm8-1': 25.92}",1.6800000000000002,100.69399999999999,101.814,inf,121.06700000000001,121.06700000000001
97,T7,BESTEFFORT,COMPLETED,m7-1,11.087,"{'m1-1': 147.09, 'm2-1': 108.1, 'm3-1': 10.12, 'm4-1': 10.94, 'm5-1': 169.91, 'm6-1': 165.4, 'm7-1': 1.02, 'm8-1': 25.16}",1.53,101.814,102.83399999999999,inf,121.087,121.087
98,T9,BESTEFFORT,COMPLETED,m7-1,11.226,"{'m1-1': 159.04, 'm2-1': 113.12, 'm3-1': 9.42, 'm4-1': 10.24, 'm5-1': 168.4, 'm6-1': 174.76, 'm7-1': 1.02, 'm8-1': 28.82}",1.53,102.83399999999999,103.85399999999998,inf,121.226,121.226
99,T10,BESTEFFORT,COMPLETED,m7-1,11.293,"{'m1-1': 161.55, 'm2-1': 96.38, 'm3-1': 10.14, 'm4-1': 10.88, 'm5-1': 138.17, 'm6-1': 150.86, 'm7-1': 1.05, 'm8-1': 28.08}",1.5750000000000002,103.85399999999998,104.90399999999998,inf,121.293,121.293
100,T4,BESTEFFORT,COMPLETED,m7-1,11.345,"{'m1-1': 149.72, 'm2-1': 105.48, 'm3-1': 10.94, 'm4-1': 9.68, 'm5-1': 146.34, 'm6-1': 142.87, 'm7-1': 1.03, 'm8-1': 26.09}",1.545,104.90399999999998,105.93399999999998,inf,121.345,121.345
101,T6,BESTEFFORT,COMPLETED,m7-1,11.648,"{'m1-1': 173.14, 'm2-1': 93.95, 'm3-1': 10.96, 'm4-1': 10.61, 'm5-1': 152.28, 'm6-1': 154.69, 'm7-1': 1.11, 'm8-1': 25.67}",1.665,105.93399999999998,107.04399999999998,inf,121.648,121.648
102,T7,BESTEFFORT,COMPLETED,m7-1,11.899,"{'m1-1': 167.54, 'm2-1': 107.27, 'm3-1': 11.49, 'm4-1': 9.97, 'm5-1': 176.91, 'm6-1': 157.77, 'm7-1': 1.07, 'm8-1': 27.45}",1.605,107.04399999999998,108.11399999999998,inf,121.899,121.899
103,T10,BESTEFFORT,COMPLETED,m7-1,11.984,"{'m1-1': 156.09, 'm2-1': 109.8, 'm3-1': 9.76, 'm4-1': 9.98, 'm5-1': 150.94, 'm6-1': 146.27, 'm7-1': 1.05, 'm8-1': 26.25}",1.5750000000000002,108.11399999999998,109.16399999999997,inf,121.984,121.984
104,T9,BESTEFFORT,COMPLETED,m7-1,12.113,"{'m1-1': 146.0, 'm2-1': 107.25, 'm3-1': 9.9, 'm4-1': 10.29, 'm5-1': 163.93, 'm6-1': 156.52, 'm7-1': 1.13, 'm8-1': 28.54}",1.6949999999999998,109.16399999999997,110.29399999999997,inf,122.113,122.113
105,T1,BESTEFFORT,COMPLETED,m7-1,12.123,"{'m1-1': 154.08, 'm2-1': 114.43, 'm3-1': 9.8, 'm4-1': 10.02, 'm5-1': 165.28, 'm6-1': 171.51, 'm7-1': 1.17, 'm8-1': 26.78}",1.755,110.29399999999997,111.46399999999997,inf,122.123,122.123
106,T9,BESTEFFORT,COMPLETED,m7-1,12.381,"{'m1-1': 144.11, 'm2-1': 116.99, 'm3-1': 10.86, 'm4-1': 9.96, 'm5-1': 160.78, 'm6-1': 149.45, 'm7-1': 1.0, 'm8-1': 24.8}",1.5,111.46399999999997,112.46399999999997,inf,122.381,122.381
107,T9,BESTEFFORT,COMPLETED,m7-1,12.55,"{'m1-1': 140.06, 'm2-1': 110.12, 'm3-1': 10.65, 'm4-1': 10.36, 'm5-1': 166.37, 'm6-1': 172.98, 'm7-1': 1.0, 'm8-1': 27.8}",1.5,112.46399999999997,113.46399999999997,inf,122.55,122.55
108,T4,BESTEFFORT,COMPLETED,m7-1,12.61,"{'m1-1': 153.02, 'm2-1': 110.48, 'm3-1': 10.26, 'm4-1': 9.82, 'm5-1': 153.0, 'm6-1': 161.03, 'm7-1': 1.1, 'm8-1': 24.4}",1.6500000000000001,113.46399999999997,114.56399999999996,inf,122.61,122.61
109,T7,BESTEFFORT,COMPLETED,m7-1,12.653,"{'m1-1': 164.48, 'm2-1': 108.33, 'm3-1': 11.12, 'm4-1': 10.48, 'm5-1': 177.46, 'm6-1': 151.38, 'm7-1': 0.99, 'm8-1': 27.66}",1.4849999999999999,114.56399999999996,115.55399999999996,inf,122.653,122.653
110,T7,BESTEFFORT,COMPLETED,m7-1,12.682,"{'m1-1': 148.68, 'm2-1': 94.22, 'm3-1': 10.67, 'm4-1': 10.23, 'm5-1': 173.24, 'm6-1': 159.07, 'm7-1': 0.95, 'm8-1': 27.09}",1.4249999999999998,115.55399999999996,116.50399999999996,inf,122.682,122.682
111,T8,BESTEFFORT,COMPLETED,m7-1,12.719,"{'m1-1': 166.56, 'm2-1': 109.4, 'm3-1': 10.04, 'm4-1': 9.43, 'm5-1': 147.82, 'm6-1': 150.47, 'm7-1': 0.98, 'm8-1': 26.52}",1.47,116.50399999999996,117.48399999999997,inf,122.719,122.719
112,T5,BESTEFFORT,COMPLETED,m7-1,12.764,"{'m1-1': 174.76, 'm2-1': 111.62, 'm3-1': 10.1, 'm4-1': 10.22, 'm5-1': 149.48, 'm6-1': 161.14, 'm7-1': 0.94, 'm8-1': 26.46}",1.41,117.48399999999997,118.42399999999996,inf,122.764,122.764
113,T1,BESTEFFORT,COMPLETED,m7-1,13.062,"{'m1-1': 149.94, 'm2-1': 117.05, 'm3-1': 11.29, 'm4-1': 9.87, 'm5-1': 164.86, 'm6-1': 164.55, 'm7-1': 1.06, 'm8-1': 24.48}",1.59,118.42399999999996,119.48399999999997,inf,123.062,123.062
114,T8,BESTEFFORT,COMPLETED,m7-1,13.082,"{'m1-1': 152.8, 'm2-1': 105.76, 'm3-1': 9.96, 'm4-1': 10.08, 'm5-1': 158.16, 'm6-1': 168.95, 'm7-1': 1.02, 'm8-1': 28.07}",1.53,119.48399999999997,120.50399999999996,inf,123.082,123.082
115,T6,BESTEFFORT,COMPLETED,m7-1,13.17,"{'m1-1': 166.9, 'm2-1': 106.86, 'm3-1': 10.2, 'm4-1': 10.57, 'm5-1': 153.81, 'm6-1': 163.46, 'm7-1': 1.1, 'm8-1': 27.68}",1.6500000000000001,120.50399999999996,121.60399999999996,inf,123.17,123.17
116,T10,BESTEFFORT,COMPLETED,m7-1,13.58,"{'m1-1': 156.88, 'm2-1': 103.19, 'm3-1': 10.29, 'm4-1': 10.44, 'm5-1': 155.29, 'm6-1': 163.08, 'm7-1': 1.1, 'm8-1': 26.84}",1.6500000000000001,121.60399999999996,122.70399999999995,inf,123.58,123.58
117,T2,BESTEFFORT,COMPLETED,m7-1,13.794,"{'m1-1': 168.44, 'm2-1': 102.19, 'm3-1': 10.34, 'm4-1': 11.17, 'm5-1': 151.72, 'm6-1': 175.17, 'm7-1': 1.05, 'm8-1': 24.08}",1.5750000000000002,122.70399999999995,123.75399999999995,inf,123.794,123.794
118,T1,BESTEFFORT,MISSED,m7-1,13.97,"{'m1-1': 149.85, 'm2-1': 114.54, 'm3-1': 10.85, 'm4-1': 10.14, 'm5-1': 159.44, 'm6-1': 151.9, 'm7-1': 1.12, 'm8-1': 25.14}",0.3240000000000762,123.75399999999995,inf,123.97,123.97,123.97
119,T8,BESTEFFORT,MISSED,m7-1,13.976,"{'m1-1': 178.31, 'm2-1': 97.39, 'm3-1': 10.54, 'm4-1': 9.72, 'm5-1': 170.92, 'm6-1': 160.72, 'm7-1': 1.08, 'm8-1': 24.49}",0.009000000000000341,123.97,inf,123.976,123.976,123.976
120,T1,BESTEFFORT,MISSED,m7-1,14.066,"{'m1-1': 167.65, 'm2-1': 111.66, 'm3-1': 10.73, 'm4-1': 11.28, 'm5-1': 160.75, 'm6-1': 152.98, 'm7-1': 1.11, 'm8-1': 25.19}",0.13500000000000512,123.976,inf,124.066,124.066,124.066
121,T8,BESTEFFORT,MISSED,m7-1,14.067,"{'m1-1': 175.16, 'm2-1': 96.02, 'm3-1': 10.66, 'm4-1': 10.83, 'm5-1': 173.72, 'm6-1': 145.63, 'm7-1': 0.96, 'm8-1': 25.98}",0.0015000000000071623,124.066,inf,124.06700000000001,124.06700000000001,124.06700000000001
122,T8,BESTEFFORT,MISSED,m7-1,14.169,"{'m1-1': 155.74, 'm2-1': 96.15, 'm3-1': 11.37, 'm4-1': 10.5, 'm5-1': 168.22, 'm6-1': 167.66, 'm7-1': 1.06, 'm8-1': 28.35}",0.15299999999998448,124.06700000000001,inf,124.169,124.169,124.169
123,T6,BESTEFFORT,MISSED,m7-1,14.17,"{'m1-1': 174.24, 'm2-1': 102.13, 'm3-1': 11.24, 'm4-1': 10.09, 'm5-1': 157.44, 'm6-1': 154.21, 'm7-1': 1.02, 'm8-1': 26.57}",0.0015000000000071623,124.169,inf,124.17,124.17,124.17
124,T6,BESTEFFORT,MISSED,m7-1,14.306,"{'m1-1': 155.13, 'm2-1': 93.17, 'm3-1': 10.03, 'm4-1': 10.17, 'm5-1': 150.8, 'm6-1': 158.83, 'm7-1': 1.13, 'm8-1': 28.42}",0.20399999999999352,124.17,inf,124.306,124.306,124.306
125,T4,BESTEFFORT,MISSED,m7-1,14.444,"{'m1-1': 150.2, 'm2-1': 98.87, 'm3-1': 11.26, 'm4-1': 10.82, 'm5-1': 149.95, 'm6-1': 163.27, 'm7-1': 1.11, 'm8-1': 26.93}",0.20700000000000784,124.306,inf,124.444,124.444,124.444
126,T1,BESTEFFORT,MISSED,m7-1,14.49,"{'m1-1': 157.64, 'm2-1': 103.35, 'm3-1': 10.26, 'm4-1': 9.94, 'm5-1': 144.71, 'm6-1': 162.45, 'm7-1': 1.0, 'm8-1': 25.33}",0.0689999999999884,124.444,inf,124.49,124.49,124.49
127,T10,BESTEFFORT,MISSED,m7-1,14.768,"{'m1-1': 157.58, 'm2-1': 96.51, 'm3-1': 10.0, 'm4-1': 9.79, 'm5-1': 150.54, 'm6-1': 163.96, 'm7-1': 1.02, 'm8-1': 27.43}",0.4170000000000087,124.49,inf,124.768,124.768,124.768
128,T4,BESTEFFORT,MISSED,m7-1,14.789,"{'m1-1': 143.0, 'm2-1': 104.14, 'm3-1': 9.86, 'm4-1': 10.09, 'm5-1': 160.67, 'm6-1': 152.03, 'm7-1': 1.03, 'm8-1': 25.9}",0.031500000000001194,124.768,inf,124.789,124.789,124.789
129,T9,BESTEFFORT,MISSED,m7-1,14.904,"{'m1-1': 141.81, 'm2-1': 117.31, 'm3-1': 9.71, 'm4-1': 9.82, 'm5-1': 148.67, 'm6-1': 154.01, 'm7-1': 1.13, 'm8-1': 27.78}",0.17249999999999233,124.789,inf,124.904,124.904,124.904
130,T5,BESTEFFORT,MISSED,m7-1,15.119,"{'m1-1': 162.1, 'm2-1': 114.18, 'm3-1': 10.7, 'm4-1': 10.94, 'm5-1': 141.33, 'm6-1': 165.46, 'm7-1': 0.93, 'm8-1': 28.13}",0.3225000000000051,124.904,inf,125.119,125.119,125.119
131,T8,BESTEFFORT,MISSED,m7-1,15.131,"{'m1-1': 170.24, 'm2-1': 101.41, 'm3-1': 10.25, 'm4-1': 10.76, 'm5-1': 173.93, 'm6-1': 165.92, 'm7-1': 0.94, 'm8-1': 28.21}",0.018000000000000682,125.119,inf,125.131,125.131,125.131
132,T5,BESTEFFORT,MISSED,m7-1,15.163,"{'m1-1': 162.31, 'm2-1': 103.87, 'm3-1': 10.69, 'm4-1': 11.52, 'm5-1': 144.15, 'm6-1': 143.84, 'm7-1': 0.93, 'm8-1': 26.8}",0.047999999999994714,125.131,inf,125.163,125.163,125.163
133,T5,BESTEFFORT,MISSED,m7-1,15.179,"{'m1-1': 169.14, 'm2-1': 107.16, 'm3-1': 10.73, 'm4-1': 10.0, 'm5-1': 144.26, 'm6-1': 166.47, 'm7-1': 0.99, 'm8-1': 26.74}",0.024000000000008015,125.163,inf,125.179,125.179,125.179
134,T3,BESTEFFORT,MISSED,m7-1,15.442,"{'m1-1': 159.23, 'm2-1': 102.31, 'm3-1': 11.12, 'm4-1': 11.1, 'm5-1': 157.43, 'm6-1': 149.07, 'm7-1': 1.1, 'm8-1': 27.24}",0.39450000000000784,125.179,inf,125.44200000000001,125.44200000000001,125.44200000000001
135,T1,BESTEFFORT,MISSED,m7-1,15.577,"{'m1-1': 169.48, 'm2-1': 113.71, 'm3-1': 10.54, 'm4-1': 9.78, 'm5-1': 148.98, 'm6-1': 152.82, 'm7-1': 1.04, 'm8-1': 26.41}",0.20249999999998636,125.44200000000001,inf,125.577,125.577,125.577
136,T2,BESTEFFORT,MISSED,m7-1,15.58,"{'m1-1': 173.1, 'm2-1': 111.02, 'm3-1': 10.61, 'm4-1': 11.28, 'm5-1': 149.0, 'm6-1': 177.83, 'm7-1': 1.15, 'm8-1': 23.78}",0.0045000000000001705,125.577,inf,125.58,125.58,125.58
137,T10,BESTEFFORT,MISSED,m7-1,15.62,"{'m1-1': 150.24, 'm2-1': 100.86, 'm3-1': 9.99, 'm4-1': 10.91, 'm5-1': 142.85, 'm6-1': 163.96, 'm7-1': 1.18, 'm8-1': 27.25}",0.06000000000000938,125.58,inf,125.62,125.62,125.62
138,T2,BESTEFFORT,MISSED,m7-1,15.819,"{'m1-1': 166.4, 'm2-1': 103.97, 'm3-1': 10.46, 'm4-1': 10.36, 'm5-1': 142.67, 'm6-1': 158.28, 'm7-1': 1.04, 'm8-1': 26.71}",0.2984999999999971,125.62,inf,125.819,125.819,125.819
139,T7,BESTEFFORT,MISSED,m7-1,15.9,"{'m1-1': 161.14, 'm2-1': 106.27, 'm3-1': 10.69, 'm4-1': 11.36, 'm5-1': 171.81, 'm6-1': 168.49, 'm7-1': 0.98, 'm8-1': 26.78}",0.1215000000000046,125.819,inf,125.9,125.9,125.9
140,T7,BESTEFFORT,MISSED,m7-1,15.917,"{'m1-1': 149.9, 'm2-1': 102.51, 'm3-1': 11.6, 'm4-1': 10.13, 'm5-1': 170.52, 'm6-1': 163.2, 'm7-1': 1.03, 'm8-1': 27.59}",0.02549999999999386,125.9,inf,125.917,125.917,125.917
141,T5,BESTEFFORT,MISSED,m7-1,15.991,"{'m1-1': 159.54, 'm2-1': 105.91, 'm3-1': 10.72, 'm4-1': 9.84, 'm5-1': 147.48, 'm6-1': 160.83, 'm7-1': 1.06, 'm8-1': 24.79}",0.1109999999999971,125.917,inf,125.991,125.991,125.991
142,T2,BESTEFFORT,MISSED,m7-1,16.02,"{'m1-1': 162.64, 'm2-1': 104.74, 'm3-1': 9.79, 'm4-1': 10.18, 'm5-1': 165.72, 'm6-1': 151.45, 'm7-1': 1.04, 'm8-1': 24.84}",0.04349999999999454,125.991,inf,126.02,126.02,126.02
143,T5,BESTEFFORT,MISSED,m7-1,16.075,"{'m1-1': 169.71, 'm2-1': 117.66, 'm3-1': 10.54, 'm4-1': 10.45, 'm5-1': 157.41, 'm6-1': 153.89, 'm7-1': 0.98, 'm8-1': 27.76}",0.08250000000001023,126.02,inf,126.075,126.075,126.075
144,T1,BESTEFFORT,MISSED,m7-1,16.16,"{'m1-1': 175.83, 'm2-1': 104.62, 'm3-1': 10.09, 'm4-1': 10.99, 'm5-1': 156.13, 'm6-1': 151.06, 'm7-1': 1.06, 'm8-1': 26.15}",0.12749999999999062,126.075,inf,126.16,126.16,126.16
145,T2,BESTEFFORT,MISSED,m7-1,16.222,"{'m1-1': 174.29, 'm2-1': 103.07, 'm3-1': 10.34, 'm4-1': 11.22, 'm5-1': 156.72, 'm6-1': 178.3, 'm7-1': 1.16, 'm8-1': 24.07}",0.09300000000001774,126.16,inf,126.22200000000001,126.22200000000001,126.22200000000001
146,T8,BESTEFFORT,MISSED,m7-1,16.478,"{'m1-1': 153.25, 'm2-1': 95.84, 'm3-1': 10.9, 'm4-1': 10.97, 'm5-1': 153.78, 'm6-1': 146.8, 'm7-1': 0.94, 'm8-1': 24.11}",0.38400000000000034,126.22200000000001,inf,126.47800000000001,126.47800000000001,126.47800000000001
147,T10,BESTEFFORT,MISSED,m7-1,16.494,"{'m1-1': 150.02, 'm2-1': 100.91, 'm3-1': 9.51, 'm4-1': 9.94, 'm5-1': 156.03, 'm6-1': 169.17, 'm7-1': 1.14, 'm8-1': 26.22}",0.0239999999999867,126.47800000000001,inf,126.494,126.494,126.494
148,T2,BESTEFFORT,MISSED,m7-1,16.585,"{'m1-1': 170.7, 'm2-1': 108.4, 'm3-1': 10.73, 'm4-1': 11.05, 'm5-1': 145.98, 'm6-1': 151.48, 'm7-1': 1.13, 'm8-1': 25.0}",0.13650000000001228,126.494,inf,126.58500000000001,126.58500000000001,126.58500000000001
149,T4,BESTEFFORT,MISSED,m7-1,16.592,"{'m1-1': 166.25, 'm2-1': 100.5, 'm3-1': 10.09, 'm4-1': 9.88, 'm5-1': 162.78, 'm6-1': 144.99, 'm7-1': 1.1, 'm8-1': 24.05}",0.010499999999986187,126.58500000000001,inf,126.592,126.592,126.592
150,T3,BESTEFFORT,MISSED,m7-1,16.771,"{'m1-1': 163.12, 'm2-1': 100.0, 'm3-1': 10.78, 'm4-1': 10.76, 'm5-1': 149.44, 'm6-1': 147.75, 'm7-1': 0.95, 'm8-1': 26.23}",0.26850000000000307,126.592,inf,126.771,126.771,126.771
151,T1,BESTEFFORT,MISSED,m7-1,16.961,"{'m1-1': 152.29, 'm2-1': 107.8, 'm3-1': 10.88, 'm4-1': 11.36, 'm5-1': 151.03, 'm6-1': 165.72, 'm7-1': 1.01, 'm8-1': 26.87}",0.2849999999999966,126.771,inf,126.961,126.961,126.961
152,T4,BESTEFFORT,MISSED,m7-1,17.185,"{'m1-1': 163.24, 'm2-1': 100.34, 'm3-1': 11.36, 'm4-1': 9.53, 'm5-1': 162.66, 'm6-1': 150.6, 'm7-1': 1.0, 'm8-1': 27.52}",0.3360000000000056,126.961,inf,127.185,127.185,127.185
153,T2,BESTEFFORT,MISSED,m7-1,17.329,"{'m1-1': 166.91, 'm2-1': 95.88, 'm3-1': 9.83, 'm4-1': 9.89, 'm5-1': 156.8, 'm6-1': 151.77, 'm7-1': 1.04, 'm8-1': 24.97}",0.21600000000000819,127.185,inf,127.32900000000001,127.32900000000001,127.32900000000001
154,T10,BESTEFFORT,MISSED,m7-1,17.459,"{'m1-1': 157.52, 'm2-1': 110.74, 'm3-1': 10.75, 'm4-1': 10.04, 'm5-1': 145.26, 'm6-1': 163.8, 'm7-1': 1.09, 'm8-1': 27.36}",0.19499999999999318,127.32900000000001,inf,127.459,127.459,127.459
155,T4,BESTEFFORT,MISSED,m7-1,17.527,"{'m1-1': 149.72, 'm2-1': 103.38, 'm3-1': 9.64, 'm4-1': 10.08, 'm5-1': 148.63, 'm6-1': 153.15, 'm7-1': 1.09, 'm8-1': 26.91}",0.10199999999999676,127.459,inf,127.527,127.527,127.527
156,T7,BESTEFFORT,MISSED,m7-1,17.891,"{'m1-1': 148.27, 'm2-1': 108.27, 'm3-1': 11.16, 'm4-1': 11.37, 'm5-1': 164.24, 'm6-1': 145.76, 'm7-1': 1.04, 'm8-1': 25.98}",0.5459999999999852,127.527,inf,127.89099999999999,127.89099999999999,127.89099999999999
157,T2,BESTEFFORT,MISSED,m7-1,17.895,"{'m1-1': 177.29, 'm2-1': 110.39, 'm3-1': 9.56, 'm4-1': 10.76, 'm5-1': 157.39, 'm6-1': 175.18, 'm7-1': 1.1, 'm8-1': 27.48}",0.006000000000007333,127.89099999999999,inf,127.895,127.895,127.895
158,T7,BESTEFFORT,MISSED,m7-1,17.946,"{'m1-1': 152.99, 'm2-1': 108.24, 'm3-1': 11.85, 'm4-1': 9.89, 'm5-1': 156.02, 'm6-1': 157.4, 'm7-1': 0.97, 'm8-1': 25.82}",0.0765000000000029,127.895,inf,127.946,127.946,127.946
159,T4,BESTEFFORT,MISSED,m7-1,18.043,"{'m1-1': 152.15, 'm2-1': 105.22, 'm3-1': 9.55, 'm4-1': 10.98, 'm5-1': 145.07, 'm6-1': 164.1, 'm7-1': 1.07, 'm8-1': 27.18}",0.14550000000001262,127.946,inf,128.043,128.043,128.043
160,T3,BESTEFFORT,MISSED,m7-1,18.051,"{'m1-1': 158.81, 'm2-1': 106.43, 'm3-1': 10.85, 'm4-1': 10.43, 'm5-1': 161.96, 'm6-1': 146.97, 'm7-1': 1.09, 'm8-1': 26.69}",0.011999999999972033,128.043,inf,128.051,128.051,128.051
161,T10,BESTEFFORT,MISSED,m7-1,18.17,"{'m1-1': 153.74, 'm2-1': 105.06, 'm3-1': 10.57, 'm4-1': 10.39, 'm5-1': 152.87, 'm6-1': 160.34, 'm7-1': 1.07, 'm8-1': 24.11}",0.1785000000000423,128.051,inf,128.17000000000002,128.17000000000002,128.17000000000002
162,T1,BESTEFFORT,MISSED,m7-1,18.178,"{'m1-1': 153.25, 'm2-1': 106.99, 'm3-1': 9.8, 'm4-1': 9.93, 'm5-1': 140.65, 'm6-1': 151.38, 'm7-1': 1.17, 'm8-1': 25.44}",0.011999999999972033,128.17000000000002,inf,128.178,128.178,128.178
163,T2,BESTEFFORT,MISSED,m7-1,18.239,"{'m1-1': 172.26, 'm2-1': 102.68, 'm3-1': 11.02, 'm4-1': 11.28, 'm5-1': 165.1, 'm6-1': 157.17, 'm7-1': 1.13, 'm8-1': 26.77}",0.09150000000001057,128.178,inf,128.239,128.239,128.239
164,T9,BESTEFFORT,MISSED,m7-1,18.275,"{'m1-1': 143.67, 'm2-1': 105.86, 'm3-1': 10.44, 'm4-1': 10.99, 'm5-1': 168.5, 'm6-1': 163.73, 'm7-1': 1.04, 'm8-1': 25.24}",0.054000000000002046,128.239,inf,128.275,128.275,128.275
165,T8,BESTEFFORT,MISSED,m7-1,18.554,"{'m1-1': 151.67, 'm2-1': 109.48, 'm3-1': 10.94, 'm4-1': 10.05, 'm5-1': 164.56, 'm6-1': 151.24, 'm7-1': 1.05, 'm8-1': 26.8}",0.41849999999999454,128.275,inf,128.554,128.554,128.554
166,T3,BESTEFFORT,MISSED,m7-1,18.58,"{'m1-1': 161.52, 'm2-1': 111.61, 'm3-1': 10.23, 'm4-1': 10.47, 'm5-1': 166.61, 'm6-1': 159.15, 'm7-1': 1.05, 'm8-1': 24.64}",0.038999999999973056,128.554,inf,128.57999999999998,128.57999999999998,128.57999999999998
167,T10,BESTEFFORT,MISSED,m7-1,18.762,"{'m1-1': 159.73, 'm2-1': 110.37, 'm3-1': 9.39, 'm4-1': 10.45, 'm5-1': 146.67, 'm6-1': 150.6, 'm7-1': 1.14, 'm8-1': 26.53}",0.27300000000002456,128.57999999999998,inf,128.762,128.762,128.762
168,T3,BESTEFFORT,MISSED,m7-1,18.807,"{'m1-1': 146.73, 'm2-1': 98.76, 'm3-1': 11.19, 'm4-1': 10.29, 'm5-1': 143.44, 'm6-1': 156.16, 'm7-1': 1.07, 'm8-1': 27.0}",0.06749999999998124,128.762,inf,128.807,128.807,128.807
169,T1,BESTEFFORT,MISSED,m7-1,19.068,"{'m1-1': 153.64, 'm2-1': 103.26, 'm3-1': 10.38, 'm4-1': 10.74, 'm5-1': 161.11, 'm6-1': 165.31, 'm7-1': 1.08, 'm8-1': 24.61}",0.39150000000003615,128.807,inf,129.068,129.068,129.068
170,T1,BESTEFFORT,MISSED,m7-1,19.119,"{'m1-1': 156.15, 'm2-1': 105.03, 'm3-1': 10.77, 'm4-1': 10.34, 'm5-1': 159.36, 'm6-1': 167.67, 'm7-1': 1.12, 'm8-1': 25.03}",0.07649999999998158,129.068,inf,129.119,129.119,129.119
171,T2,BESTEFFORT,MISSED,m7-1,19.185,"{'m1-1': 159.47, 'm2-1': 102.13, 'm3-1': 10.32, 'm4-1': 10.58, 'm5-1': 161.55, 'm6-1': 156.14, 'm7-1': 1.02, 'm8-1': 23.65}",0.09900000000000375,129.119,inf,129.185,129.185,129.185
172,T10,BESTEFFORT,MISSED,m7-1,19.312,"{'m1-1': 155.9, 'm2-1': 98.39, 'm3-1': 10.13, 'm4-1': 10.97, 'm5-1': 150.54, 'm6-1': 164.26, 'm7-1': 1.02, 'm8-1': 25.96}",0.19050000000001432,129.185,inf,129.312,129.312,129.312
173,T2,BESTEFFORT,MISSED,m7-1,19.336,"{'m1-1': 173.75, 'm2-1': 110.12, 'm3-1': 10.57, 'm4-1': 11.47, 'm5-1': 159.62, 'm6-1': 163.66, 'm7-1': 1.06, 'm8-1': 27.67}",0.036000000000001364,129.312,inf,129.336,129.336,129.336
174,T5,BESTEFFORT,MISSED,m7-1,19.407,"{'m1-1': 151.45, 'm2-1': 106.79, 'm3-1': 10.94, 'm4-1': 11.26, 'm5-1': 145.47, 'm6-1': 166.02, 'm7-1': 0.96, 'm8-1': 26.64}",0.10649999999999693,129.336,inf,129.407,129.407,129.407
175,T4,BESTEFFORT,MISSED,m7-1,19.649,"{'m1-1': 157.66, 'm2-1': 108.9, 'm3-1': 10.92, 'm4-1': 10.1, 'm5-1': 162.2, 'm6-1': 157.75, 'm7-1': 1.18, 'm8-1': 25.57}",0.36299999999998533,129.407,inf,129.649,129.649,129.649
176,T2,BESTEFFORT,MISSED,m7-1,19.681,"{'m1-1': 166.7, 'm2-1': 104.73, 'm3-1': 9.52, 'm4-1': 11.44, 'm5-1': 164.0, 'm6-1': 162.39, 'm7-1': 1.05, 'm8-1': 25.95}",0.04800000000001603,129.649,inf,129.681,129.681,129.681
177,T7,BESTEFFORT,MISSED,m7-1,19.892,"{'m1-1': 142.56, 'm2-1': 94.4, 'm3-1': 11.15, 'm4-1': 11.36, 'm5-1': 162.2, 'm6-1': 145.0, 'm7-1': 1.07, 'm8-1': 27.7}",0.31649999999997647,129.681,inf,129.892,129.892,129.892
178,T5,BESTEFFORT,MISSED,m7-1,19.932,"{'m1-1': 169.46, 'm2-1': 109.84, 'm3-1': 10.43, 'm4-1': 11.41, 'm5-1': 153.74, 'm6-1': 154.41, 'm7-1': 0.97, 'm8-1': 26.56}",0.05999999999998806,129.892,inf,129.932,129.932,129.932
179,T1,BESTEFFORT,MISSED,m7-1,19.944,"{'m1-1': 172.58, 'm2-1': 110.95, 'm3-1': 11.39, 'm4-1': 9.63, 'm5-1': 158.25, 'm6-1': 149.12, 'm7-1': 1.17, 'm8-1': 25.22}",0.018000000000000682,129.932,inf,129.944,129.944,129.944
180,T2,BESTEFFORT,MISSED,m7-1,20.137,"{'m1-1': 159.8, 'm2-1': 99.03, 'm3-1': 11.1, 'm4-1': 9.8, 'm5-1': 164.44, 'm6-1': 170.85, 'm7-1': 1.16, 'm8-1': 25.69}",0.2895000000000181,129.944,inf,130.137,130.137,130.137
181,T10,BESTEFFORT,MISSED,m7-1,20.259,"{'m1-1': 162.96, 'm2-1': 99.21, 'm3-1': 10.37, 'm4-1': 11.39, 'm5-1': 154.14, 'm6-1': 165.81, 'm7-1': 1.06, 'm8-1': 24.47}",0.18300000000002115,130.137,inf,130.25900000000001,130.25900000000001,130.25900000000001
182,T6,BESTEFFORT,MISSED,m7-1,20.311,"{'m1-1': 175.64, 'm2-1': 101.63, 'm3-1': 11.54, 'm4-1': 10.54, 'm5-1': 158.71, 'm6-1': 162.56, 'm7-1': 1.02, 'm8-1': 25.21}",0.07799999999998875,130.25900000000001,inf,130.311,130.311,130.311
183,T5,BESTEFFORT,MISSED,m7-1,20.326,"{'m1-1': 157.55, 'm2-1': 112.42, 'm3-1': 9.88, 'm4-1': 10.18, 'm5-1': 161.99, 'm6-1': 164.54, 'm7-1': 1.06, 'm8-1': 23.88}",0.022499999999979536,130.311,inf,130.326,130.326,130.326
184,T7,BESTEFFORT,MISSED,m7-1,20.49,"{'m1-1': 157.78, 'm2-1': 109.08, 'm3-1': 10.58, 'm4-1': 10.52, 'm5-1': 162.02, 'm6-1': 169.33, 'm7-1': 1.01, 'm8-1': 25.86}",0.24600000000002353,130.326,inf,130.49,130.49,130.49
185,T7,BESTEFFORT,MISSED,m7-1,20.521,"{'m1-1': 144.35, 'm2-1': 106.87, 'm3-1': 10.18, 'm4-1': 11.09, 'm5-1': 152.98, 'm6-1': 158.79, 'm7-1': 1.1, 'm8-1': 29.14}",0.04650000000000887,130.49,inf,130.52100000000002,130.52100000000002,130.52100000000002
186,T7,BESTEFFORT,MISSED,m7-1,20.53,"{'m1-1': 151.23, 'm2-1': 101.11, 'm3-1': 10.79, 'm4-1': 11.15, 'm5-1': 170.32, 'm6-1': 145.93, 'm7-1': 0.98, 'm8-1': 28.86}",0.013499999999979195,130.52100000000002,inf,130.53,130.53,130.53
187,T7,BESTEFFORT,MISSED,m7-1,20.662,"{'m1-1': 160.22, 'm2-1': 111.02, 'm3-1': 11.66, 'm4-1': 10.92, 'm5-1': 153.11, 'm6-1': 163.64, 'm7-1': 1.07, 'm8-1': 28.43}",0.1980000000000075,130.53,inf,130.662,130.662,130.662
188,T2,BESTEFFORT,MISSED,m7-1,20.746,"{'m1-1': 154.75, 'm2-1': 105.37, 'm3-1': 10.66, 'm4-1': 10.48, 'm5-1': 168.77, 'm6-1': 169.01, 'm7-1': 1.18, 'm8-1': 24.78}",0.12600000000000477,130.662,inf,130.746,130.746,130.746
189,T8,BESTEFFORT,MISSED,m7-1,20.757,"{'m1-1': 162.27, 'm2-1': 101.67, 'm3-1': 10.86, 'm4-1': 10.84, 'm5-1': 166.59, 'm6-1': 147.73, 'm7-1': 0.92, 'm8-1': 26.74}",0.01649999999999352,130.746,inf,130.757,130.757,130.757
190,T9,BESTEFFORT,MISSED,m7-1,20.828,"{'m1-1': 152.1, 'm2-1': 110.88, 'm3-1': 9.96, 'm4-1': 10.64, 'm5-1': 168.05, 'm6-1': 161.52, 'm7-1': 1.08, 'm8-1': 24.88}",0.10649999999999693,130.757,inf,130.828,130.828,130.828
191,T8,BESTEFFORT,MISSED,m7-1,20.849,"{'m1-1': 157.04, 'm2-1': 106.12, 'm3-1': 10.45, 'm4-1': 10.41, 'm5-1': 168.82, 'm6-1': 151.01, 'm7-1': 1.05, 'm8-1': 26.26}",0.03149999999997988,130.828,inf,130.849,130.849,130.849
192,T10,BESTEFFORT,MISSED,m7-1,20.916,"{'m1-1': 149.28, 'm2-1': 111.31, 'm3-1': 9.37, 'm4-1': 9.76, 'm5-1': 161.57, 'm6-1': 154.12, 'm7-1': 1.11, 'm8-1': 26.25}",0.10050000000001091,130.849,inf,130.916,130.916,130.916
193,T5,BESTEFFORT,MISSED,m7-1,20.95,"{'m1-1': 160.06, 'm2-1': 113.05, 'm3-1': 11.28, 'm4-1': 11.05, 'm5-1': 149.25, 'm6-1': 163.6, 'm7-1': 1.05, 'm8-1': 24.76}",0.05099999999998772,130.916,inf,130.95,130.95,130.95
194,T6,BESTEFFORT,MISSED,m7-1,21.297,"{'m1-1': 176.08, 'm2-1': 100.54, 'm3-1': 9.74, 'm4-1': 11.02, 'm5-1': 158.33, 'm6-1': 164.03, 'm7-1': 1.03, 'm8-1': 28.27}",0.5205000000000126,130.95,inf,131.297,131.297,131.297
195,T9,BESTEFFORT,MISSED,m7-1,21.336,"{'m1-1': 140.93, 'm2-1': 119.02, 'm3-1': 9.27, 'm4-1': 11.08, 'm5-1': 156.26, 'm6-1': 158.86, 'm7-1': 1.04, 'm8-1': 27.15}",0.05850000000002353,131.297,inf,131.336,131.336,131.336
196,T6,BESTEFFORT,MISSED,m7-1,21.344,"{'m1-1': 160.34, 'm2-1': 102.59, 'm3-1': 10.21, 'm4-1': 11.22, 'm5-1': 143.69, 'm6-1': 167.08, 'm7-1': 1.1, 'm8-1': 25.58}",0.011999999999972033,131.336,inf,131.344,131.344,131.344
197,T1,BESTEFFORT,MISSED,m7-1,21.398,"{'m1-1': 159.53, 'm2-1': 113.99, 'm3-1': 11.4, 'm4-1': 9.76, 'm5-1': 160.18, 'm6-1': 166.58, 'm7-1': 1.1, 'm8-1': 24.46}",0.08100000000000307,131.344,inf,131.398,131.398,131.398
198,T9,BESTEFFORT,MISSED,m7-1,21.416,"{'m1-1': 144.74, 'm2-1': 104.26, 'm3-1': 10.11, 'm4-1': 10.81, 'm5-1': 163.14, 'm6-1': 160.65, 'm7-1': 1.16, 'm8-1': 26.44}",0.027000000000001023,131.398,inf,131.416,131.416,131.416
199,T4,BESTEFFORT,MISSED,m7-1,21.586,"{'m1-1': 164.12, 'm2-1': 106.13, 'm3-1': 10.35, 'm4-1': 9.46, 'm5-1': 141.18, 'm6-1': 162.2, 'm7-1': 1.14, 'm8-1': 26.2}",0.2550000000000239,131.416,inf,131.586,131.586,131.586
200,T7,BESTEFFORT,MISSED,m7-1,21.744,"{'m1-1': 157.83, 'm2-1': 100.87, 'm3-1': 10.48, 'm4-1': 9.71, 'm5-1': 162.38, 'm6-1': 145.02, 'm7-1': 0.98, 'm8-1': 29.07}",0.23699999999998056,131.586,inf,131.744,131.744,131.744
201,T7,BESTEFFORT,MISSED,m7-1,21.965,"{'m1-1': 168.17, 'm2-1': 98.82, 'm3-1': 11.64, 'm4-1': 11.34, 'm5-1': 153.15, 'm6-1': 164.59, 'm7-1': 0.98, 'm8-1': 25.24}",0.33150000000000546,131.744,inf,131.965,131.965,131.965
202,T8,BESTEFFORT,MISSED,m7-1,21.999,"{'m1-1': 175.17, 'm2-1': 101.82, 'm3-1': 10.44, 'm4-1': 10.08, 'm5-1': 158.16, 'm6-1': 146.89, 'm7-1': 1.02, 'm8-1': 25.18}",0.05099999999998772,131.965,inf,131.999,131.999,131.999
203,T3,BESTEFFORT,MISSED,m7-1,22.08,"{'m1-1': 153.72, 'm2-1': 104.74, 'm3-1': 11.04, 'm4-1': 10.6, 'm5-1': 167.66, 'm6-1': 158.65, 'm7-1': 0.94, 'm8-1': 25.17}",0.12149999999998329,131.999,inf,132.07999999999998,132.07999999999998,132.07999999999998
204,T8,BESTEFFORT,MISSED,m7-1,22.091,"{'m1-1': 166.31, 'm2-1': 109.29, 'm3-1': 11.32, 'm4-1': 10.64, 'm5-1': 158.86, 'm6-1': 150.17, 'm7-1': 1.08, 'm8-1': 28.07}",0.016500000000036152,132.07999999999998,inf,132.091,132.091,132.091
205,T2,BESTEFFORT,MISSED,m7-1,22.284,"{'m1-1': 173.91, 'm2-1': 97.64, 'm3-1': 9.92, 'm4-1': 11.33, 'm5-1': 163.57, 'm6-1': 160.58, 'm7-1': 1.18, 'm8-1': 24.85}",0.28949999999997544,132.091,inf,132.284,132.284,132.284
206,T6,BESTEFFORT,MISSED,m7-1,22.314,"{'m1-1': 177.05, 'm2-1': 94.22, 'm3-1': 10.08, 'm4-1': 10.04, 'm5-1': 158.94, 'm6-1': 167.08, 'm7-1': 1.02, 'm8-1': 26.41}",0.045000000000001705,132.284,inf,132.314,132.314,132.314
207,T3,BESTEFFORT,MISSED,m7-1,22.335,"{'m1-1': 160.03, 'm2-1': 100.81, 'm3-1': 11.08, 'm4-1': 11.56, 'm5-1': 154.1, 'm6-1': 168.56, 'm7-1': 0.99, 'm8-1': 27.8}",0.03150000000002251,132.314,inf,132.335,132.335,132.335
208,T3,BESTEFFORT,MISSED,m7-1,22.383,"{'m1-1': 151.58, 'm2-1': 103.39, 'm3-1': 9.71, 'm4-1': 11.1, 'm5-1': 170.05, 'm6-1': 163.69, 'm7-1': 0.94, 'm8-1': 25.98}",0.07200000000000273,132.335,inf,132.383,132.383,132.383
209,T2,BESTEFFORT,MISSED,m7-1,22.507,"{'m1-1': 150.56, 'm2-1': 100.15, 'm3-1': 10.23, 'm4-1': 11.21, 'm5-1': 164.57, 'm6-1': 174.41, 'm7-1': 1.04, 'm8-1': 25.24}",0.18599999999999284,132.383,inf,132.507,132.507,132.507
210,T9,BESTEFFORT,MISSED,m7-1,22.556,"{'m1-1': 155.07, 'm2-1': 101.18, 'm3-1': 10.4, 'm4-1': 10.91, 'm5-1': 163.48, 'm6-1': 150.3, 'm7-1': 1.05, 'm8-1': 28.96}",0.07350000000000989,132.507,inf,132.556,132.556,132.556
211,T6,BESTEFFORT,MISSED,m7-1,22.723,"{'m1-1': 176.81, 'm2-1': 110.16, 'm3-1': 11.44, 'm4-1': 11.21, 'm5-1': 162.95, 'm6-1': 145.78, 'm7-1': 0.98, 'm8-1': 27.25}",0.2505000000000024,132.556,inf,132.723,132.723,132.723
212,T4,BESTEFFORT,MISSED,m7-1,22.845,"{'m1-1': 144.03, 'm2-1': 108.09, 'm3-1': 10.32, 'm4-1': 10.63, 'm5-1': 154.77, 'm6-1': 165.69, 'm7-1': 1.1, 'm8-1': 26.03}",0.1829999999999785,132.723,inf,132.845,132.845,132.845
213,T9,BESTEFFORT,MISSED,m7-1,22.909,"{'m1-1': 156.9, 'm2-1': 111.81, 'm3-1': 10.32, 'm4-1': 11.1, 'm5-1': 160.97, 'm6-1': 149.22, 'm7-1': 1.0, 'm8-1': 29.02}",0.09599999999998943,132.845,inf,132.909,132.909,132.909
214,T5,BESTEFFORT,MISSED,m7-1,23.002,"{'m1-1': 158.82, 'm2-1': 111.9, 'm3-1': 10.48, 'm4-1': 10.13, 'm5-1': 144.53, 'm6-1': 145.27, 'm7-1': 1.05, 'm8-1': 26.55}",0.1395000000000266,132.909,inf,133.002,133.002,133.002
215,T2,BESTEFFORT,MISSED,m7-1,23.229,"{'m1-1': 164.31, 'm2-1': 97.13, 'm3-1': 10.33, 'm4-1': 11.03, 'm5-1': 145.92, 'm6-1': 154.6, 'm7-1': 1.08, 'm8-1': 27.49}",0.34049999999996317,133.002,inf,133.22899999999998,133.22899999999998,133.22899999999998
216,T7,BESTEFFORT,MISSED,m7-1,23.384,"{'m1-1': 153.1, 'm2-1': 99.75, 'm3-1': 11.87, 'm4-1': 10.75, 'm5-1': 166.08, 'm6-1': 156.43, 'm7-1': 0.96, 'm8-1': 27.2}",0.23250000000004434,133.22899999999998,inf,133.38400000000001,133.38400000000001,133.38400000000001
217,T5,BESTEFFORT,MISSED,m7-1,23.437,"{'m1-1': 171.28, 'm2-1': 101.81, 'm3-1': 9.76, 'm4-1': 11.43, 'm5-1': 140.77, 'm6-1': 164.16, 'm7-1': 1.06, 'm8-1': 25.12}",0.07949999999999591,133.38400000000001,inf,133.437,133.437,133.437
218,T9,BESTEFFORT,MISSED,m7-1,23.544,"{'m1-1': 147.35, 'm2-1': 116.72, 'm3-1': 9.2, 'm4-1': 10.69, 'm5-1': 148.3, 'm6-1': 154.09, 'm7-1': 1.04, 'm8-1': 25.88}",0.16049999999999898,133.437,inf,133.544,133.544,133.544
219,T9,BESTEFFORT,MISSED,m7-1,23.652,"{'m1-1': 142.2, 'm2-1': 105.02, 'm3-1': 9.7, 'm4-1': 11.04, 'm5-1': 166.6, 'm6-1': 149.41, 'm7-1': 1.02, 'm8-1': 26.86}",0.1619999999999635,133.544,inf,133.652,133.652,133.652
220,T5,BESTEFFORT,MISSED,m7-1,23.68,"{'m1-1': 175.32, 'm2-1': 102.05, 'm3-1': 11.15, 'm4-1': 10.65, 'm5-1': 161.4, 'm6-1': 145.41, 'm7-1': 1.0, 'm8-1': 25.37}",0.04200000000003001,133.652,inf,133.68,133.68,133.68
221,T10,BESTEFFORT,MISSED,m7-1,23.717,"{'m1-1': 160.13, 'm2-1': 97.4, 'm3-1': 10.29, 'm4-1': 9.96, 'm5-1': 146.33, 'm6-1': 149.98, 'm7-1': 1.15, 'm8-1': 26.2}",0.055499999999966576,133.68,inf,133.71699999999998,133.71699999999998,133.71699999999998
222,T1,BESTEFFORT,MISSED,m7-1,23.816,"{'m1-1': 164.48, 'm2-1': 102.11, 'm3-1': 10.39, 'm4-1': 10.37, 'm5-1': 157.55, 'm6-1': 148.44, 'm7-1': 1.12, 'm8-1': 23.77}",0.14850000000002694,133.71699999999998,inf,133.816,133.816,133.816
223,T5,BESTEFFORT,MISSED,m7-1,23.906,"{'m1-1': 168.22, 'm2-1': 104.13, 'm3-1': 10.92, 'm4-1': 10.26, 'm5-1': 163.57, 'm6-1': 149.35, 'm7-1': 1.01, 'm8-1': 24.88}",0.13500000000000512,133.816,inf,133.906,133.906,133.906
224,T1,BESTEFFORT,MISSED,m7-1,23.914,"{'m1-1': 168.28, 'm2-1': 100.06, 'm3-1': 9.72, 'm4-1': 11.23, 'm5-1': 163.37, 'm6-1': 163.65, 'm7-1': 1.1, 'm8-1': 27.84}",0.011999999999972033,133.906,inf,133.914,133.914,133.914
225,T9,BESTEFFORT,MISSED,m7-1,23.943,"{'m1-1': 148.15, 'm2-1': 107.49, 'm3-1': 10.22, 'm4-1': 11.37, 'm5-1': 170.63, 'm6-1': 172.3, 'm7-1': 1.15, 'm8-1': 25.94}",0.043500000000037176,133.914,inf,133.943,133.943,133.943
226,T9,BESTEFFORT,MISSED,m7-1,23.958,"{'m1-1': 139.6, 'm2-1': 112.6, 'm3-1': 10.55, 'm4-1': 11.4, 'm5-1': 165.88, 'm6-1': 166.85, 'm7-1': 1.01, 'm8-1': 25.4}",0.0,133.958,inf,133.958,133.958,133.958
227,T10,BESTEFFORT,MISSED,m7-1,23.958,"{'m1-1': 165.04, 'm2-1': 102.69, 'm3-1': 10.21, 'm4-1': 10.62, 'm5-1': 158.13, 'm6-1': 153.6, 'm7-1': 1.07, 'm8-1': 26.48}",0.022499999999979536,133.943,inf,133.958,133.958,133.958
228,T2,BESTEFFORT,MISSED,m7-1,24.126,"{'m1-1': 158.56, 'm2-1': 104.68, 'm3-1': 10.24, 'm4-1': 11.1, 'm5-1': 149.49, 'm6-1': 172.5, 'm7-1': 1.02, 'm8-1': 27.54}",0.25200000000000955,133.958,inf,134.126,134.126,134.126
229,T6,BESTEFFORT,MISSED,m7-1,24.162,"{'m1-1': 171.81, 'm2-1': 98.45, 'm3-1': 11.56, 'm4-1': 10.84, 'm5-1': 150.25, 'm6-1': 158.7, 'm7-1': 1.1, 'm8-1': 28.31}",0.054000000000002046,134.126,inf,134.162,134.162,134.162
230,T2,BESTEFFORT,MISSED,m7-1,24.174,"{'m1-1': 168.44, 'm2-1': 110.01, 'm3-1': 10.12, 'm4-1': 10.01, 'm5-1': 147.55, 'm6-1': 177.87, 'm7-1': 1.02, 'm8-1': 25.36}",0.018000000000000682,134.162,inf,134.174,134.174,134.174
231,T7,BESTEFFORT,MISSED,m7-1,24.177,"{'m1-1': 152.88, 'm2-1': 109.79, 'm3-1': 10.84, 'm4-1': 11.2, 'm5-1': 166.47, 'm6-1': 143.44, 'm7-1': 1.06, 'm8-1': 25.73}",0.004499999999978854,134.174,inf,134.177,134.177,134.177
232,T5,BESTEFFORT,MISSED,m7-1,24.182,"{'m1-1': 156.74, 'm2-1': 106.81, 'm3-1': 11.18, 'm4-1': 10.29, 'm5-1': 148.15, 'm6-1': 147.64, 'm7-1': 1.1, 'm8-1': 25.93}",0.007499999999993179,134.177,inf,134.182,134.182,134.182
233,T6,BESTEFFORT,MISSED,m7-1,24.279,"{'m1-1': 165.67, 'm2-1': 100.06, 'm3-1': 11.27, 'm4-1': 10.98, 'm5-1': 140.5, 'm6-1': 145.11, 'm7-1': 0.99, 'm8-1': 25.95}",0.14550000000001262,134.182,inf,134.279,134.279,134.279
234,T7,BESTEFFORT,MISSED,m7-1,24.369,"{'m1-1': 155.65, 'm2-1': 95.52, 'm3-1': 10.55, 'm4-1': 11.34, 'm5-1': 149.43, 'm6-1': 164.16, 'm7-1': 0.96, 'm8-1': 27.89}",0.13500000000000512,134.279,inf,134.369,134.369,134.369
235,T4,BESTEFFORT,MISSED,m7-1,24.375,"{'m1-1': 158.39, 'm2-1': 102.75, 'm3-1': 10.37, 'm4-1': 9.39, 'm5-1': 146.38, 'm6-1': 146.48, 'm7-1': 1.04, 'm8-1': 25.67}",0.009000000000000341,134.369,inf,134.375,134.375,134.375
236,T5,BESTEFFORT,MISSED,m7-1,24.423,"{'m1-1': 156.69, 'm2-1': 108.72, 'm3-1': 11.26, 'm4-1': 11.06, 'm5-1': 150.14, 'm6-1': 158.7, 'm7-1': 1.0, 'm8-1': 24.37}",0.07200000000000273,134.375,inf,134.423,134.423,134.423
237,T3,BESTEFFORT,MISSED,m7-1,24.536,"{'m1-1': 149.67, 'm2-1': 111.92, 'm3-1': 9.97, 'm4-1': 11.35, 'm5-1': 148.09, 'm6-1': 151.89, 'm7-1': 0.96, 'm8-1': 28.54}",0.16949999999999932,134.423,inf,134.536,134.536,134.536
238,T5,BESTEFFORT,MISSED,m7-1,24.712,"{'m1-1': 172.17, 'm2-1': 105.22, 'm3-1': 10.22, 'm4-1': 11.19, 'm5-1': 147.62, 'm6-1': 155.59, 'm7-1': 1.01, 'm8-1': 24.22}",0.2639999999999816,134.536,inf,134.712,134.712,134.712
239,T6,BESTEFFORT,MISSED,m7-1,25.007,"{'m1-1': 169.07, 'm2-1': 110.21, 'm3-1': 10.0, 'm4-1': 11.57, 'm5-1': 154.1, 'm6-1': 152.58, 'm7-1': 1.0, 'm8-1': 24.11}",0.4425000000000239,134.712,inf,135.007,135.007,135.007
240,T10,BESTEFFORT,MISSED,m7-1,25.021,"{'m1-1': 165.08, 'm2-1': 99.61, 'm3-1': 9.4, 'm4-1': 11.0, 'm5-1': 139.85, 'm6-1': 157.06, 'm7-1': 1.1, 'm8-1': 26.21}",0.021000000000015007,135.007,inf,135.02100000000002,135.02100000000002,135.02100000000002
241,T10,BESTEFFORT,MISSED,m7-1,25.056,"{'m1-1': 162.63, 'm2-1': 98.53, 'm3-1': 9.57, 'm4-1': 11.16, 'm5-1': 158.13, 'm6-1': 145.15, 'm7-1': 1.03, 'm8-1': 28.36}",0.052499999999994884,135.02100000000002,inf,135.056,135.056,135.056
242,T5,BESTEFFORT,MISSED,m7-1,25.099,"{'m1-1': 164.68, 'm2-1': 104.43, 'm3-1': 9.89, 'm4-1': 11.27, 'm5-1': 137.89, 'm6-1': 154.81, 'm7-1': 0.99, 'm8-1': 24.32}",0.06449999999996692,135.056,inf,135.099,135.099,135.099
243,T2,BESTEFFORT,MISSED,m7-1,25.109,"{'m1-1': 156.7, 'm2-1': 97.24, 'm3-1': 9.88, 'm4-1': 9.76, 'm5-1': 161.4, 'm6-1': 178.84, 'm7-1': 1.12, 'm8-1': 27.21}",0.01500000000002899,135.099,inf,135.109,135.109,135.109
244,T2,BESTEFFORT,MISSED,m7-1,25.296,"{'m1-1': 152.9, 'm2-1': 102.33, 'm3-1': 10.26, 'm4-1': 10.14, 'm5-1': 145.32, 'm6-1': 161.22, 'm7-1': 1.07, 'm8-1': 27.16}",0.2804999999999751,135.109,inf,135.296,135.296,135.296
245,T10,BESTEFFORT,MISSED,m7-1,25.299,"{'m1-1': 154.29, 'm2-1': 105.67, 'm3-1': 9.92, 'm4-1': 10.1, 'm5-1': 144.23, 'm6-1': 170.2, 'm7-1': 1.02, 'm8-1': 27.06}",0.004500000000021487,135.296,inf,135.299,135.299,135.299
246,T10,BESTEFFORT,MISSED,m7-1,25.329,"{'m1-1': 152.53, 'm2-1': 99.8, 'm3-1': 10.55, 'm4-1': 11.38, 'm5-1': 158.86, 'm6-1': 154.66, 'm7-1': 1.08, 'm8-1': 28.08}",0.045000000000001705,135.299,inf,135.329,135.329,135.329
247,T2,BESTEFFORT,MISSED,m7-1,25.364,"{'m1-1': 161.43, 'm2-1': 100.59, 'm3-1': 11.12, 'm4-1': 11.0, 'm5-1': 156.79, 'm6-1': 173.58, 'm7-1': 1.01, 'm8-1': 23.77}",0.052499999999994884,135.329,inf,135.364,135.364,135.364
248,T10,BESTEFFORT,MISSED,m7-1,25.434,"{'m1-1': 170.17, 'm2-1': 102.38, 'm3-1': 10.49, 'm4-1': 10.06, 'm5-1': 152.34, 'm6-1': 169.81, 'm7-1': 1.08, 'm8-1': 24.89}",0.10499999999998977,135.364,inf,135.434,135.434,135.434
249,T8,BESTEFFORT,MISSED,m7-1,25.646,"{'m1-1': 163.86, 'm2-1': 103.16, 'm3-1': 10.38, 'm4-1': 9.6, 'm5-1': 147.72, 'm6-1': 155.99, 'm7-1': 1.04, 'm8-1': 24.98}",0.31800000000002626,135.434,inf,135.64600000000002,135.64600000000002,135.64600000000002
250,T5,BESTEFFORT,MISSED,m7-1,25.869,"{'m1-1': 162.48, 'm2-1': 108.37, 'm3-1': 10.8, 'm4-1': 10.59, 'm5-1': 154.17, 'm6-1': 161.14, 'm7-1': 1.04, 'm8-1': 25.68}",0.33449999999997715,135.64600000000002,inf,135.869,135.869,135.869
251,T8,BESTEFFORT,MISSED,m7-1,25.882,"{'m1-1': 154.6, 'm2-1': 100.12, 'm3-1': 11.18, 'm4-1': 9.49, 'm5-1': 155.36, 'm6-1': 153.94, 'm7-1': 0.92, 'm8-1': 24.25}",0.019500000000007844,135.869,inf,135.882,135.882,135.882
252,T5,BESTEFFORT,MISSED,m7-1,25.953,"{'m1-1': 159.93, 'm2-1': 115.02, 'm3-1': 10.47, 'm4-1': 11.32, 'm5-1': 158.2, 'm6-1': 150.61, 'm7-1': 1.06, 'm8-1': 27.74}",0.10649999999999693,135.882,inf,135.953,135.953,135.953
253,T6,BESTEFFORT,MISSED,m7-1,25.995,"{'m1-1': 155.53, 'm2-1': 96.72, 'm3-1': 10.69, 'm4-1': 10.8, 'm5-1': 151.18, 'm6-1': 161.78, 'm7-1': 1.11, 'm8-1': 25.87}",0.06300000000000239,135.953,inf,135.995,135.995,135.995
254,T5,BESTEFFORT,MISSED,m7-1,25.996,"{'m1-1': 176.46, 'm2-1': 115.71, 'm3-1': 10.12, 'm4-1': 10.45, 'm5-1': 163.26, 'm6-1': 154.74, 'm7-1': 1.09, 'm8-1': 25.43}",0.0015000000000071623,135.995,inf,135.996,135.996,135.996
255,T7,BESTEFFORT,MISSED,m7-1,26.01,"{'m1-1': 160.44, 'm2-1': 105.41, 'm3-1': 11.03, 'm4-1': 11.09, 'm5-1': 167.11, 'm6-1': 155.66, 'm7-1': 1.01, 'm8-1': 29.35}",0.020999999999972374,135.996,inf,136.01,136.01,136.01
256,T1,BESTEFFORT,MISSED,m7-1,26.242,"{'m1-1': 162.0, 'm2-1': 101.82, 'm3-1': 11.18, 'm4-1': 10.04, 'm5-1': 142.1, 'm6-1': 153.29, 'm7-1': 1.13, 'm8-1': 24.38}",0.347999999999999,136.01,inf,136.242,136.242,136.242
257,T10,BESTEFFORT,MISSED,m7-1,26.354,"{'m1-1': 145.92, 'm2-1': 103.73, 'm3-1': 10.33, 'm4-1': 11.12, 'm5-1': 150.53, 'm6-1': 167.87, 'm7-1': 1.18, 'm8-1': 24.07}",0.16799999999999216,136.242,inf,136.35399999999998,136.35399999999998,136.35399999999998
258,T4,BESTEFFORT,MISSED,m7-1,26.416,"{'m1-1': 163.53, 'm2-1': 103.04, 'm3-1': 9.74, 'm4-1': 10.79, 'm5-1': 158.14, 'm6-1': 161.38, 'm7-1': 1.04, 'm8-1': 26.86}",0.09300000000001774,136.35399999999998,inf,136.416,136.416,136.416
259,T9,BESTEFFORT,MISSED,m7-1,26.495,"{'m1-1': 142.2, 'm2-1': 115.0, 'm3-1': 9.86, 'm4-1': 10.14, 'm5-1': 155.76, 'm6-1': 151.29, 'm7-1': 1.15, 'm8-1': 28.58}",0.1185000000000116,136.416,inf,136.495,136.495,136.495
260,T4,BESTEFFORT,MISSED,m7-1,26.604,"{'m1-1': 148.13, 'm2-1': 100.85, 'm3-1': 10.86, 'm4-1': 10.6, 'm5-1': 162.64, 'm6-1': 144.11, 'm7-1': 1.0, 'm8-1': 27.0}",0.16349999999997067,136.495,inf,136.60399999999998,136.60399999999998,136.60399999999998
261,T10,BESTEFFORT,MISSED,m7-1,26.701,"{'m1-1': 145.7, 'm2-1': 103.52, 'm3-1': 10.97, 'm4-1': 11.06, 'm5-1': 146.88, 'm6-1': 166.76, 'm7-1': 1.06, 'm8-1': 27.22}",0.14550000000001262,136.60399999999998,inf,136.701,136.701,136.701
262,T3,BESTEFFORT,MISSED,m7-1,26.736,"{'m1-1': 152.0, 'm2-1': 97.64, 'm3-1': 11.3, 'm4-1': 9.93, 'm5-1': 143.98, 'm6-1': 147.75, 'm7-1': 0.98, 'm8-1': 25.37}",0.052499999999994884,136.701,inf,136.736,136.736,136.736
263,T1,BESTEFFORT,MISSED,m7-1,26.86,"{'m1-1': 175.12, 'm2-1': 107.27, 'm3-1': 9.65, 'm4-1': 10.67, 'm5-1': 155.95, 'm6-1': 154.93, 'm7-1': 1.17, 'm8-1': 23.68}",0.18600000000003547,136.736,inf,136.86,136.86,136.86
264,T7,BESTEFFORT,MISSED,m7-1,27.029,"{'m1-1': 166.99, 'm2-1': 97.71, 'm3-1': 10.71, 'm4-1': 11.14, 'm5-1': 150.1, 'm6-1': 166.97, 'm7-1': 1.06, 'm8-1': 27.68}",0.2534999999999741,136.86,inf,137.029,137.029,137.029
265,T8,BESTEFFORT,MISSED,m7-1,27.04,"{'m1-1': 152.71, 'm2-1': 102.21, 'm3-1': 10.85, 'm4-1': 10.37, 'm5-1': 171.13, 'm6-1': 165.6, 'm7-1': 0.94, 'm8-1': 24.64}",0.01649999999999352,137.029,inf,137.04,137.04,137.04
266,T4,BESTEFFORT,MISSED,m7-1,27.184,"{'m1-1': 165.42, 'm2-1': 108.99, 'm3-1': 9.63, 'm4-1': 9.93, 'm5-1': 157.08, 'm6-1': 154.07, 'm7-1': 1.02, 'm8-1': 25.95}",0.21600000000000819,137.04,inf,137.184,137.184,137.184
267,T5,BESTEFFORT,MISSED,m7-1,27.222,"{'m1-1': 152.89, 'm2-1': 104.75, 'm3-1': 10.57, 'm4-1': 10.56, 'm5-1': 154.02, 'm6-1': 160.28, 'm7-1': 1.04, 'm8-1': 28.14}",0.05700000000001637,137.184,inf,137.222,137.222,137.222
268,T8,BESTEFFORT,MISSED,m7-1,27.379,"{'m1-1': 158.66, 'm2-1': 102.26, 'm3-1': 10.97, 'm4-1': 10.9, 'm5-1': 165.08, 'm6-1': 144.63, 'm7-1': 0.93, 'm8-1': 25.25}",0.2354999999999734,137.222,inf,137.379,137.379,137.379
269,T1,BESTEFFORT,MISSED,m7-1,27.461,"{'m1-1': 171.0, 'm2-1': 109.66, 'm3-1': 11.03, 'm4-1': 9.94, 'm5-1': 157.57, 'm6-1': 155.28, 'm7-1': 1.09, 'm8-1': 27.44}",0.12300000000003308,137.379,inf,137.461,137.461,137.461
270,T10,BESTEFFORT,MISSED,m7-1,27.508,"{'m1-1': 159.02, 'm2-1': 108.96, 'm3-1': 10.51, 'm4-1': 10.84, 'm5-1': 144.61, 'm6-1': 146.77, 'm7-1': 1.17, 'm8-1': 24.35}",0.07049999999999557,137.461,inf,137.508,137.508,137.508
271,T10,BESTEFFORT,MISSED,m7-1,27.737,"{'m1-1': 167.74, 'm2-1': 93.94, 'm3-1': 9.51, 'm4-1': 10.78, 'm5-1': 139.54, 'm6-1': 156.71, 'm7-1': 1.02, 'm8-1': 25.21}",0.3434999999999775,137.508,inf,137.737,137.737,137.737
272,T9,BESTEFFORT,MISSED,m7-1,27.745,"{'m1-1': 162.92, 'm2-1': 104.2, 'm3-1': 10.4, 'm4-1': 10.77, 'm5-1': 156.12, 'm6-1': 157.03, 'm7-1': 1.04, 'm8-1': 28.59}",0.012000000000014666,137.737,inf,137.745,137.745,137.745
273,T6,BESTEFFORT,MISSED,m7-1,27.848,"{'m1-1': 155.39, 'm2-1': 95.01, 'm3-1': 10.02, 'm4-1': 10.8, 'm5-1': 146.7, 'm6-1': 151.66, 'm7-1': 0.99, 'm8-1': 27.54}",0.15450000000001296,137.745,inf,137.848,137.848,137.848
274,T6,BESTEFFORT,MISSED,m7-1,27.969,"{'m1-1': 150.37, 'm2-1': 107.1, 'm3-1': 10.1, 'm4-1': 10.12, 'm5-1': 150.54, 'm6-1': 146.96, 'm7-1': 1.06, 'm8-1': 27.41}",0.18149999999997135,137.848,inf,137.969,137.969,137.969
275,T9,BESTEFFORT,MISSED,m7-1,28.024,"{'m1-1': 157.87, 'm2-1': 101.38, 'm3-1': 10.81, 'm4-1': 10.87, 'm5-1': 167.25, 'm6-1': 156.37, 'm7-1': 1.02, 'm8-1': 25.74}",0.08250000000001023,137.969,inf,138.024,138.024,138.024
276,T9,BESTEFFORT,MISSED,m7-1,28.226,"{'m1-1': 157.53, 'm2-1': 116.54, 'm3-1': 10.04, 'm4-1': 11.08, 'm5-1': 156.43, 'm6-1': 159.67, 'm7-1': 1.04, 'm8-1': 26.88}",0.30299999999999727,138.024,inf,138.226,138.226,138.226
277,T10,BESTEFFORT,MISSED,m7-1,28.24,"{'m1-1': 143.97, 'm2-1': 110.67, 'm3-1': 10.78, 'm4-1': 9.75, 'm5-1': 158.92, 'm6-1': 170.84, 'm7-1': 1.04, 'm8-1': 24.46}",0.021000000000015007,138.226,inf,138.24,138.24,138.24
278,T8,BESTEFFORT,MISSED,m7-1,28.276,"{'m1-1': 166.53, 'm2-1': 100.04, 'm3-1': 10.15, 'm4-1': 10.05, 'm5-1': 148.93, 'm6-1': 147.94, 'm7-1': 1.1, 'm8-1': 26.5}",0.054000000000002046,138.24,inf,138.276,138.276,138.276
279,T6,BESTEFFORT,MISSED,m7-1,28.315,"{'m1-1': 170.66, 'm2-1': 103.27, 'm3-1': 11.13, 'm4-1': 11.46, 'm5-1': 141.49, 'm6-1': 159.61, 'm7-1': 0.99, 'm8-1': 25.32}",0.0584999999999809,138.276,inf,138.315,138.315,138.315
280,T7,BESTEFFORT,MISSED,m7-1,28.325,"{'m1-1': 165.9, 'm2-1': 104.94, 'm3-1': 10.24, 'm4-1': 10.7, 'm5-1': 170.65, 'm6-1': 168.46, 'm7-1': 0.94, 'm8-1': 25.54}",0.014999999999986358,138.315,inf,138.325,138.325,138.325
281,T2,BESTEFFORT,MISSED,m7-1,28.337,"{'m1-1': 168.22, 'm2-1': 106.34, 'm3-1': 10.96, 'm4-1': 9.75, 'm5-1': 163.49, 'm6-1': 156.55, 'm7-1': 1.18, 'm8-1': 26.08}",0.018000000000000682,138.325,inf,138.337,138.337,138.337
282,T6,BESTEFFORT,MISSED,m7-1,28.391,"{'m1-1': 158.33, 'm2-1': 104.4, 'm3-1': 10.78, 'm4-1': 10.3, 'm5-1': 143.42, 'm6-1': 160.0, 'm7-1': 1.04, 'm8-1': 25.18}",0.08100000000000307,138.337,inf,138.391,138.391,138.391
283,T4,BESTEFFORT,MISSED,m7-1,28.669,"{'m1-1': 161.71, 'm2-1': 110.58, 'm3-1': 9.81, 'm4-1': 9.44, 'm5-1': 156.08, 'm6-1': 149.6, 'm7-1': 1.05, 'm8-1': 27.7}",0.41700000000003,138.391,inf,138.669,138.669,138.669
284,T8,BESTEFFORT,MISSED,m7-1,28.756,"{'m1-1': 159.05, 'm2-1': 105.42, 'm3-1': 10.15, 'm4-1': 9.9, 'm5-1': 153.61, 'm6-1': 167.48, 'm7-1': 1.07, 'm8-1': 26.04}",0.13049999999998363,138.669,inf,138.756,138.756,138.756
285,T8,BESTEFFORT,MISSED,m7-1,28.809,"{'m1-1': 151.67, 'm2-1': 96.53, 'm3-1': 11.44, 'm4-1': 9.84, 'm5-1': 147.81, 'm6-1': 144.45, 'm7-1': 1.0, 'm8-1': 26.5}",0.07949999999999591,138.756,inf,138.809,138.809,138.809
286,T10,BESTEFFORT,MISSED,m7-1,29.464,"{'m1-1': 148.06, 'm2-1': 106.84, 'm3-1': 9.39, 'm4-1': 9.9, 'm5-1': 141.66, 'm6-1': 157.24, 'm7-1': 1.16, 'm8-1': 24.86}",0.9825000000000017,138.809,inf,139.464,139.464,139.464
287,T10,BESTEFFORT,MISSED,m7-1,29.483,"{'m1-1': 168.79, 'm2-1': 97.12, 'm3-1': 10.25, 'm4-1': 11.2, 'm5-1': 162.03, 'm6-1': 165.94, 'm7-1': 1.18, 'm8-1': 26.7}",0.028500000000008185,139.464,inf,139.483,139.483,139.483
288,T6,BESTEFFORT,MISSED,m7-1,29.492,"{'m1-1': 174.51, 'm2-1': 103.96, 'm3-1': 11.15, 'm4-1': 11.58, 'm5-1': 141.71, 'm6-1': 162.66, 'm7-1': 0.98, 'm8-1': 28.1}",0.013499999999979195,139.483,inf,139.492,139.492,139.492
289,T6,BESTEFFORT,MISSED,m7-1,29.747,"{'m1-1': 149.18, 'm2-1': 98.16, 'm3-1': 11.54, 'm4-1': 11.13, 'm5-1': 158.64, 'm6-1': 156.22, 'm7-1': 0.97, 'm8-1': 24.41}",0.3825000000000358,139.492,inf,139.747,139.747,139.747
290,T7,BESTEFFORT,MISSED,m7-1,29.805,"{'m1-1': 159.62, 'm2-1': 109.18, 'm3-1': 11.18, 'm4-1': 10.59, 'm5-1': 153.26, 'm6-1': 148.12, 'm7-1': 1.04, 'm8-1': 25.27}",0.08699999999998909,139.747,inf,139.805,139.805,139.805
291,T9,BESTEFFORT,MISSED,m7-1,29.945,"{'m1-1': 144.24, 'm2-1': 110.99, 'm3-1': 10.73, 'm4-1': 10.62, 'm5-1': 172.08, 'm6-1': 156.1, 'm7-1': 1.05, 'm8-1': 27.8}",0.20999999999997954,139.805,inf,139.945,139.945,139.945
292,T3,BESTEFFORT,MISSED,m7-1,30.027,"{'m1-1': 171.15, 'm2-1': 106.32, 'm3-1': 9.87, 'm4-1': 10.78, 'm5-1': 161.15, 'm6-1': 157.36, 'm7-1': 0.92, 'm8-1': 24.88}",0.12299999999999045,139.945,inf,140.027,140.027,140.027
293,T5,BESTEFFORT,MISSED,m7-1,30.315,"{'m1-1': 159.19, 'm2-1': 104.28, 'm3-1': 9.72, 'm4-1': 10.04, 'm5-1': 137.62, 'm6-1': 150.41, 'm7-1': 1.01, 'm8-1': 24.96}",0.43200000000001637,140.027,inf,140.315,140.315,140.315
294,T9,BESTEFFORT,MISSED,m7-1,30.357,"{'m1-1': 158.28, 'm2-1': 116.95, 'm3-1': 10.35, 'm4-1': 10.19, 'm5-1': 169.16, 'm6-1': 170.05, 'm7-1': 1.06, 'm8-1': 25.04}",0.06300000000000239,140.315,inf,140.357,140.357,140.357
295,T8,BESTEFFORT,MISSED,m7-1,30.473,"{'m1-1': 174.5, 'm2-1': 106.54, 'm3-1': 10.11, 'm4-1': 9.52, 'm5-1': 170.13, 'm6-1': 150.1, 'm7-1': 0.99, 'm8-1': 25.35}",0.1740000000000208,140.357,inf,140.473,140.473,140.473
296,T6,BESTEFFORT,MISSED,m7-1,30.479,"{'m1-1': 169.8, 'm2-1': 104.11, 'm3-1': 11.01, 'm4-1': 10.15, 'm5-1': 146.79, 'm6-1': 165.59, 'm7-1': 1.04, 'm8-1': 28.1}",0.008999999999957708,140.473,inf,140.47899999999998,140.47899999999998,140.47899999999998
297,T8,BESTEFFORT,MISSED,m7-1,30.521,"{'m1-1': 169.5, 'm2-1': 95.64, 'm3-1': 10.2, 'm4-1': 10.93, 'm5-1': 171.39, 'm6-1': 162.78, 'm7-1': 1.0, 'm8-1': 27.56}",0.06300000000004502,140.47899999999998,inf,140.52100000000002,140.52100000000002,140.52100000000002
298,T10,BESTEFFORT,MISSED,m7-1,30.523,"{'m1-1': 155.71, 'm2-1': 97.1, 'm3-1': 10.26, 'm4-1': 11.28, 'm5-1': 163.86, 'm6-1': 155.79, 'm7-1': 1.1, 'm8-1': 26.5}",0.002999999999971692,140.52100000000002,inf,140.523,140.523,140.523
299,T8,BESTEFFORT,MISSED,m7-1,30.558,"{'m1-1': 170.19, 'm2-1': 96.33, 'm3-1': 10.45, 'm4-1': 10.2, 'm5-1': 155.01, 'm6-1': 160.29, 'm7-1': 0.92, 'm8-1': 26.52}",0.052499999999994884,140.523,inf,140.558,140.558,140.558
300,T9,BESTEFFORT,MISSED,m7-1,30.594,"{'m1-1': 138.9, 'm2-1': 111.02, 'm3-1': 10.87, 'm4-1': 11.05, 'm5-1': 145.63, 'm6-1': 163.83, 'm7-1': 1.01, 'm8-1': 29.25}",0.054000000000002046,140.558,inf,140.594,140.594,140.594
301,T8,BESTEFFORT,MISSED,m7-1,30.619,"{'m1-1': 162.9, 'm2-1': 102.08, 'm3-1': 10.47, 'm4-1': 10.68, 'm5-1': 164.42, 'm6-1': 150.39, 'm7-1': 1.09, 'm8-1': 27.01}",0.037500000000008527,140.594,inf,140.619,140.619,140.619
302,T9,BESTEFFORT,MISSED,m7-1,30.753,"{'m1-1': 153.66, 'm2-1': 106.18, 'm3-1': 10.59, 'm4-1': 10.42, 'm5-1': 153.27, 'm6-1': 169.69, 'm7-1': 1.14, 'm8-1': 28.87}",0.2009999999999792,140.619,inf,140.753,140.753,140.753
303,T3,BESTEFFORT,MISSED,m7-1,30.971,"{'m1-1': 158.87, 'm2-1': 108.02, 'm3-1': 10.01, 'm4-1': 11.42, 'm5-1': 162.83, 'm6-1': 149.52, 'm7-1': 0.95, 'm8-1': 28.85}",0.3270000000000266,140.753,inf,140.971,140.971,140.971
304,T10,BESTEFFORT,MISSED,m7-1,31.031,"{'m1-1': 162.78, 'm2-1': 98.28, 'm3-1': 9.98, 'm4-1': 10.54, 'm5-1': 139.76, 'm6-1': 148.9, 'm7-1': 1.09, 'm8-1': 26.94}",0.09000000000000341,140.971,inf,141.031,141.031,141.031
305,T9,BESTEFFORT,MISSED,m7-1,31.046,"{'m1-1': 142.2, 'm2-1': 105.31, 'm3-1': 9.7, 'm4-1': 10.26, 'm5-1': 166.29, 'm6-1': 159.29, 'm7-1': 1.05, 'm8-1': 29.11}",0.022499999999979536,141.031,inf,141.046,141.046,141.046
306,T8,BESTEFFORT,MISSED,m7-1,31.119,"{'m1-1': 170.19, 'm2-1': 107.18, 'm3-1': 10.27, 'm4-1': 10.45, 'm5-1': 166.59, 'm6-1': 162.74, 'm7-1': 1.06, 'm8-1': 25.03}",0.10950000000001125,141.046,inf,141.119,141.119,141.119
307,T4,BESTEFFORT,MISSED,m7-1,31.196,"{'m1-1': 148.55, 'm2-1': 107.42, 'm3-1': 10.24, 'm4-1': 9.49, 'm5-1': 161.5, 'm6-1': 156.05, 'm7-1': 1.14, 'm8-1': 24.7}",0.11549999999999727,141.119,inf,141.196,141.196,141.196
308,T5,BESTEFFORT,MISSED,m7-1,31.266,"{'m1-1': 170.9, 'm2-1': 108.08, 'm3-1': 10.52, 'm4-1': 10.4, 'm5-1': 155.54, 'm6-1': 168.81, 'm7-1': 1.07, 'm8-1': 26.56}",0.10499999999998977,141.196,inf,141.266,141.266,141.266
309,T8,BESTEFFORT,MISSED,m7-1,31.333,"{'m1-1': 172.74, 'm2-1': 109.73, 'm3-1': 10.85, 'm4-1': 9.68, 'm5-1': 171.82, 'm6-1': 142.97, 'm7-1': 0.98, 'm8-1': 24.8}",0.10050000000001091,141.266,inf,141.333,141.333,141.333
310,T8,BESTEFFORT,MISSED,m7-1,31.343,"{'m1-1': 171.01, 'm2-1': 102.48, 'm3-1': 11.01, 'm4-1': 10.8, 'm5-1': 150.23, 'm6-1': 162.01, 'm7-1': 1.04, 'm8-1': 26.88}",0.014999999999986358,141.333,inf,141.343,141.343,141.343
311,T6,BESTEFFORT,MISSED,m7-1,31.365,"{'m1-1': 152.5, 'm2-1': 94.38, 'm3-1': 10.13, 'm4-1': 11.3, 'm5-1': 143.8, 'm6-1': 145.95, 'm7-1': 1.13, 'm8-1': 27.56}",0.03300000000002967,141.343,inf,141.365,141.365,141.365
312,T9,BESTEFFORT,MISSED,m7-1,31.607,"{'m1-1': 157.42, 'm2-1': 103.07, 'm3-1': 9.94, 'm4-1': 10.51, 'm5-1': 162.42, 'm6-1': 166.96, 'm7-1': 1.14, 'm8-1': 27.25}",0.36299999999998533,141.365,inf,141.607,141.607,141.607
313,T4,BESTEFFORT,MISSED,m7-1,31.631,"{'m1-1': 157.78, 'm2-1': 102.68, 'm3-1': 10.34, 'm4-1': 10.93, 'm5-1': 156.22, 'm6-1': 151.4, 'm7-1': 1.11, 'm8-1': 23.48}",0.036000000000001364,141.607,inf,141.631,141.631,141.631
314,T2,BESTEFFORT,MISSED,m7-1,31.708,"{'m1-1': 164.61, 'm2-1': 107.95, 'm3-1': 9.44, 'm4-1': 10.99, 'm5-1': 149.41, 'm6-1': 175.86, 'm7-1': 1.13, 'm8-1': 24.48}",0.11549999999999727,141.631,inf,141.708,141.708,141.708
315,T4,BESTEFFORT,MISSED,m7-1,31.758,"{'m1-1': 147.87, 'm2-1': 105.56, 'm3-1': 9.8, 'm4-1': 10.96, 'm5-1': 143.5, 'm6-1': 157.39, 'm7-1': 1.03, 'm8-1': 26.21}",0.07500000000001705,141.708,inf,141.758,141.758,141.758
316,T7,BESTEFFORT,MISSED,m7-1,31.771,"{'m1-1': 165.42, 'm2-1': 94.6, 'm3-1': 11.15, 'm4-1': 10.5, 'm5-1': 153.83, 'm6-1': 143.97, 'm7-1': 1.06, 'm8-1': 29.06}",0.019500000000007844,141.758,inf,141.77100000000002,141.77100000000002,141.77100000000002
317,T7,BESTEFFORT,MISSED,m7-1,31.836,"{'m1-1': 153.28, 'm2-1': 94.57, 'm3-1': 10.69, 'm4-1': 11.21, 'm5-1': 174.18, 'm6-1': 146.61, 'm7-1': 0.94, 'm8-1': 29.21}",0.09749999999999659,141.77100000000002,inf,141.836,141.836,141.836
318,T6,BESTEFFORT,MISSED,m7-1,31.967,"{'m1-1': 170.12, 'm2-1': 106.22, 'm3-1': 10.89, 'm4-1': 11.45, 'm5-1': 163.63, 'm6-1': 158.4, 'm7-1': 1.11, 'm8-1': 26.18}",0.1964999999999577,141.836,inf,141.96699999999998,141.96699999999998,141.96699999999998
319,T7,BESTEFFORT,MISSED,m7-1,32.039,"{'m1-1': 144.88, 'm2-1': 96.85, 'm3-1': 11.04, 'm4-1': 9.81, 'm5-1': 171.22, 'm6-1': 158.87, 'm7-1': 0.96, 'm8-1': 25.62}",0.10800000000000409,141.96699999999998,inf,142.039,142.039,142.039
320,T4,BESTEFFORT,MISSED,m7-1,32.225,"{'m1-1': 155.54, 'm2-1': 94.04, 'm3-1': 10.62, 'm4-1': 10.32, 'm5-1': 162.64, 'm6-1': 145.5, 'm7-1': 1.11, 'm8-1': 24.58}",0.2790000000000106,142.039,inf,142.225,142.225,142.225
321,T10,BESTEFFORT,MISSED,m7-1,32.259,"{'m1-1': 160.95, 'm2-1': 103.85, 'm3-1': 10.34, 'm4-1': 11.26, 'm5-1': 157.99, 'm6-1': 159.62, 'm7-1': 1.07, 'm8-1': 25.44}",0.051000000000030354,142.225,inf,142.25900000000001,142.25900000000001,142.25900000000001
322,T5,BESTEFFORT,MISSED,m7-1,32.427,"{'m1-1': 160.23, 'm2-1': 113.62, 'm3-1': 11.31, 'm4-1': 11.31, 'm5-1': 157.23, 'm6-1': 144.04, 'm7-1': 1.08, 'm8-1': 25.45}",0.0,142.427,inf,142.427,142.427,142.427
323,T4,BESTEFFORT,MISSED,m7-1,32.427,"{'m1-1': 163.76, 'm2-1': 97.36, 'm3-1': 10.86, 'm4-1': 10.71, 'm5-1': 145.41, 'm6-1': 158.35, 'm7-1': 1.03, 'm8-1': 26.31}",0.2519999999999669,142.25900000000001,inf,142.427,142.427,142.427
324,T4,BESTEFFORT,MISSED,m7-1,32.434,"{'m1-1': 142.88, 'm2-1': 110.17, 'm3-1': 10.46, 'm4-1': 9.45, 'm5-1': 156.1, 'm6-1': 151.39, 'm7-1': 1.01, 'm8-1': 27.53}",0.010500000000007503,142.427,inf,142.434,142.434,142.434
325,T7,BESTEFFORT,MISSED,m7-1,32.596,"{'m1-1': 144.34, 'm2-1': 98.96, 'm3-1': 10.18, 'm4-1': 11.2, 'm5-1': 157.42, 'm6-1': 165.45, 'm7-1': 0.94, 'm8-1': 29.32}",0.2430000000000092,142.434,inf,142.596,142.596,142.596
326,T8,BESTEFFORT,MISSED,m7-1,32.662,"{'m1-1': 170.49, 'm2-1': 94.32, 'm3-1': 10.44, 'm4-1': 10.44, 'm5-1': 162.97, 'm6-1': 145.96, 'm7-1': 1.04, 'm8-1': 26.18}",0.09900000000000375,142.596,inf,142.662,142.662,142.662
327,T5,BESTEFFORT,MISSED,m7-1,32.673,"{'m1-1': 161.38, 'm2-1': 108.06, 'm3-1': 10.89, 'm4-1': 10.75, 'm5-1': 158.18, 'm6-1': 150.4, 'm7-1': 0.94, 'm8-1': 25.88}",0.01649999999999352,142.662,inf,142.673,142.673,142.673
328,T9,BESTEFFORT,MISSED,m7-1,32.817,"{'m1-1': 142.32, 'm2-1': 104.38, 'm3-1': 10.34, 'm4-1': 10.21, 'm5-1': 155.54, 'm6-1': 171.4, 'm7-1': 1.03, 'm8-1': 26.48}",0.21600000000000819,142.673,inf,142.817,142.817,142.817
329,T7,BESTEFFORT,MISSED,m7-1,32.824,"{'m1-1': 155.5, 'm2-1': 100.36, 'm3-1': 11.24, 'm4-1': 10.29, 'm5-1': 172.58, 'm6-1': 163.79, 'm7-1': 1.06, 'm8-1': 27.36}",0.010500000000007503,142.817,inf,142.824,142.824,142.824
330,T10,BESTEFFORT,MISSED,m7-1,32.873,"{'m1-1': 151.35, 'm2-1': 105.02, 'm3-1': 9.48, 'm4-1': 10.79, 'm5-1': 147.99, 'm6-1': 159.85, 'm7-1': 1.04, 'm8-1': 27.59}",0.07349999999996726,142.824,inf,142.873,142.873,142.873
331,T7,BESTEFFORT,MISSED,m7-1,32.895,"{'m1-1': 164.77, 'm2-1': 107.77, 'm3-1': 11.18, 'm4-1': 10.33, 'm5-1': 169.1, 'm6-1': 156.71, 'm7-1': 1.03, 'm8-1': 27.42}",0.03300000000002967,142.873,inf,142.895,142.895,142.895
332,T9,BESTEFFORT,MISSED,m7-1,32.897,"{'m1-1': 151.94, 'm2-1': 118.14, 'm3-1': 10.72, 'm4-1': 9.98, 'm5-1': 150.16, 'm6-1': 161.13, 'm7-1': 1.08, 'm8-1': 24.94}",0.002999999999971692,142.895,inf,142.897,142.897,142.897
333,T9,BESTEFFORT,MISSED,m7-1,32.933,"{'m1-1': 160.98, 'm2-1': 110.1, 'm3-1': 9.99, 'm4-1': 10.03, 'm5-1': 151.21, 'm6-1': 160.02, 'm7-1': 1.11, 'm8-1': 29.0}",0.054000000000002046,142.897,inf,142.933,142.933,142.933
334,T8,BESTEFFORT,MISSED,m7-1,33.075,"{'m1-1': 161.37, 'm2-1': 101.08, 'm3-1': 9.99, 'm4-1': 10.98, 'm5-1': 149.38, 'm6-1': 145.47, 'm7-1': 0.96, 'm8-1': 24.29}",0.21299999999999386,142.933,inf,143.075,143.075,143.075
335,T8,BESTEFFORT,MISSED,m7-1,33.126,"{'m1-1': 157.47, 'm2-1': 93.72, 'm3-1': 9.84, 'm4-1': 9.4, 'm5-1': 165.08, 'm6-1': 155.69, 'm7-1': 0.97, 'm8-1': 25.23}",0.07650000000002422,143.075,inf,143.126,143.126,143.126
336,T6,BESTEFFORT,MISSED,m7-1,33.279,"{'m1-1': 154.09, 'm2-1': 101.95, 'm3-1': 10.48, 'm4-1': 11.1, 'm5-1': 142.39, 'm6-1': 171.2, 'm7-1': 1.11, 'm8-1': 27.64}",0.22949999999998738,143.126,inf,143.279,143.279,143.279
337,T2,BESTEFFORT,MISSED,m7-1,33.36,"{'m1-1': 160.06, 'm2-1': 103.32, 'm3-1': 10.49, 'm4-1': 10.0, 'm5-1': 157.39, 'm6-1': 152.93, 'm7-1': 1.15, 'm8-1': 26.92}",0.12150000000002592,143.279,inf,143.36,143.36,143.36
338,T9,BESTEFFORT,MISSED,m7-1,33.397,"{'m1-1': 163.81, 'm2-1': 112.76, 'm3-1': 10.64, 'm4-1': 10.26, 'm5-1': 158.12, 'm6-1': 166.85, 'm7-1': 1.17, 'm8-1': 29.25}",0.055499999999966576,143.36,inf,143.397,143.397,143.397
339,T2,BESTEFFORT,MISSED,m7-1,33.724,"{'m1-1': 158.06, 'm2-1': 99.51, 'm3-1': 10.27, 'm4-1': 10.66, 'm5-1': 157.32, 'm6-1': 173.98, 'm7-1': 1.13, 'm8-1': 28.04}",0.49049999999999727,143.397,inf,143.724,143.724,143.724
340,T8,BESTEFFORT,MISSED,m7-1,33.793,"{'m1-1': 158.66, 'm2-1': 93.64, 'm3-1': 10.47, 'm4-1': 9.78, 'm5-1': 160.45, 'm6-1': 153.63, 'm7-1': 1.05, 'm8-1': 28.28}",0.10350000000002524,143.724,inf,143.793,143.793,143.793
341,T2,BESTEFFORT,MISSED,m7-1,33.826,"{'m1-1': 156.64, 'm2-1': 95.25, 'm3-1': 11.0, 'm4-1': 10.51, 'm5-1': 156.29, 'm6-1': 171.12, 'm7-1': 1.1, 'm8-1': 27.33}",0.04949999999998056,143.793,inf,143.826,143.826,143.826
342,T10,BESTEFFORT,MISSED,m7-1,33.869,"{'m1-1': 168.67, 'm2-1': 110.47, 'm3-1': 9.64, 'm4-1': 9.96, 'm5-1': 155.93, 'm6-1': 156.57, 'm7-1': 1.13, 'm8-1': 25.18}",0.06450000000000955,143.826,inf,143.869,143.869,143.869
343,T10,BESTEFFORT,MISSED,m7-1,33.929,"{'m1-1': 163.86, 'm2-1': 97.0, 'm3-1': 10.29, 'm4-1': 10.97, 'm5-1': 163.02, 'm6-1': 154.66, 'm7-1': 1.15, 'm8-1': 27.66}",0.09000000000000341,143.869,inf,143.929,143.929,143.929
344,T10,BESTEFFORT,MISSED,m7-1,34.216,"{'m1-1': 147.36, 'm2-1': 107.03, 'm3-1': 9.58, 'm4-1': 9.85, 'm5-1': 153.14, 'm6-1': 155.13, 'm7-1': 1.03, 'm8-1': 26.34}",0.4305000000000092,143.929,inf,144.216,144.216,144.216
345,T7,BESTEFFORT,MISSED,m7-1,34.484,"{'m1-1': 144.09, 'm2-1': 101.68, 'm3-1': 10.68, 'm4-1': 9.96, 'm5-1': 149.67, 'm6-1': 168.48, 'm7-1': 1.03, 'm8-1': 25.03}",0.402000000000001,144.216,inf,144.484,144.484,144.484
346,T5,BESTEFFORT,MISSED,m7-1,34.768,"{'m1-1': 167.91, 'm2-1': 110.27, 'm3-1': 10.45, 'm4-1': 10.82, 'm5-1': 138.85, 'm6-1': 145.83, 'm7-1': 1.1, 'm8-1': 25.52}",0.4259999999999877,144.484,inf,144.768,144.768,144.768
347,T4,BESTEFFORT,MISSED,m7-1,34.92,"{'m1-1': 153.12, 'm2-1': 96.13, 'm3-1': 11.36, 'm4-1': 9.96, 'm5-1': 160.7, 'm6-1': 155.88, 'm7-1': 1.17, 'm8-1': 23.42}",0.22800000000002285,144.768,inf,144.92000000000002,144.92000000000002,144.92000000000002
348,T1,BESTEFFORT,MISSED,m7-1,34.923,"{'m1-1': 174.84, 'm2-1': 109.72, 'm3-1': 10.32, 'm4-1': 10.0, 'm5-1': 163.25, 'm6-1': 161.81, 'm7-1': 1.08, 'm8-1': 25.5}",0.004499999999978854,144.92000000000002,inf,144.923,144.923,144.923
349,T5,BESTEFFORT,MISSED,m7-1,34.942,"{'m1-1': 166.06, 'm2-1': 102.12, 'm3-1': 10.22, 'm4-1': 11.22, 'm5-1': 163.64, 'm6-1': 150.4, 'm7-1': 0.96, 'm8-1': 24.67}",0.028500000000008185,144.923,inf,144.942,144.942,144.942
350,T2,BESTEFFORT,MISSED,m7-1,34.979,"{'m1-1': 169.63, 'm2-1': 97.52, 'm3-1': 10.8, 'm4-1': 11.21, 'm5-1': 165.41, 'm6-1': 159.47, 'm7-1': 1.07, 'm8-1': 24.8}",0.055499999999966576,144.942,inf,144.97899999999998,144.97899999999998,144.97899999999998
351,T1,BESTEFFORT,MISSED,m7-1,35.101,"{'m1-1': 158.87, 'm2-1': 115.58, 'm3-1': 9.65, 'm4-1': 10.74, 'm5-1': 151.76, 'm6-1': 156.39, 'm7-1': 1.14, 'm8-1': 26.54}",0.18300000000002115,144.97899999999998,inf,145.101,145.101,145.101
352,T8,BESTEFFORT,MISSED,m7-1,35.183,"{'m1-1': 168.5, 'm2-1': 95.84, 'm3-1': 9.84, 'm4-1': 10.27, 'm5-1': 146.61, 'm6-1': 166.21, 'm7-1': 1.04, 'm8-1': 25.38}",0.12299999999999045,145.101,inf,145.183,145.183,145.183
353,T3,BESTEFFORT,MISSED,m7-1,35.227,"{'m1-1': 158.06, 'm2-1': 107.92, 'm3-1': 10.16, 'm4-1': 10.06, 'm5-1': 167.37, 'm6-1': 154.09, 'm7-1': 1.03, 'm8-1': 28.29}",0.06600000000001671,145.183,inf,145.227,145.227,145.227
354,T2,BESTEFFORT,MISSED,m7-1,35.559,"{'m1-1': 165.15, 'm2-1': 107.04, 'm3-1': 10.37, 'm4-1': 10.73, 'm5-1': 162.96, 'm6-1': 175.48, 'm7-1': 1.01, 'm8-1': 25.82}",0.49799999999999045,145.227,inf,145.559,145.559,145.559
355,T10,BESTEFFORT,MISSED,m7-1,35.608,"{'m1-1': 155.59, 'm2-1': 106.75, 'm3-1': 10.64, 'm4-1': 10.11, 'm5-1': 144.03, 'm6-1': 144.81, 'm7-1': 1.14, 'm8-1': 24.08}",0.07350000000000989,145.559,inf,145.608,145.608,145.608
356,T7,BESTEFFORT,MISSED,m7-1,35.653,"{'m1-1': 143.32, 'm2-1': 104.06, 'm3-1': 10.89, 'm4-1': 10.25, 'm5-1': 174.54, 'm6-1': 162.15, 'm7-1': 0.98, 'm8-1': 29.65}",0.06749999999998124,145.608,inf,145.653,145.653,145.653
357,T5,BESTEFFORT,MISSED,m7-1,35.657,"{'m1-1': 154.65, 'm2-1': 112.65, 'm3-1': 10.05, 'm4-1': 10.84, 'm5-1': 146.04, 'm6-1': 157.1, 'm7-1': 1.06, 'm8-1': 27.6}",0.0059999999999860165,145.653,inf,145.65699999999998,145.65699999999998,145.65699999999998
358,T7,BESTEFFORT,MISSED,m7-1,35.684,"{'m1-1': 165.86, 'm2-1': 102.54, 'm3-1': 10.19, 'm4-1': 9.62, 'm5-1': 163.45, 'm6-1': 156.56, 'm7-1': 1.08, 'm8-1': 26.22}",0.04050000000002285,145.65699999999998,inf,145.684,145.684,145.684
359,T2,BESTEFFORT,MISSED,m7-1,35.689,"{'m1-1': 155.4, 'm2-1': 103.11, 'm3-1': 10.13, 'm4-1': 10.75, 'm5-1': 168.33, 'm6-1': 165.4, 'm7-1': 1.04, 'm8-1': 26.31}",0.007499999999993179,145.684,inf,145.689,145.689,145.689
360,T7,BESTEFFORT,MISSED,m7-1,35.721,"{'m1-1': 161.51, 'm2-1': 99.64, 'm3-1': 11.07, 'm4-1': 11.09, 'm5-1': 154.86, 'm6-1': 153.37, 'm7-1': 0.96, 'm8-1': 27.97}",0.04800000000001603,145.689,inf,145.721,145.721,145.721
361,T3,BESTEFFORT,MISSED,m7-1,35.743,"{'m1-1': 169.55, 'm2-1': 114.84, 'm3-1': 10.25, 'm4-1': 11.25, 'm5-1': 153.28, 'm6-1': 163.98, 'm7-1': 0.97, 'm8-1': 26.22}",0.03299999999998704,145.721,inf,145.743,145.743,145.743
362,T9,BESTEFFORT,MISSED,m7-1,35.782,"{'m1-1': 162.92, 'm2-1': 105.55, 'm3-1': 10.39, 'm4-1': 10.83, 'm5-1': 160.45, 'm6-1': 167.56, 'm7-1': 1.1, 'm8-1': 25.41}",0.0584999999999809,145.743,inf,145.78199999999998,145.78199999999998,145.78199999999998
363,T5,BESTEFFORT,MISSED,m7-1,35.892,"{'m1-1': 164.68, 'm2-1': 106.3, 'm3-1': 9.96, 'm4-1': 10.45, 'm5-1': 161.76, 'm6-1': 161.47, 'm7-1': 0.96, 'm8-1': 26.56}",0.16500000000002046,145.78199999999998,inf,145.892,145.892,145.892
364,T3,BESTEFFORT,MISSED,m7-1,35.914,"{'m1-1': 149.66, 'm2-1': 101.65, 'm3-1': 10.52, 'm4-1': 11.23, 'm5-1': 166.11, 'm6-1': 167.89, 'm7-1': 1.06, 'm8-1': 28.02}",0.03299999999998704,145.892,inf,145.914,145.914,145.914
365,T7,BESTEFFORT,MISSED,m7-1,36.122,"{'m1-1': 166.88, 'm2-1': 108.02, 'm3-1': 10.78, 'm4-1': 9.65, 'm5-1': 153.32, 'm6-1': 165.59, 'm7-1': 0.95, 'm8-1': 27.74}",0.31200000000004025,145.914,inf,146.122,146.122,146.122
366,T9,BESTEFFORT,MISSED,m7-1,36.199,"{'m1-1': 143.3, 'm2-1': 109.09, 'm3-1': 10.59, 'm4-1': 10.62, 'm5-1': 147.33, 'm6-1': 159.79, 'm7-1': 1.04, 'm8-1': 24.85}",0.11549999999999727,146.122,inf,146.199,146.199,146.199
367,T4,BESTEFFORT,MISSED,m7-1,36.317,"{'m1-1': 164.64, 'm2-1': 98.46, 'm3-1': 10.61, 'm4-1': 10.75, 'm5-1': 141.01, 'm6-1': 165.02, 'm7-1': 1.11, 'm8-1': 23.5}",0.1769999999999925,146.199,inf,146.317,146.317,146.317
368,T1,BESTEFFORT,MISSED,m7-1,36.336,"{'m1-1': 171.51, 'm2-1': 104.17, 'm3-1': 10.56, 'm4-1': 10.76, 'm5-1': 144.93, 'm6-1': 164.52, 'm7-1': 1.14, 'm8-1': 24.86}",0.028500000000008185,146.317,inf,146.336,146.336,146.336
369,T5,BESTEFFORT,MISSED,m7-1,36.338,"{'m1-1': 159.56, 'm2-1': 109.49, 'm3-1': 10.86, 'm4-1': 11.43, 'm5-1': 162.88, 'm6-1': 164.9, 'm7-1': 1.0, 'm8-1': 27.32}",0.002999999999971692,146.336,inf,146.338,146.338,146.338
370,T2,BESTEFFORT,MISSED,m7-1,36.373,"{'m1-1': 170.95, 'm2-1': 98.58, 'm3-1': 9.75, 'm4-1': 11.25, 'm5-1': 151.27, 'm6-1': 152.73, 'm7-1': 1.03, 'm8-1': 23.84}",0.052499999999994884,146.338,inf,146.373,146.373,146.373
371,T8,BESTEFFORT,MISSED,m7-1,36.377,"{'m1-1': 161.14, 'm2-1': 105.86, 'm3-1': 10.89, 'm4-1': 10.51, 'm5-1': 157.18, 'm6-1': 168.06, 'm7-1': 1.09, 'm8-1': 24.94}",0.006000000000028649,146.373,inf,146.377,146.377,146.377
372,T2,BESTEFFORT,MISSED,m7-1,36.408,"{'m1-1': 154.75, 'm2-1': 94.63, 'm3-1': 10.2, 'm4-1': 11.21, 'm5-1': 160.12, 'm6-1': 172.96, 'm7-1': 1.07, 'm8-1': 26.23}",0.04650000000000887,146.377,inf,146.40800000000002,146.40800000000002,146.40800000000002
373,T5,BESTEFFORT,MISSED,m7-1,36.43,"{'m1-1': 175.23, 'm2-1': 102.87, 'm3-1': 11.1, 'm4-1': 10.51, 'm5-1': 162.74, 'm6-1': 150.69, 'm7-1': 0.92, 'm8-1': 27.6}",0.03299999999998704,146.40800000000002,inf,146.43,146.43,146.43
374,T4,BESTEFFORT,MISSED,m7-1,36.431,"{'m1-1': 143.81, 'm2-1': 101.26, 'm3-1': 10.82, 'm4-1': 9.9, 'm5-1': 142.81, 'm6-1': 153.13, 'm7-1': 1.05, 'm8-1': 26.62}",0.0014999999999645297,146.43,inf,146.43099999999998,146.43099999999998,146.43099999999998
375,T9,BESTEFFORT,MISSED,m7-1,36.477,"{'m1-1': 149.62, 'm2-1': 115.88, 'm3-1': 9.39, 'm4-1': 10.0, 'm5-1': 166.69, 'm6-1': 163.37, 'm7-1': 1.0, 'm8-1': 25.33}",0.06900000000003104,146.43099999999998,inf,146.477,146.477,146.477
376,T1,BESTEFFORT,MISSED,m7-1,36.511,"{'m1-1': 174.24, 'm2-1': 113.75, 'm3-1': 10.77, 'm4-1': 10.66, 'm5-1': 148.1, 'm6-1': 169.84, 'm7-1': 1.0, 'm8-1': 23.71}",0.05099999999998772,146.477,inf,146.511,146.511,146.511
377,T10,BESTEFFORT,MISSED,m7-1,36.513,"{'m1-1': 162.26, 'm2-1': 94.82, 'm3-1': 10.02, 'm4-1': 10.0, 'm5-1': 140.45, 'm6-1': 151.45, 'm7-1': 1.05, 'm8-1': 26.78}",0.0030000000000143245,146.511,inf,146.513,146.513,146.513
378,T5,BESTEFFORT,MISSED,m7-1,36.559,"{'m1-1': 168.36, 'm2-1': 107.12, 'm3-1': 10.45, 'm4-1': 10.51, 'm5-1': 151.6, 'm6-1': 154.45, 'm7-1': 1.1, 'm8-1': 24.42}",0.0689999999999884,146.513,inf,146.559,146.559,146.559
379,T10,BESTEFFORT,MISSED,m7-1,36.676,"{'m1-1': 158.48, 'm2-1': 109.01, 'm3-1': 9.9, 'm4-1': 10.73, 'm5-1': 157.48, 'm6-1': 146.44, 'm7-1': 1.07, 'm8-1': 27.9}",0.17549999999998533,146.559,inf,146.676,146.676,146.676
380,T6,BESTEFFORT,MISSED,m7-1,36.684,"{'m1-1': 166.03, 'm2-1': 106.99, 'm3-1': 11.56, 'm4-1': 10.8, 'm5-1': 152.42, 'm6-1': 161.04, 'm7-1': 0.98, 'm8-1': 26.28}",0.012000000000014666,146.676,inf,146.684,146.684,146.684
381,T3,BESTEFFORT,MISSED,m7-1,36.799,"{'m1-1': 152.44, 'm2-1': 106.98, 'm3-1': 9.81, 'm4-1': 10.64, 'm5-1': 152.04, 'm6-1': 170.86, 'm7-1': 0.99, 'm8-1': 25.06}",0.17250000000001364,146.684,inf,146.799,146.799,146.799
382,T6,BESTEFFORT,MISSED,m7-1,36.902,"{'m1-1': 161.71, 'm2-1': 108.88, 'm3-1': 10.24, 'm4-1': 9.98, 'm5-1': 139.06, 'm6-1': 146.59, 'm7-1': 1.01, 'm8-1': 25.76}",0.15449999999997033,146.799,inf,146.902,146.902,146.902
383,T3,BESTEFFORT,MISSED,m7-1,37.284,"{'m1-1': 173.06, 'm2-1': 114.66, 'm3-1': 9.55, 'm4-1': 10.85, 'm5-1': 148.05, 'm6-1': 161.25, 'm7-1': 1.04, 'm8-1': 25.41}",0.5730000000000075,146.902,inf,147.284,147.284,147.284
384,T4,BESTEFFORT,MISSED,m7-1,37.559,"{'m1-1': 161.98, 'm2-1': 103.75, 'm3-1': 9.87, 'm4-1': 10.4, 'm5-1': 158.34, 'm6-1': 142.6, 'm7-1': 1.04, 'm8-1': 24.38}",0.4125000000000085,147.284,inf,147.559,147.559,147.559
385,T3,BESTEFFORT,MISSED,m7-1,37.632,"{'m1-1': 169.41, 'm2-1': 102.73, 'm3-1': 10.58, 'm4-1': 10.92, 'm5-1': 144.76, 'm6-1': 150.6, 'm7-1': 1.03, 'm8-1': 29.06}",0.10950000000001125,147.559,inf,147.632,147.632,147.632
386,T3,BESTEFFORT,MISSED,m7-1,37.65,"{'m1-1': 150.12, 'm2-1': 102.1, 'm3-1': 10.74, 'm4-1': 10.24, 'm5-1': 155.6, 'm6-1': 147.21, 'm7-1': 1.02, 'm8-1': 26.92}",0.027000000000001023,147.632,inf,147.65,147.65,147.65
387,T7,BESTEFFORT,MISSED,m7-1,37.768,"{'m1-1': 146.56, 'm2-1': 94.79, 'm3-1': 10.71, 'm4-1': 10.53, 'm5-1': 174.54, 'm6-1': 161.37, 'm7-1': 0.97, 'm8-1': 29.65}",0.1769999999999925,147.65,inf,147.768,147.768,147.768
388,T1,BESTEFFORT,MISSED,m7-1,38.176,"{'m1-1': 156.19, 'm2-1': 112.52, 'm3-1': 9.87, 'm4-1': 11.43, 'm5-1': 147.74, 'm6-1': 165.1, 'm7-1': 1.11, 'm8-1': 24.67}",0.6119999999999806,147.768,inf,148.176,148.176,148.176
389,T6,BESTEFFORT,MISSED,m7-1,38.19,"{'m1-1': 174.52, 'm2-1': 105.96, 'm3-1': 10.67, 'm4-1': 11.12, 'm5-1': 140.54, 'm6-1': 157.28, 'm7-1': 1.08, 'm8-1': 24.8}",0.021000000000015007,148.176,inf,148.19,148.19,148.19
390,T1,BESTEFFORT,MISSED,m7-1,38.212,"{'m1-1': 170.12, 'm2-1': 111.19, 'm3-1': 11.17, 'm4-1': 9.75, 'm5-1': 147.39, 'm6-1': 152.53, 'm7-1': 1.06, 'm8-1': 24.04}",0.03299999999998704,148.19,inf,148.212,148.212,148.212
391,T3,BESTEFFORT,MISSED,m7-1,38.279,"{'m1-1': 166.95, 'm2-1': 106.58, 'm3-1': 11.17, 'm4-1': 10.0, 'm5-1': 156.13, 'm6-1': 150.47, 'm7-1': 0.96, 'm8-1': 27.71}",0.10050000000001091,148.212,inf,148.279,148.279,148.279
392,T4,BESTEFFORT,MISSED,m7-1,38.333,"{'m1-1': 161.25, 'm2-1': 101.25, 'm3-1': 10.02, 'm4-1': 10.36, 'm5-1': 149.17, 'm6-1': 162.29, 'm7-1': 1.18, 'm8-1': 25.01}",0.08100000000000307,148.279,inf,148.333,148.333,148.333
393,T2,BESTEFFORT,MISSED,m7-1,38.808,"{'m1-1': 174.54, 'm2-1': 105.61, 'm3-1': 9.76, 'm4-1': 9.79, 'm5-1': 149.81, 'm6-1': 158.74, 'm7-1': 1.12, 'm8-1': 27.97}",0.7124999999999915,148.333,inf,148.808,148.808,148.808
394,T10,BESTEFFORT,MISSED,m7-1,38.88,"{'m1-1': 149.07, 'm2-1': 109.06, 'm3-1': 10.06, 'm4-1': 11.06, 'm5-1': 144.45, 'm6-1': 144.61, 'm7-1': 1.14, 'm8-1': 25.83}",0.10800000000000409,148.808,inf,148.88,148.88,148.88
395,T1,BESTEFFORT,MISSED,m7-1,38.978,"{'m1-1': 157.13, 'm2-1': 99.92, 'm3-1': 10.26, 'm4-1': 9.92, 'm5-1': 160.12, 'm6-1': 156.88, 'm7-1': 1.09, 'm8-1': 27.18}",0.14700000000001978,148.88,inf,148.978,148.978,148.978
396,T8,BESTEFFORT,MISSED,m7-1,39.044,"{'m1-1': 166.34, 'm2-1': 103.76, 'm3-1': 10.47, 'm4-1': 11.05, 'm5-1': 150.19, 'm6-1': 152.76, 'm7-1': 0.97, 'm8-1': 25.42}",0.09899999999996112,148.978,inf,149.04399999999998,149.04399999999998,149.04399999999998
397,T4,BESTEFFORT,MISSED,m7-1,39.078,"{'m1-1': 147.62, 'm2-1': 104.65, 'm3-1': 11.16, 'm4-1': 9.94, 'm5-1': 142.93, 'm6-1': 151.4, 'm7-1': 1.06, 'm8-1': 26.55}",0.051000000000030354,149.04399999999998,inf,149.078,149.078,149.078
398,T7,BESTEFFORT,MISSED,m7-1,39.081,"{'m1-1': 157.27, 'm2-1': 102.76, 'm3-1': 10.91, 'm4-1': 9.66, 'm5-1': 159.31, 'm6-1': 169.33, 'm7-1': 1.06, 'm8-1': 28.92}",0.004500000000021487,149.078,inf,149.08100000000002,149.08100000000002,149.08100000000002
399,T2,BESTEFFORT,MISSED,m7-1,39.108,"{'m1-1': 156.92, 'm2-1': 107.25, 'm3-1': 10.07, 'm4-1': 11.27, 'm5-1': 165.37, 'm6-1': 156.55, 'm7-1': 1.06, 'm8-1': 27.15}",0.04049999999998022,149.08100000000002,inf,149.108,149.108,149.108
400,T1,BESTEFFORT,MISSED,m7-1,39.16,"{'m1-1': 149.85, 'm2-1': 114.79, 'm3-1': 9.92, 'm4-1': 10.37, 'm5-1': 156.07, 'm6-1': 154.78, 'm7-1': 1.1, 'm8-1': 24.5}",0.07799999999998875,149.108,inf,149.16,149.16,149.16
401,T7,BESTEFFORT,MISSED,m7-1,39.493,"{'m1-1': 153.8, 'm2-1': 99.76, 'm3-1': 10.13, 'm4-1': 10.5, 'm5-1': 168.09, 'm6-1': 154.25, 'm7-1': 1.06, 'm8-1': 25.26}",0.4994999999999976,149.16,inf,149.493,149.493,149.493
402,T7,BESTEFFORT,MISSED,m7-1,39.515,"{'m1-1': 159.19, 'm2-1': 98.58, 'm3-1': 10.22, 'm4-1': 11.27, 'm5-1': 160.96, 'm6-1': 146.87, 'm7-1': 1.11, 'm8-1': 28.96}",0.03299999999998704,149.493,inf,149.515,149.515,149.515
403,T1,BESTEFFORT,MISSED,m7-1,39.528,"{'m1-1': 157.03, 'm2-1': 114.48, 'm3-1': 9.76, 'm4-1': 10.82, 'm5-1': 141.61, 'm6-1': 149.83, 'm7-1': 1.14, 'm8-1': 26.72}",0.019500000000007844,149.515,inf,149.528,149.528,149.528
404,T10,BESTEFFORT,MISSED,m7-1,39.539,"{'m1-1': 167.81, 'm2-1': 97.0, 'm3-1': 9.67, 'm4-1': 11.49, 'm5-1': 163.84, 'm6-1': 144.81, 'm7-1': 1.19, 'm8-1': 27.56}",0.01649999999999352,149.528,inf,149.539,149.539,149.539
405,T1,BESTEFFORT,MISSED,m7-1,39.575,"{'m1-1': 175.85, 'm2-1': 111.19, 'm3-1': 9.69, 'm4-1': 11.13, 'm5-1': 164.6, 'm6-1': 167.59, 'm7-1': 1.1, 'm8-1': 24.61}",0.054000000000002046,149.539,inf,149.575,149.575,149.575
406,T8,BESTEFFORT,MISSED,m7-1,39.615,"{'m1-1': 176.62, 'm2-1': 98.01, 'm3-1': 10.31, 'm4-1': 10.05, 'm5-1': 150.36, 'm6-1': 163.42, 'm7-1': 1.01, 'm8-1': 27.29}",0.060000000000030695,149.575,inf,149.615,149.615,149.615
407,T10,BESTEFFORT,MISSED,m7-1,39.655,"{'m1-1': 163.06, 'm2-1': 102.71, 'm3-1': 10.25, 'm4-1': 11.19, 'm5-1': 156.11, 'm6-1': 162.09, 'm7-1': 1.18, 'm8-1': 24.97}",0.05999999999998806,149.615,inf,149.655,149.655,149.655
408,T6,BESTEFFORT,MISSED,m7-1,39.73,"{'m1-1': 175.04, 'm2-1': 95.8, 'm3-1': 10.48, 'm4-1': 10.99, 'm5-1': 162.08, 'm6-1': 147.62, 'm7-1': 0.98, 'm8-1': 24.9}",0.0,149.73,inf,149.73,149.73,149.73
409,T7,BESTEFFORT,MISSED,m7-1,39.73,"{'m1-1': 152.94, 'm2-1': 107.27, 'm3-1': 11.85, 'm4-1': 11.17, 'm5-1': 153.47, 'm6-1': 159.24, 'm7-1': 1.06, 'm8-1': 26.74}",0.11249999999998295,149.655,inf,149.73,149.73,149.73
410,T1,BESTEFFORT,MISSED,m7-1,39.847,"{'m1-1': 156.99, 'm2-1': 104.67, 'm3-1': 10.23, 'm4-1': 10.47, 'm5-1': 139.29, 'm6-1': 167.45, 'm7-1': 1.08, 'm8-1': 26.54}",0.17550000000002797,149.73,inf,149.847,149.847,149.847
411,T9,BESTEFFORT,MISSED,m7-1,39.909,"{'m1-1': 148.89, 'm2-1': 101.75, 'm3-1': 10.52, 'm4-1': 10.94, 'm5-1': 153.84, 'm6-1': 171.55, 'm7-1': 1.14, 'm8-1': 28.25}",0.0929999999999751,149.847,inf,149.909,149.909,149.909
412,T4,BESTEFFORT,MISSED,m7-1,40.031,"{'m1-1': 165.23, 'm2-1': 108.79, 'm3-1': 10.34, 'm4-1': 9.94, 'm5-1': 152.26, 'm6-1': 148.62, 'm7-1': 1.09, 'm8-1': 23.59}",0.18300000000002115,149.909,inf,150.031,150.031,150.031
413,T7,BESTEFFORT,MISSED,m7-1,40.036,"{'m1-1': 147.02, 'm2-1': 104.96, 'm3-1': 10.5, 'm4-1': 9.86, 'm5-1': 158.5, 'm6-1': 147.66, 'm7-1': 0.95, 'm8-1': 28.86}",0.007499999999993179,150.031,inf,150.036,150.036,150.036
414,T7,BESTEFFORT,MISSED,m7-1,40.046,"{'m1-1': 155.08, 'm2-1': 95.35, 'm3-1': 10.49, 'm4-1': 10.68, 'm5-1': 166.67, 'm6-1': 170.05, 'm7-1': 1.08, 'm8-1': 26.39}",0.014999999999986358,150.036,inf,150.046,150.046,150.046
415,T2,BESTEFFORT,MISSED,m7-1,40.194,"{'m1-1': 167.09, 'm2-1': 107.44, 'm3-1': 9.51, 'm4-1': 11.49, 'm5-1': 167.14, 'm6-1': 152.35, 'm7-1': 1.17, 'm8-1': 23.95}",0.22200000000003683,150.046,inf,150.19400000000002,150.19400000000002,150.19400000000002
416,T6,BESTEFFORT,MISSED,m7-1,40.518,"{'m1-1': 176.87, 'm2-1': 102.86, 'm3-1': 10.9, 'm4-1': 11.14, 'm5-1': 159.79, 'm6-1': 148.72, 'm7-1': 1.15, 'm8-1': 28.38}",0.4859999999999758,150.19400000000002,inf,150.518,150.518,150.518
417,T2,BESTEFFORT,MISSED,m7-1,40.568,"{'m1-1': 172.91, 'm2-1': 108.22, 'm3-1': 9.89, 'm4-1': 10.22, 'm5-1': 165.58, 'm6-1': 165.99, 'm7-1': 1.19, 'm8-1': 26.42}",0.07499999999997442,150.518,inf,150.56799999999998,150.56799999999998,150.56799999999998
418,T3,BESTEFFORT,MISSED,m7-1,40.688,"{'m1-1': 164.27, 'm2-1': 104.66, 'm3-1': 11.26, 'm4-1': 9.9, 'm5-1': 157.79, 'm6-1': 162.5, 'm7-1': 1.09, 'm8-1': 27.06}",0.18000000000000682,150.56799999999998,inf,150.688,150.688,150.688
419,T7,BESTEFFORT,MISSED,m7-1,40.752,"{'m1-1': 159.39, 'm2-1': 99.96, 'm3-1': 10.75, 'm4-1': 9.73, 'm5-1': 168.65, 'm6-1': 163.11, 'm7-1': 1.06, 'm8-1': 27.78}",0.09600000000003206,150.688,inf,150.752,150.752,150.752
420,T3,BESTEFFORT,MISSED,m7-1,40.796,"{'m1-1': 156.0, 'm2-1': 107.41, 'm3-1': 10.31, 'm4-1': 10.68, 'm5-1': 145.66, 'm6-1': 161.3, 'm7-1': 1.1, 'm8-1': 29.02}",0.06599999999997408,150.752,inf,150.796,150.796,150.796
421,T7,BESTEFFORT,MISSED,m7-1,40.804,"{'m1-1': 158.56, 'm2-1': 108.43, 'm3-1': 10.75, 'm4-1': 11.39, 'm5-1': 153.83, 'm6-1': 150.59, 'm7-1': 1.06, 'm8-1': 25.28}",0.012000000000014666,150.796,inf,150.804,150.804,150.804
422,T1,BESTEFFORT,MISSED,m7-1,40.971,"{'m1-1': 158.91, 'm2-1': 111.64, 'm3-1': 10.75, 'm4-1': 9.86, 'm5-1': 144.46, 'm6-1': 151.23, 'm7-1': 1.04, 'm8-1': 25.55}",0.2505000000000024,150.804,inf,150.971,150.971,150.971
423,T8,BESTEFFORT,MISSED,m7-1,41.179,"{'m1-1': 162.18, 'm2-1': 96.98, 'm3-1': 9.74, 'm4-1': 10.74, 'm5-1': 155.36, 'm6-1': 150.56, 'm7-1': 1.0, 'm8-1': 25.16}",0.3119999999999976,150.971,inf,151.179,151.179,151.179
424,T2,BESTEFFORT,MISSED,m7-1,41.302,"{'m1-1': 169.24, 'm2-1': 95.89, 'm3-1': 10.57, 'm4-1': 11.03, 'm5-1': 153.38, 'm6-1': 177.05, 'm7-1': 1.02, 'm8-1': 25.45}",0.18449999999998568,151.179,inf,151.302,151.302,151.302
425,T4,BESTEFFORT,MISSED,m7-1,41.319,"{'m1-1': 165.72, 'm2-1': 109.21, 'm3-1': 10.44, 'm4-1': 10.47, 'm5-1': 157.47, 'm6-1': 142.96, 'm7-1': 1.02, 'm8-1': 24.91}",0.025500000000036493,151.302,inf,151.31900000000002,151.31900000000002,151.31900000000002
426,T3,BESTEFFORT,MISSED,m7-1,41.356,"{'m1-1': 148.17, 'm2-1': 112.4, 'm3-1': 10.31, 'm4-1': 9.79, 'm5-1': 152.42, 'm6-1': 151.23, 'm7-1': 0.98, 'm8-1': 26.23}",0.055499999999966576,151.31900000000002,inf,151.356,151.356,151.356
427,T4,BESTEFFORT,MISSED,m7-1,41.389,"{'m1-1': 167.29, 'm2-1': 95.84, 'm3-1': 10.0, 'm4-1': 9.95, 'm5-1': 148.63, 'm6-1': 162.39, 'm7-1': 1.11, 'm8-1': 26.17}",0.04950000000002319,151.356,inf,151.389,151.389,151.389
428,T9,BESTEFFORT,MISSED,m7-1,41.446,"{'m1-1': 142.59, 'm2-1': 118.18, 'm3-1': 10.24, 'm4-1': 9.94, 'm5-1': 156.98, 'm6-1': 149.06, 'm7-1': 1.05, 'm8-1': 25.99}",0.08549999999998192,151.389,inf,151.446,151.446,151.446
429,T3,BESTEFFORT,MISSED,m7-1,41.496,"{'m1-1': 167.28, 'm2-1': 97.47, 'm3-1': 9.73, 'm4-1': 10.62, 'm5-1': 159.98, 'm6-1': 150.47, 'm7-1': 1.01, 'm8-1': 25.38}",0.07500000000001705,151.446,inf,151.496,151.496,151.496
430,T3,BESTEFFORT,MISSED,m7-1,41.615,"{'m1-1': 152.88, 'm2-1': 110.78, 'm3-1': 9.93, 'm4-1': 10.69, 'm5-1': 152.56, 'm6-1': 149.11, 'm7-1': 0.99, 'm8-1': 26.88}",0.17849999999999966,151.496,inf,151.615,151.615,151.615
431,T5,BESTEFFORT,MISSED,m7-1,41.836,"{'m1-1': 161.97, 'm2-1': 101.51, 'm3-1': 10.8, 'm4-1': 9.89, 'm5-1': 160.67, 'm6-1': 145.15, 'm7-1': 1.1, 'm8-1': 26.05}",0.33150000000000546,151.615,inf,151.836,151.836,151.836
432,T4,BESTEFFORT,MISSED,m7-1,42.019,"{'m1-1': 148.21, 'm2-1': 95.94, 'm3-1': 10.79, 'm4-1': 10.29, 'm5-1': 162.84, 'm6-1': 160.97, 'm7-1': 1.03, 'm8-1': 23.37}",0.2744999999999891,151.836,inf,152.019,152.019,152.019
433,T2,BESTEFFORT,MISSED,m7-1,42.093,"{'m1-1': 162.93, 'm2-1': 98.3, 'm3-1': 9.98, 'm4-1': 9.86, 'm5-1': 155.0, 'm6-1': 155.21, 'm7-1': 1.15, 'm8-1': 25.78}",0.11100000000001842,152.019,inf,152.09300000000002,152.09300000000002,152.09300000000002
434,T10,BESTEFFORT,MISSED,m7-1,42.127,"{'m1-1': 165.16, 'm2-1': 94.64, 'm3-1': 9.52, 'm4-1': 10.61, 'm5-1': 162.81, 'm6-1': 165.41, 'm7-1': 1.15, 'm8-1': 26.4}",0.05099999999998772,152.09300000000002,inf,152.127,152.127,152.127
435,T2,BESTEFFORT,MISSED,m7-1,42.297,"{'m1-1': 162.1, 'm2-1': 95.83, 'm3-1': 10.03, 'm4-1': 11.04, 'm5-1': 162.55, 'm6-1': 153.91, 'm7-1': 1.06, 'm8-1': 24.15}",0.25499999999998124,152.127,inf,152.297,152.297,152.297
436,T6,BESTEFFORT,MISSED,m7-1,42.308,"{'m1-1': 157.38, 'm2-1': 109.46, 'm3-1': 11.25, 'm4-1': 11.48, 'm5-1': 141.66, 'm6-1': 151.09, 'm7-1': 1.09, 'm8-1': 25.82}",0.01649999999999352,152.297,inf,152.308,152.308,152.308
437,T6,BESTEFFORT,MISSED,m7-1,42.332,"{'m1-1': 157.62, 'm2-1': 104.49, 'm3-1': 11.37, 'm4-1': 11.68, 'm5-1': 162.67, 'm6-1': 155.37, 'm7-1': 1.11, 'm8-1': 25.85}",0.036000000000001364,152.308,inf,152.332,152.332,152.332
438,T1,BESTEFFORT,MISSED,m7-1,42.496,"{'m1-1': 152.76, 'm2-1': 110.17, 'm3-1': 9.76, 'm4-1': 10.58, 'm5-1': 139.15, 'm6-1': 158.81, 'm7-1': 1.01, 'm8-1': 24.81}",0.24600000000002353,152.332,inf,152.496,152.496,152.496
439,T5,BESTEFFORT,MISSED,m7-1,42.558,"{'m1-1': 173.76, 'm2-1': 116.31, 'm3-1': 10.05, 'm4-1': 11.16, 'm5-1': 147.29, 'm6-1': 170.12, 'm7-1': 1.01, 'm8-1': 25.96}",0.0929999999999751,152.496,inf,152.558,152.558,152.558
440,T4,BESTEFFORT,MISSED,m7-1,42.638,"{'m1-1': 153.11, 'm2-1': 106.1, 'm3-1': 9.96, 'm4-1': 9.75, 'm5-1': 142.13, 'm6-1': 152.93, 'm7-1': 1.11, 'm8-1': 26.33}",0.12000000000001876,152.558,inf,152.638,152.638,152.638
441,T7,BESTEFFORT,MISSED,m7-1,42.993,"{'m1-1': 151.6, 'm2-1': 96.23, 'm3-1': 11.69, 'm4-1': 10.18, 'm5-1': 170.78, 'm6-1': 159.58, 'm7-1': 0.96, 'm8-1': 26.85}",0.5324999999999847,152.638,inf,152.993,152.993,152.993
442,T6,BESTEFFORT,MISSED,m7-1,43.2,"{'m1-1': 154.74, 'm2-1': 102.26, 'm3-1': 10.42, 'm4-1': 10.53, 'm5-1': 143.96, 'm6-1': 153.18, 'm7-1': 1.13, 'm8-1': 25.17}",0.31049999999999045,152.993,inf,153.2,153.2,153.2
443,T10,BESTEFFORT,MISSED,m7-1,43.259,"{'m1-1': 151.26, 'm2-1': 105.94, 'm3-1': 10.57, 'm4-1': 11.45, 'm5-1': 146.92, 'm6-1': 154.42, 'm7-1': 1.09, 'm8-1': 28.62}",0.08850000000003888,153.2,inf,153.25900000000001,153.25900000000001,153.25900000000001
444,T10,BESTEFFORT,MISSED,m7-1,43.291,"{'m1-1': 148.55, 'm2-1': 103.85, 'm3-1': 9.79, 'm4-1': 10.22, 'm5-1': 153.5, 'm6-1': 150.5, 'm7-1': 1.19, 'm8-1': 27.55}",0.0479999999999734,153.25900000000001,inf,153.291,153.291,153.291
445,T8,BESTEFFORT,MISSED,m7-1,43.532,"{'m1-1': 165.21, 'm2-1': 99.47, 'm3-1': 10.08, 'm4-1': 10.4, 'm5-1': 163.85, 'm6-1': 155.17, 'm7-1': 1.07, 'm8-1': 26.94}",0.36149999999997817,153.291,inf,153.53199999999998,153.53199999999998,153.53199999999998
446,T9,BESTEFFORT,MISSED,m7-1,43.597,"{'m1-1': 142.26, 'm2-1': 108.95, 'm3-1': 10.29, 'm4-1': 11.21, 'm5-1': 169.46, 'm6-1': 162.18, 'm7-1': 1.17, 'm8-1': 28.46}",0.09750000000003922,153.53199999999998,inf,153.597,153.597,153.597
447,T7,BESTEFFORT,MISSED,m7-1,43.624,"{'m1-1': 157.76, 'm2-1': 101.63, 'm3-1': 10.62, 'm4-1': 10.93, 'm5-1': 176.78, 'm6-1': 154.7, 'm7-1': 0.94, 'm8-1': 25.75}",0.04049999999998022,153.597,inf,153.624,153.624,153.624
448,T10,BESTEFFORT,MISSED,m7-1,43.672,"{'m1-1': 164.18, 'm2-1': 105.75, 'm3-1': 9.34, 'm4-1': 11.23, 'm5-1': 154.82, 'm6-1': 150.6, 'm7-1': 1.06, 'm8-1': 25.6}",0.07200000000000273,153.624,inf,153.672,153.672,153.672
449,T1,BESTEFFORT,MISSED,m7-1,43.684,"{'m1-1': 168.97, 'm2-1': 107.69, 'm3-1': 10.3, 'm4-1': 9.81, 'm5-1': 147.1, 'm6-1': 148.87, 'm7-1': 1.05, 'm8-1': 26.41}",0.018000000000000682,153.672,inf,153.684,153.684,153.684
450,T5,BESTEFFORT,MISSED,m7-1,43.707,"{'m1-1': 170.63, 'm2-1': 103.69, 'm3-1': 11.23, 'm4-1': 11.22, 'm5-1': 157.17, 'm6-1': 164.64, 'm7-1': 1.03, 'm8-1': 26.98}",0.0344999999999942,153.684,inf,153.707,153.707,153.707
451,T5,BESTEFFORT,MISSED,m7-1,43.825,"{'m1-1': 150.64, 'm2-1': 102.46, 'm3-1': 10.44, 'm4-1': 10.12, 'm5-1': 139.99, 'm6-1': 150.78, 'm7-1': 1.04, 'm8-1': 24.79}",0.1769999999999925,153.707,inf,153.825,153.825,153.825
452,T8,BESTEFFORT,MISSED,m7-1,43.866,"{'m1-1': 168.9, 'm2-1': 94.19, 'm3-1': 9.95, 'm4-1': 9.96, 'm5-1': 149.32, 'm6-1': 153.79, 'm7-1': 1.01, 'm8-1': 24.77}",0.061499999999995225,153.825,inf,153.86599999999999,153.86599999999999,153.86599999999999
453,T6,BESTEFFORT,MISSED,m7-1,44.058,"{'m1-1': 175.08, 'm2-1': 106.87, 'm3-1': 11.55, 'm4-1': 10.24, 'm5-1': 152.43, 'm6-1': 148.91, 'm7-1': 1.05, 'm8-1': 24.95}",0.2880000000000109,153.86599999999999,inf,154.058,154.058,154.058
454,T1,BESTEFFORT,MISSED,m7-1,44.083,"{'m1-1': 156.93, 'm2-1': 103.25, 'm3-1': 9.8, 'm4-1': 9.87, 'm5-1': 157.86, 'm6-1': 159.23, 'm7-1': 1.16, 'm8-1': 27.5}",0.037500000000008527,154.058,inf,154.083,154.083,154.083
455,T3,BESTEFFORT,MISSED,m7-1,44.257,"{'m1-1': 164.94, 'm2-1': 114.76, 'm3-1': 10.79, 'm4-1': 10.54, 'm5-1': 169.22, 'm6-1': 167.05, 'm7-1': 1.0, 'm8-1': 28.67}",0.2610000000000099,154.083,inf,154.257,154.257,154.257
456,T10,BESTEFFORT,MISSED,m7-1,44.326,"{'m1-1': 145.11, 'm2-1': 111.22, 'm3-1': 9.92, 'm4-1': 10.98, 'm5-1': 163.4, 'm6-1': 146.23, 'm7-1': 1.03, 'm8-1': 25.96}",0.1034999999999826,154.257,inf,154.326,154.326,154.326
457,T4,BESTEFFORT,MISSED,m7-1,44.373,"{'m1-1': 165.78, 'm2-1': 96.4, 'm3-1': 11.27, 'm4-1': 10.4, 'm5-1': 152.12, 'm6-1': 160.56, 'm7-1': 1.17, 'm8-1': 27.52}",0.07049999999999557,154.326,inf,154.373,154.373,154.373
458,T7,BESTEFFORT,MISSED,m7-1,44.416,"{'m1-1': 160.35, 'm2-1': 96.38, 'm3-1': 10.5, 'm4-1': 9.63, 'm5-1': 151.29, 'm6-1': 169.53, 'm7-1': 0.95, 'm8-1': 28.46}",0.06450000000000955,154.373,inf,154.416,154.416,154.416
459,T8,BESTEFFORT,MISSED,m7-1,44.485,"{'m1-1': 173.36, 'm2-1': 104.61, 'm3-1': 10.88, 'm4-1': 9.5, 'm5-1': 170.92, 'm6-1': 160.07, 'm7-1': 1.04, 'm8-1': 25.54}",0.10350000000002524,154.416,inf,154.485,154.485,154.485
460,T7,BESTEFFORT,MISSED,m7-1,44.488,"{'m1-1': 154.54, 'm2-1': 96.69, 'm3-1': 11.84, 'm4-1': 9.84, 'm5-1': 172.4, 'm6-1': 157.46, 'm7-1': 1.1, 'm8-1': 27.98}",0.004499999999978854,154.485,inf,154.488,154.488,154.488
461,T1,BESTEFFORT,MISSED,m7-1,44.764,"{'m1-1': 169.56, 'm2-1': 110.06, 'm3-1': 9.96, 'm4-1': 10.62, 'm5-1': 161.9, 'm6-1': 153.49, 'm7-1': 1.03, 'm8-1': 25.85}",0.4140000000000157,154.488,inf,154.764,154.764,154.764
462,T4,BESTEFFORT,MISSED,m7-1,44.833,"{'m1-1': 166.18, 'm2-1': 94.78, 'm3-1': 10.55, 'm4-1': 9.58, 'm5-1': 139.41, 'm6-1': 140.36, 'm7-1': 1.15, 'm8-1': 26.9}",0.1034999999999826,154.764,inf,154.833,154.833,154.833
463,T5,BESTEFFORT,MISSED,m7-1,44.835,"{'m1-1': 151.13, 'm2-1': 105.88, 'm3-1': 11.2, 'm4-1': 10.94, 'm5-1': 158.01, 'm6-1': 155.25, 'm7-1': 0.96, 'm8-1': 25.3}",0.0030000000000143245,154.833,inf,154.835,154.835,154.835
464,T6,BESTEFFORT,MISSED,m7-1,44.858,"{'m1-1': 153.98, 'm2-1': 97.52, 'm3-1': 11.25, 'm4-1': 11.58, 'm5-1': 141.47, 'm6-1': 171.89, 'm7-1': 1.09, 'm8-1': 27.06}",0.0344999999999942,154.835,inf,154.858,154.858,154.858
465,T8,BESTEFFORT,MISSED,m7-1,45.108,"{'m1-1': 176.78, 'm2-1': 107.82, 'm3-1': 11.4, 'm4-1': 10.05, 'm5-1': 150.08, 'm6-1': 153.52, 'm7-1': 1.02, 'm8-1': 25.64}",0.375,154.858,inf,155.108,155.108,155.108
466,T7,BESTEFFORT,MISSED,m7-1,45.191,"{'m1-1': 161.93, 'm2-1': 104.84, 'm3-1': 10.93, 'm4-1': 10.65, 'm5-1': 170.37, 'm6-1': 147.2, 'm7-1': 1.0, 'm8-1': 28.99}",0.12449999999999761,155.108,inf,155.191,155.191,155.191
467,T3,BESTEFFORT,MISSED,m7-1,45.223,"{'m1-1': 150.81, 'm2-1': 97.0, 'm3-1': 11.23, 'm4-1': 10.69, 'm5-1': 148.85, 'm6-1': 170.92, 'm7-1': 1.08, 'm8-1': 27.48}",0.04800000000001603,155.191,inf,155.223,155.223,155.223
468,T5,BESTEFFORT,MISSED,m7-1,45.305,"{'m1-1': 157.32, 'm2-1': 105.15, 'm3-1': 11.06, 'm4-1': 10.76, 'm5-1': 152.1, 'm6-1': 155.19, 'm7-1': 1.0, 'm8-1': 28.08}",0.12299999999999045,155.223,inf,155.305,155.305,155.305
469,T4,BESTEFFORT,MISSED,m7-1,45.308,"{'m1-1': 165.72, 'm2-1': 108.33, 'm3-1': 10.15, 'm4-1': 9.78, 'm5-1': 139.94, 'm6-1': 146.8, 'm7-1': 1.11, 'm8-1': 24.09}",0.004499999999978854,155.305,inf,155.308,155.308,155.308
470,T5,BESTEFFORT,MISSED,m7-1,45.321,"{'m1-1': 159.62, 'm2-1': 110.35, 'm3-1': 10.24, 'm4-1': 10.7, 'm5-1': 148.51, 'm6-1': 156.15, 'm7-1': 0.94, 'm8-1': 24.1}",0.019500000000007844,155.308,inf,155.321,155.321,155.321
471,T4,BESTEFFORT,MISSED,m7-1,45.377,"{'m1-1': 147.68, 'm2-1': 95.9, 'm3-1': 10.53, 'm4-1': 10.38, 'm5-1': 152.57, 'm6-1': 143.86, 'm7-1': 1.07, 'm8-1': 26.45}",0.0840000000000174,155.321,inf,155.377,155.377,155.377
472,T1,BESTEFFORT,MISSED,m7-1,45.506,"{'m1-1': 149.67, 'm2-1': 116.34, 'm3-1': 10.23, 'm4-1': 11.08, 'm5-1': 151.22, 'm6-1': 147.73, 'm7-1': 1.08, 'm8-1': 27.64}",0.19349999999998602,155.377,inf,155.506,155.506,155.506
473,T3,BESTEFFORT,MISSED,m7-1,45.539,"{'m1-1': 169.97, 'm2-1': 111.05, 'm3-1': 11.04, 'm4-1': 10.27, 'm5-1': 168.16, 'm6-1': 172.07, 'm7-1': 0.93, 'm8-1': 25.74}",0.04949999999998056,155.506,inf,155.539,155.539,155.539
474,T8,BESTEFFORT,MISSED,m7-1,45.679,"{'m1-1': 166.09, 'm2-1': 95.82, 'm3-1': 11.3, 'm4-1': 11.03, 'm5-1': 161.05, 'm6-1': 151.14, 'm7-1': 1.04, 'm8-1': 27.41}",0.21000000000002217,155.539,inf,155.679,155.679,155.679
475,T4,BESTEFFORT,MISSED,m7-1,45.735,"{'m1-1': 158.27, 'm2-1': 105.55, 'm3-1': 10.95, 'm4-1': 10.87, 'm5-1': 154.53, 'm6-1': 157.03, 'm7-1': 1.17, 'm8-1': 27.46}",0.0840000000000174,155.679,inf,155.735,155.735,155.735
476,T2,BESTEFFORT,MISSED,m7-1,45.79,"{'m1-1': 171.63, 'm2-1': 94.94, 'm3-1': 10.43, 'm4-1': 10.54, 'm5-1': 156.38, 'm6-1': 163.2, 'm7-1': 1.2, 'm8-1': 24.19}",0.0824999999999676,155.735,inf,155.79,155.79,155.79
477,T1,BESTEFFORT,MISSED,m7-1,45.861,"{'m1-1': 157.57, 'm2-1': 100.38, 'm3-1': 10.15, 'm4-1': 10.85, 'm5-1': 160.22, 'm6-1': 160.96, 'm7-1': 1.15, 'm8-1': 25.45}",0.10649999999999693,155.79,inf,155.861,155.861,155.861
478,T5,BESTEFFORT,MISSED,m7-1,46.353,"{'m1-1': 164.1, 'm2-1': 113.29, 'm3-1': 10.55, 'm4-1': 11.03, 'm5-1': 150.79, 'm6-1': 163.93, 'm7-1': 0.99, 'm8-1': 27.43}",0.738000000000028,155.861,inf,156.353,156.353,156.353
479,T5,BESTEFFORT,MISSED,m7-1,46.46,"{'m1-1': 171.61, 'm2-1': 103.72, 'm3-1': 11.19, 'm4-1': 10.12, 'm5-1': 142.61, 'm6-1': 145.88, 'm7-1': 0.93, 'm8-1': 24.78}",0.16049999999999898,156.353,inf,156.46,156.46,156.46
480,T10,BESTEFFORT,MISSED,m7-1,46.476,"{'m1-1': 149.85, 'm2-1': 101.39, 'm3-1': 9.57, 'm4-1': 11.33, 'm5-1': 140.04, 'm6-1': 151.45, 'm7-1': 1.06, 'm8-1': 26.05}",0.0239999999999867,156.46,inf,156.476,156.476,156.476
481,T1,BESTEFFORT,MISSED,m7-1,46.483,"{'m1-1': 167.03, 'm2-1': 99.04, 'm3-1': 9.67, 'm4-1': 10.77, 'm5-1': 153.7, 'm6-1': 152.91, 'm7-1': 0.99, 'm8-1': 26.69}",0.010500000000007503,156.476,inf,156.483,156.483,156.483
482,T9,BESTEFFORT,MISSED,m7-1,46.597,"{'m1-1': 161.93, 'm2-1': 106.77, 'm3-1': 9.36, 'm4-1': 10.79, 'm5-1': 172.44, 'm6-1': 168.11, 'm7-1': 1.03, 'm8-1': 28.73}",0.17100000000000648,156.483,inf,156.597,156.597,156.597
483,T7,BESTEFFORT,MISSED,m7-1,46.606,"{'m1-1': 169.12, 'm2-1': 99.04, 'm3-1': 11.31, 'm4-1': 10.37, 'm5-1': 153.43, 'm6-1': 155.9, 'm7-1': 0.94, 'm8-1': 25.45}",0.013499999999979195,156.597,inf,156.606,156.606,156.606
484,T9,BESTEFFORT,MISSED,m7-1,46.622,"{'m1-1': 156.92, 'm2-1': 112.9, 'm3-1': 9.54, 'm4-1': 10.11, 'm5-1': 159.21, 'm6-1': 156.1, 'm7-1': 1.08, 'm8-1': 28.13}",0.02400000000002933,156.606,inf,156.622,156.622,156.622
485,T5,BESTEFFORT,MISSED,m7-1,46.633,"{'m1-1': 167.34, 'm2-1': 105.63, 'm3-1': 10.29, 'm4-1': 10.62, 'm5-1': 141.41, 'm6-1': 160.63, 'm7-1': 0.95, 'm8-1': 24.88}",0.01649999999999352,156.622,inf,156.633,156.633,156.633
486,T3,BESTEFFORT,MISSED,m7-1,46.867,"{'m1-1': 165.28, 'm2-1': 106.45, 'm3-1': 11.19, 'm4-1': 10.82, 'm5-1': 149.55, 'm6-1': 158.99, 'm7-1': 1.06, 'm8-1': 28.97}",0.35099999999997067,156.633,inf,156.867,156.867,156.867
487,T9,BESTEFFORT,MISSED,m7-1,46.99,"{'m1-1': 160.71, 'm2-1': 110.35, 'm3-1': 9.79, 'm4-1': 10.6, 'm5-1': 150.68, 'm6-1': 156.57, 'm7-1': 1.06, 'm8-1': 27.6}",0.1845000000000283,156.867,inf,156.99,156.99,156.99
488,T6,BESTEFFORT,MISSED,m7-1,46.995,"{'m1-1': 171.32, 'm2-1': 103.0, 'm3-1': 11.04, 'm4-1': 9.91, 'm5-1': 152.43, 'm6-1': 170.8, 'm7-1': 0.99, 'm8-1': 25.39}",0.007499999999993179,156.99,inf,156.995,156.995,156.995
489,T3,BESTEFFORT,MISSED,m7-1,47.076,"{'m1-1': 154.93, 'm2-1': 99.66, 'm3-1': 9.56, 'm4-1': 9.98, 'm5-1': 157.33, 'm6-1': 166.77, 'm7-1': 1.08, 'm8-1': 25.66}",0.12149999999998329,156.995,inf,157.076,157.076,157.076
490,T2,BESTEFFORT,MISSED,m7-1,47.282,"{'m1-1': 158.51, 'm2-1': 101.73, 'm3-1': 10.06, 'm4-1': 10.15, 'm5-1': 145.18, 'm6-1': 168.6, 'm7-1': 1.18, 'm8-1': 27.59}",0.3089999999999833,157.076,inf,157.28199999999998,157.28199999999998,157.28199999999998
491,T3,BESTEFFORT,MISSED,m7-1,47.408,"{'m1-1': 156.09, 'm2-1': 104.81, 'm3-1': 10.24, 'm4-1': 11.09, 'm5-1': 155.32, 'm6-1': 148.5, 'm7-1': 0.98, 'm8-1': 29.0}",0.1890000000000498,157.28199999999998,inf,157.40800000000002,157.40800000000002,157.40800000000002
492,T8,BESTEFFORT,MISSED,m7-1,47.588,"{'m1-1': 156.06, 'm2-1': 103.78, 'm3-1': 10.92, 'm4-1': 9.78, 'm5-1': 148.5, 'm6-1': 165.74, 'm7-1': 1.09, 'm8-1': 24.56}",0.2699999999999676,157.40800000000002,inf,157.588,157.588,157.588
493,T3,BESTEFFORT,MISSED,m7-1,47.752,"{'m1-1': 158.7, 'm2-1': 106.04, 'm3-1': 10.58, 'm4-1': 9.98, 'm5-1': 147.49, 'm6-1': 164.16, 'm7-1': 1.03, 'm8-1': 27.93}",0.24600000000002353,157.588,inf,157.752,157.752,157.752
494,T4,BESTEFFORT,MISSED,m7-1,47.788,"{'m1-1': 148.03, 'm2-1': 97.58, 'm3-1': 11.04, 'm4-1': 9.51, 'm5-1': 156.85, 'm6-1': 163.37, 'm7-1': 1.1, 'm8-1': 23.74}",0.054000000000002046,157.752,inf,157.788,157.788,157.788
495,T5,BESTEFFORT,MISSED,m7-1,47.829,"{'m1-1': 176.93, 'm2-1': 104.33, 'm3-1': 10.28, 'm4-1': 9.99, 'm5-1': 155.13, 'm6-1': 151.2, 'm7-1': 0.93, 'm8-1': 25.05}",0.061499999999995225,157.788,inf,157.829,157.829,157.829
496,T8,BESTEFFORT,MISSED,m7-1,48.145,"{'m1-1': 160.58, 'm2-1': 100.36, 'm3-1': 11.23, 'm4-1': 11.06, 'm5-1': 147.75, 'm6-1': 147.6, 'm7-1': 1.08, 'm8-1': 26.07}",0.47400000000000375,157.829,inf,158.145,158.145,158.145
497,T5,BESTEFFORT,MISSED,m7-1,48.161,"{'m1-1': 173.36, 'm2-1': 113.74, 'm3-1': 9.6, 'm4-1': 11.21, 'm5-1': 156.67, 'm6-1': 146.02, 'm7-1': 1.09, 'm8-1': 24.08}",0.0239999999999867,158.145,inf,158.161,158.161,158.161
498,T9,BESTEFFORT,MISSED,m7-1,48.292,"{'m1-1': 148.08, 'm2-1': 105.84, 'm3-1': 9.66, 'm4-1': 11.4, 'm5-1': 160.16, 'm6-1': 153.14, 'm7-1': 1.12, 'm8-1': 25.88}",0.19650000000000034,158.161,inf,158.292,158.292,158.292
499,T4,BESTEFFORT,MISSED,m7-1,48.453,"{'m1-1': 152.24, 'm2-1': 108.79, 'm3-1': 11.06, 'm4-1': 9.65, 'm5-1': 162.67, 'm6-1': 152.16, 'm7-1': 1.05, 'm8-1': 25.49}",0.24150000000000205,158.292,inf,158.453,158.453,158.453
500,T3,BESTEFFORT,MISSED,m7-1,48.481,"{'m1-1': 154.68, 'm2-1': 108.94, 'm3-1': 11.08, 'm4-1': 10.78, 'm5-1': 163.9, 'm6-1': 158.07, 'm7-1': 0.98, 'm8-1': 25.74}",0.04199999999998738,158.453,inf,158.481,158.481,158.481
501,T6,BESTEFFORT,MISSED,m7-1,48.499,"{'m1-1': 160.02, 'm2-1': 100.51, 'm3-1': 9.97, 'm4-1': 10.54, 'm5-1': 148.01, 'm6-1': 145.12, 'm7-1': 1.06, 'm8-1': 28.12}",0.027000000000001023,158.481,inf,158.499,158.499,158.499
502,T4,BESTEFFORT,MISSED,m7-1,48.689,"{'m1-1': 145.36, 'm2-1': 94.4, 'm3-1': 10.55, 'm4-1': 10.96, 'm5-1': 162.32, 'm6-1': 143.27, 'm7-1': 1.06, 'm8-1': 25.45}",0.2849999999999966,158.499,inf,158.689,158.689,158.689
503,T10,BESTEFFORT,MISSED,m7-1,48.76,"{'m1-1': 145.11, 'm2-1': 110.93, 'm3-1': 11.01, 'm4-1': 10.32, 'm5-1': 142.11, 'm6-1': 161.14, 'm7-1': 1.02, 'm8-1': 27.6}",0.10649999999999693,158.689,inf,158.76,158.76,158.76
504,T4,BESTEFFORT,MISSED,m7-1,48.834,"{'m1-1': 169.02, 'm2-1': 101.16, 'm3-1': 9.65, 'm4-1': 9.53, 'm5-1': 160.99, 'm6-1': 162.44, 'm7-1': 1.0, 'm8-1': 26.15}",0.11100000000001842,158.76,inf,158.834,158.834,158.834
505,T6,BESTEFFORT,MISSED,m7-1,48.897,"{'m1-1': 163.21, 'm2-1': 105.2, 'm3-1': 10.63, 'm4-1': 10.84, 'm5-1': 144.61, 'm6-1': 161.0, 'm7-1': 1.04, 'm8-1': 26.66}",0.09449999999998226,158.834,inf,158.897,158.897,158.897
506,T4,BESTEFFORT,MISSED,m7-1,48.924,"{'m1-1': 165.78, 'm2-1': 104.69, 'm3-1': 9.77, 'm4-1': 9.42, 'm5-1': 162.36, 'm6-1': 159.17, 'm7-1': 1.09, 'm8-1': 25.12}",0.04050000000002285,158.897,inf,158.924,158.924,158.924
507,T3,BESTEFFORT,MISSED,m7-1,48.969,"{'m1-1': 164.62, 'm2-1': 104.47, 'm3-1': 11.1, 'm4-1': 10.36, 'm5-1': 145.42, 'm6-1': 160.09, 'm7-1': 1.03, 'm8-1': 24.9}",0.06749999999998124,158.924,inf,158.969,158.969,158.969
508,T8,BESTEFFORT,MISSED,m7-1,49.095,"{'m1-1': 165.08, 'm2-1': 102.01, 'm3-1': 10.26, 'm4-1': 9.43, 'm5-1': 147.3, 'm6-1': 161.51, 'm7-1': 0.93, 'm8-1': 26.64}",0.18900000000000716,158.969,inf,159.095,159.095,159.095
509,T3,BESTEFFORT,MISSED,m7-1,49.233,"{'m1-1': 158.79, 'm2-1': 112.29, 'm3-1': 10.53, 'm4-1': 11.5, 'm5-1': 152.16, 'm6-1': 166.68, 'm7-1': 1.09, 'm8-1': 25.68}",0.20700000000000784,159.095,inf,159.233,159.233,159.233
510,T9,BESTEFFORT,MISSED,m7-1,49.37,"{'m1-1': 157.73, 'm2-1': 109.16, 'm3-1': 10.73, 'm4-1': 10.51, 'm5-1': 153.36, 'm6-1': 160.05, 'm7-1': 1.17, 'm8-1': 26.61}",0.20550000000000068,159.233,inf,159.37,159.37,159.37
511,T7,BESTEFFORT,MISSED,m7-1,49.485,"{'m1-1': 157.0, 'm2-1': 96.09, 'm3-1': 10.09, 'm4-1': 11.38, 'm5-1': 177.25, 'm6-1': 158.52, 'm7-1': 0.99, 'm8-1': 27.5}",0.17250000000001364,159.37,inf,159.485,159.485,159.485
512,T8,BESTEFFORT,MISSED,m7-1,49.5,"{'m1-1': 174.4, 'm2-1': 94.95, 'm3-1': 10.61, 'm4-1': 10.94, 'm5-1': 165.56, 'm6-1': 145.91, 'm7-1': 0.93, 'm8-1': 28.35}",0.022499999999979536,159.485,inf,159.5,159.5,159.5
513,T10,BESTEFFORT,MISSED,m7-1,49.711,"{'m1-1': 169.16, 'm2-1': 106.98, 'm3-1': 10.52, 'm4-1': 10.71, 'm5-1': 152.52, 'm6-1': 151.74, 'm7-1': 1.11, 'm8-1': 25.7}",0.3165000000000191,159.5,inf,159.711,159.711,159.711
514,T9,BESTEFFORT,MISSED,m7-1,49.909,"{'m1-1': 140.4, 'm2-1': 110.62, 'm3-1': 9.58, 'm4-1': 9.8, 'm5-1': 159.16, 'm6-1': 170.53, 'm7-1': 1.05, 'm8-1': 26.28}",0.2969999999999686,159.711,inf,159.909,159.909,159.909
515,T7,BESTEFFORT,MISSED,m7-1,49.931,"{'m1-1': 162.85, 'm2-1': 96.69, 'm3-1': 10.9, 'm4-1': 10.72, 'm5-1': 159.89, 'm6-1': 166.59, 'm7-1': 1.1, 'm8-1': 29.24}",0.03299999999998704,159.909,inf,159.93099999999998,159.93099999999998,159.93099999999998
516,T5,BESTEFFORT,MISSED,m7-1,49.951,"{'m1-1': 168.49, 'm2-1': 102.67, 'm3-1': 9.63, 'm4-1': 10.29, 'm5-1': 137.93, 'm6-1': 161.76, 'm7-1': 0.93, 'm8-1': 25.78}",0.030000000000015348,159.93099999999998,inf,159.951,159.951,159.951
517,T2,BESTEFFORT,MISSED,m7-1,50.087,"{'m1-1': 151.5, 'm2-1': 111.25, 'm3-1': 9.72, 'm4-1': 9.69, 'm5-1': 153.59, 'm6-1': 168.02, 'm7-1': 1.11, 'm8-1': 23.76}",0.20399999999999352,159.951,inf,160.087,160.087,160.087
518,T6,BESTEFFORT,MISSED,m7-1,50.262,"{'m1-1': 163.77, 'm2-1': 99.35, 'm3-1': 10.69, 'm4-1': 10.16, 'm5-1': 159.65, 'm6-1': 160.69, 'm7-1': 1.03, 'm8-1': 24.3}",0.26250000000001705,160.087,inf,160.262,160.262,160.262
519,T4,BESTEFFORT,MISSED,m7-1,50.496,"{'m1-1': 161.98, 'm2-1': 105.32, 'm3-1': 9.97, 'm4-1': 9.61, 'm5-1': 144.03, 'm6-1': 152.47, 'm7-1': 1.01, 'm8-1': 23.54}",0.3510000000000133,160.262,inf,160.496,160.496,160.496
520,T1,BESTEFFORT,MISSED,m7-1,50.668,"{'m1-1': 149.11, 'm2-1': 111.98, 'm3-1': 10.78, 'm4-1': 10.06, 'm5-1': 145.0, 'm6-1': 164.66, 'm7-1': 1.11, 'm8-1': 24.48}",0.25799999999999557,160.496,inf,160.668,160.668,160.668
521,T3,BESTEFFORT,MISSED,m7-1,50.874,"{'m1-1': 164.14, 'm2-1': 113.09, 'm3-1': 9.57, 'm4-1': 10.29, 'm5-1': 161.61, 'm6-1': 169.8, 'm7-1': 0.96, 'm8-1': 27.14}",0.3089999999999833,160.668,inf,160.874,160.874,160.874
522,T7,BESTEFFORT,MISSED,m7-1,50.951,"{'m1-1': 144.88, 'm2-1': 105.65, 'm3-1': 10.47, 'm4-1': 10.0, 'm5-1': 151.65, 'm6-1': 151.28, 'm7-1': 1.05, 'm8-1': 25.89}",0.11549999999999727,160.874,inf,160.951,160.951,160.951
523,T10,BESTEFFORT,MISSED,m7-1,51.102,"{'m1-1': 147.99, 'm2-1': 97.87, 'm3-1': 9.97, 'm4-1': 11.22, 'm5-1': 140.6, 'm6-1': 168.9, 'm7-1': 1.18, 'm8-1': 27.56}",0.2265000000000157,160.951,inf,161.102,161.102,161.102
524,T9,BESTEFFORT,MISSED,m7-1,51.257,"{'m1-1': 140.91, 'm2-1': 112.82, 'm3-1': 9.95, 'm4-1': 11.13, 'm5-1': 148.33, 'm6-1': 169.69, 'm7-1': 1.13, 'm8-1': 27.43}",0.2325000000000017,161.102,inf,161.257,161.257,161.257
525,T1,BESTEFFORT,MISSED,m7-1,51.364,"{'m1-1': 160.98, 'm2-1': 110.19, 'm3-1': 10.68, 'm4-1': 10.96, 'm5-1': 145.05, 'm6-1': 157.04, 'm7-1': 1.17, 'm8-1': 24.67}",0.16049999999999898,161.257,inf,161.364,161.364,161.364
526,T8,BESTEFFORT,MISSED,m7-1,51.748,"{'m1-1': 152.11, 'm2-1': 107.04, 'm3-1': 10.72, 'm4-1': 10.94, 'm5-1': 165.2, 'm6-1': 154.4, 'm7-1': 0.97, 'm8-1': 27.85}",0.5759999999999792,161.364,inf,161.748,161.748,161.748
527,T4,BESTEFFORT,MISSED,m7-1,51.844,"{'m1-1': 154.07, 'm2-1': 100.87, 'm3-1': 11.34, 'm4-1': 10.28, 'm5-1': 143.93, 'm6-1': 164.47, 'm7-1': 1.01, 'm8-1': 25.12}",0.14400000000000546,161.748,inf,161.844,161.844,161.844
528,T1,BESTEFFORT,MISSED,m7-1,51.871,"{'m1-1': 154.17, 'm2-1': 107.23, 'm3-1': 10.5, 'm4-1': 11.13, 'm5-1': 147.7, 'm6-1': 151.23, 'm7-1': 1.14, 'm8-1': 24.48}",0.04050000000002285,161.844,inf,161.871,161.871,161.871
529,T8,BESTEFFORT,MISSED,m7-1,52.009,"{'m1-1': 164.94, 'm2-1': 97.38, 'm3-1': 10.58, 'm4-1': 9.31, 'm5-1': 155.65, 'm6-1': 143.84, 'm7-1': 1.04, 'm8-1': 26.5}",0.20700000000000784,161.871,inf,162.00900000000001,162.00900000000001,162.00900000000001
530,T7,BESTEFFORT,MISSED,m7-1,52.068,"{'m1-1': 160.35, 'm2-1': 109.97, 'm3-1': 10.68, 'm4-1': 10.21, 'm5-1': 160.15, 'm6-1': 149.72, 'm7-1': 1.08, 'm8-1': 28.29}",0.08849999999995362,162.00900000000001,inf,162.06799999999998,162.06799999999998,162.06799999999998
531,T3,BESTEFFORT,MISSED,m7-1,52.104,"{'m1-1': 155.52, 'm2-1': 104.8, 'm3-1': 11.21, 'm4-1': 10.58, 'm5-1': 159.04, 'm6-1': 159.66, 'm7-1': 1.04, 'm8-1': 27.4}",0.054000000000002046,162.06799999999998,inf,162.10399999999998,162.10399999999998,162.10399999999998
532,T2,BESTEFFORT,MISSED,m7-1,52.34,"{'m1-1': 154.88, 'm2-1': 105.48, 'm3-1': 10.05, 'm4-1': 10.16, 'm5-1': 165.56, 'm6-1': 177.11, 'm7-1': 1.04, 'm8-1': 24.46}",0.3540000000000276,162.10399999999998,inf,162.34,162.34,162.34
533,T6,BESTEFFORT,MISSED,m7-1,52.401,"{'m1-1': 156.12, 'm2-1': 93.17, 'm3-1': 9.88, 'm4-1': 11.2, 'm5-1': 158.86, 'm6-1': 158.4, 'm7-1': 1.01, 'm8-1': 27.73}",0.09150000000001057,162.34,inf,162.401,162.401,162.401
534,T10,BESTEFFORT,MISSED,m7-1,52.414,"{'m1-1': 148.18, 'm2-1': 108.68, 'm3-1': 9.34, 'm4-1': 10.1, 'm5-1': 160.8, 'm6-1': 144.62, 'm7-1': 1.05, 'm8-1': 27.07}",0.019499999999965212,162.401,inf,162.414,162.414,162.414
535,T4,BESTEFFORT,MISSED,m7-1,52.631,"{'m1-1': 154.39, 'm2-1': 109.32, 'm3-1': 10.81, 'm4-1': 9.48, 'm5-1': 144.65, 'm6-1': 143.8, 'm7-1': 1.18, 'm8-1': 24.5}",0.32550000000001944,162.414,inf,162.631,162.631,162.631
536,T5,BESTEFFORT,MISSED,m7-1,52.683,"{'m1-1': 152.71, 'm2-1': 103.85, 'm3-1': 10.52, 'm4-1': 10.63, 'm5-1': 162.88, 'm6-1': 149.01, 'm7-1': 1.08, 'm8-1': 25.6}",0.07799999999998875,162.631,inf,162.683,162.683,162.683
537,T7,BESTEFFORT,MISSED,m7-1,52.758,"{'m1-1': 155.62, 'm2-1': 110.03, 'm3-1': 11.77, 'm4-1': 10.38, 'm5-1': 156.05, 'm6-1': 168.11, 'm7-1': 1.06, 'm8-1': 29.07}",0.11250000000002558,162.683,inf,162.758,162.758,162.758
538,T9,BESTEFFORT,MISSED,m7-1,52.777,"{'m1-1': 158.67, 'm2-1': 103.07, 'm3-1': 9.83, 'm4-1': 10.67, 'm5-1': 168.63, 'm6-1': 164.49, 'm7-1': 1.17, 'm8-1': 27.34}",0.028499999999965553,162.758,inf,162.777,162.777,162.777
539,T4,BESTEFFORT,MISSED,m7-1,52.854,"{'m1-1': 157.18, 'm2-1': 94.05, 'm3-1': 10.65, 'm4-1': 10.48, 'm5-1': 161.41, 'm6-1': 155.15, 'm7-1': 1.06, 'm8-1': 23.44}",0.11549999999999727,162.777,inf,162.85399999999998,162.85399999999998,162.85399999999998
540,T5,BESTEFFORT,MISSED,m7-1,52.902,"{'m1-1': 162.85, 'm2-1': 113.79, 'm3-1': 10.95, 'm4-1': 11.59, 'm5-1': 141.77, 'm6-1': 160.5, 'm7-1': 0.99, 'm8-1': 24.12}",0.07200000000000273,162.85399999999998,inf,162.902,162.902,162.902
541,T1,BESTEFFORT,MISSED,m7-1,53.173,"{'m1-1': 168.78, 'm2-1': 107.03, 'm3-1': 10.79, 'm4-1': 11.39, 'm5-1': 161.13, 'm6-1': 148.67, 'm7-1': 1.05, 'm8-1': 25.01}",0.4065000000000225,162.902,inf,163.173,163.173,163.173
542,T10,BESTEFFORT,MISSED,m7-1,53.182,"{'m1-1': 168.98, 'm2-1': 107.41, 'm3-1': 9.76, 'm4-1': 11.46, 'm5-1': 141.66, 'm6-1': 160.44, 'm7-1': 1.02, 'm8-1': 27.62}",0.013500000000021828,163.173,inf,163.18200000000002,163.18200000000002,163.18200000000002
543,T2,BESTEFFORT,MISSED,m7-1,53.251,"{'m1-1': 150.11, 'm2-1': 102.05, 'm3-1': 10.85, 'm4-1': 11.43, 'm5-1': 165.58, 'm6-1': 152.93, 'm7-1': 1.17, 'm8-1': 26.43}",0.1034999999999826,163.18200000000002,inf,163.251,163.251,163.251
544,T6,BESTEFFORT,MISSED,m7-1,53.409,"{'m1-1': 152.01, 'm2-1': 94.77, 'm3-1': 11.4, 'm4-1': 10.4, 'm5-1': 144.9, 'm6-1': 155.52, 'm7-1': 1.0, 'm8-1': 26.85}",0.23699999999998056,163.251,inf,163.409,163.409,163.409
545,T5,BESTEFFORT,MISSED,m7-1,53.469,"{'m1-1': 167.98, 'm2-1': 115.99, 'm3-1': 10.36, 'm4-1': 11.68, 'm5-1': 155.18, 'm6-1': 158.58, 'm7-1': 1.04, 'm8-1': 26.99}",0.09000000000000341,163.409,inf,163.469,163.469,163.469
546,T10,BESTEFFORT,MISSED,m7-1,53.53,"{'m1-1': 150.78, 'm2-1': 94.12, 'm3-1': 10.81, 'm4-1': 10.02, 'm5-1': 154.14, 'm6-1': 170.62, 'm7-1': 1.02, 'm8-1': 24.63}",0.09150000000001057,163.469,inf,163.53,163.53,163.53
547,T9,BESTEFFORT,MISSED,m7-1,53.535,"{'m1-1': 156.81, 'm2-1': 103.85, 'm3-1': 9.64, 'm4-1': 10.39, 'm5-1': 162.49, 'm6-1': 163.83, 'm7-1': 1.14, 'm8-1': 28.16}",0.007499999999993179,163.53,inf,163.535,163.535,163.535
548,T8,BESTEFFORT,MISSED,m7-1,53.681,"{'m1-1': 159.78, 'm2-1': 102.84, 'm3-1': 9.93, 'm4-1': 9.4, 'm5-1': 153.8, 'm6-1': 167.48, 'm7-1': 1.01, 'm8-1': 25.31}",0.21899999999997988,163.535,inf,163.68099999999998,163.68099999999998,163.68099999999998
549,T3,BESTEFFORT,MISSED,m7-1,53.999,"{'m1-1': 172.77, 'm2-1': 97.93, 'm3-1': 9.9, 'm4-1': 10.38, 'm5-1': 165.32, 'm6-1': 161.51, 'm7-1': 1.08, 'm8-1': 27.67}",0.4770000000000181,163.68099999999998,inf,163.999,163.999,163.999
550,T8,BESTEFFORT,MISSED,m7-1,54.036,"{'m1-1': 174.43, 'm2-1': 101.89, 'm3-1': 10.75, 'm4-1': 9.51, 'm5-1': 151.14, 'm6-1': 152.07, 'm7-1': 1.05, 'm8-1': 27.5}",0.05550000000000921,163.999,inf,164.036,164.036,164.036
551,T4,BESTEFFORT,MISSED,m7-1,54.118,"{'m1-1': 165.69, 'm2-1': 102.14, 'm3-1': 10.04, 'm4-1': 10.33, 'm5-1': 141.76, 'm6-1': 143.64, 'm7-1': 1.12, 'm8-1': 25.73}",0.12299999999999045,164.036,inf,164.118,164.118,164.118
552,T4,BESTEFFORT,MISSED,m7-1,54.148,"{'m1-1': 149.57, 'm2-1': 97.01, 'm3-1': 10.21, 'm4-1': 9.47, 'm5-1': 142.9, 'm6-1': 150.14, 'm7-1': 1.14, 'm8-1': 27.36}",0.045000000000001705,164.118,inf,164.148,164.148,164.148
553,T8,BESTEFFORT,MISSED,m7-1,54.392,"{'m1-1': 178.38, 'm2-1': 108.24, 'm3-1': 10.72, 'm4-1': 9.48, 'm5-1': 170.88, 'm6-1': 144.76, 'm7-1': 1.01, 'm8-1': 26.56}",0.36599999999999966,164.148,inf,164.392,164.392,164.392
554,T7,BESTEFFORT,MISSED,m7-1,54.445,"{'m1-1': 163.43, 'm2-1': 93.83, 'm3-1': 11.07, 'm4-1': 10.66, 'm5-1': 165.96, 'm6-1': 161.19, 'm7-1': 0.94, 'm8-1': 26.13}",0.07949999999999591,164.392,inf,164.445,164.445,164.445
555,T3,BESTEFFORT,MISSED,m7-1,54.451,"{'m1-1': 173.65, 'm2-1': 112.86, 'm3-1': 10.06, 'm4-1': 9.99, 'm5-1': 167.94, 'm6-1': 157.06, 'm7-1': 1.05, 'm8-1': 28.6}",0.009000000000000341,164.445,inf,164.451,164.451,164.451
556,T6,BESTEFFORT,MISSED,m7-1,54.457,"{'m1-1': 159.77, 'm2-1': 109.68, 'm3-1': 10.44, 'm4-1': 10.44, 'm5-1': 158.35, 'm6-1': 166.22, 'm7-1': 0.98, 'm8-1': 26.08}",0.0,164.457,inf,164.457,164.457,164.457
557,T4,BESTEFFORT,MISSED,m7-1,54.457,"{'m1-1': 161.74, 'm2-1': 107.63, 'm3-1': 11.24, 'm4-1': 10.79, 'm5-1': 142.14, 'm6-1': 153.52, 'm7-1': 1.09, 'm8-1': 25.64}",0.009000000000000341,164.451,inf,164.457,164.457,164.457
558,T7,BESTEFFORT,MISSED,m7-1,54.558,"{'m1-1': 158.97, 'm2-1': 97.6, 'm3-1': 11.21, 'm4-1': 11.31, 'm5-1': 162.52, 'm6-1': 155.33, 'm7-1': 1.01, 'm8-1': 29.07}",0.15149999999999864,164.457,inf,164.558,164.558,164.558
559,T8,BESTEFFORT,MISSED,m7-1,54.689,"{'m1-1': 168.03, 'm2-1': 99.31, 'm3-1': 10.18, 'm4-1': 11.02, 'm5-1': 158.82, 'm6-1': 157.84, 'm7-1': 1.07, 'm8-1': 26.41}",0.19650000000000034,164.558,inf,164.689,164.689,164.689
560,T8,BESTEFFORT,MISSED,m7-1,54.747,"{'m1-1': 163.21, 'm2-1': 103.52, 'm3-1': 10.33, 'm4-1': 9.64, 'm5-1': 148.24, 'm6-1': 143.46, 'm7-1': 1.09, 'm8-1': 27.56}",0.08700000000003172,164.689,inf,164.747,164.747,164.747
561,T8,BESTEFFORT,MISSED,m7-1,54.818,"{'m1-1': 175.12, 'm2-1': 109.56, 'm3-1': 10.68, 'm4-1': 9.86, 'm5-1': 165.69, 'm6-1': 144.08, 'm7-1': 0.92, 'm8-1': 26.08}",0.1064999999999543,164.747,inf,164.81799999999998,164.81799999999998,164.81799999999998
562,T3,BESTEFFORT,MISSED,m7-1,54.86,"{'m1-1': 152.6, 'm2-1': 104.2, 'm3-1': 10.31, 'm4-1': 11.33, 'm5-1': 150.03, 'm6-1': 150.55, 'm7-1': 1.07, 'm8-1': 25.08}",0.06300000000004502,164.81799999999998,inf,164.86,164.86,164.86
563,T6,BESTEFFORT,MISSED,m7-1,55.009,"{'m1-1': 161.8, 'm2-1': 101.11, 'm3-1': 9.77, 'm4-1': 10.57, 'm5-1': 160.75, 'm6-1': 155.18, 'm7-1': 1.01, 'm8-1': 28.22}",0.22350000000000136,164.86,inf,165.00900000000001,165.00900000000001,165.00900000000001
564,T7,BESTEFFORT,MISSED,m7-1,55.084,"{'m1-1': 169.5, 'm2-1': 93.76, 'm3-1': 10.05, 'm4-1': 10.86, 'm5-1': 164.47, 'm6-1': 144.28, 'm7-1': 1.02, 'm8-1': 25.02}",0.11249999999998295,165.00900000000001,inf,165.084,165.084,165.084
565,T6,BESTEFFORT,MISSED,m7-1,55.094,"{'m1-1': 152.44, 'm2-1': 108.14, 'm3-1': 10.46, 'm4-1': 11.36, 'm5-1': 155.3, 'm6-1': 160.66, 'm7-1': 1.04, 'm8-1': 24.74}",0.014999999999986358,165.084,inf,165.094,165.094,165.094
566,T1,BESTEFFORT,MISSED,m7-1,55.163,"{'m1-1': 168.78, 'm2-1': 102.48, 'm3-1': 10.43, 'm4-1': 11.16, 'm5-1': 158.12, 'm6-1': 167.67, 'm7-1': 1.17, 'm8-1': 24.17}",0.10350000000002524,165.094,inf,165.163,165.163,165.163
567,T1,BESTEFFORT,MISSED,m7-1,55.19,"{'m1-1': 163.56, 'm2-1': 111.31, 'm3-1': 9.69, 'm4-1': 10.72, 'm5-1': 149.13, 'm6-1': 155.12, 'm7-1': 1.09, 'm8-1': 23.95}",0.04049999999998022,165.163,inf,165.19,165.19,165.19
568,T5,BESTEFFORT,MISSED,m7-1,55.22,"{'m1-1': 154.51, 'm2-1': 110.94, 'm3-1': 10.84, 'm4-1': 10.27, 'm5-1': 142.84, 'm6-1': 154.39, 'm7-1': 1.06, 'm8-1': 25.45}",0.045000000000001705,165.19,inf,165.22,165.22,165.22
569,T5,BESTEFFORT,MISSED,m7-1,55.441,"{'m1-1': 151.74, 'm2-1': 101.23, 'm3-1': 10.09, 'm4-1': 11.6, 'm5-1': 154.07, 'm6-1': 161.36, 'm7-1': 0.96, 'm8-1': 27.0}",0.33150000000000546,165.22,inf,165.441,165.441,165.441
570,T1,BESTEFFORT,MISSED,m7-1,55.532,"{'m1-1': 155.79, 'm2-1': 112.85, 'm3-1': 9.73, 'm4-1': 10.71, 'm5-1': 158.37, 'm6-1': 162.96, 'm7-1': 1.11, 'm8-1': 25.81}",0.13649999999996965,165.441,inf,165.53199999999998,165.53199999999998,165.53199999999998
571,T8,BESTEFFORT,MISSED,m7-1,55.556,"{'m1-1': 150.52, 'm2-1': 105.12, 'm3-1': 9.72, 'm4-1': 10.33, 'm5-1': 161.85, 'm6-1': 146.28, 'm7-1': 0.94, 'm8-1': 26.68}",0.036000000000001364,165.53199999999998,inf,165.55599999999998,165.55599999999998,165.55599999999998
572,T6,BESTEFFORT,MISSED,m7-1,55.664,"{'m1-1': 172.79, 'm2-1': 102.9, 'm3-1': 10.22, 'm4-1': 11.2, 'm5-1': 162.67, 'm6-1': 153.94, 'm7-1': 0.97, 'm8-1': 27.4}",0.16200000000000614,165.55599999999998,inf,165.664,165.664,165.664
573,T9,BESTEFFORT,MISSED,m7-1,55.714,"{'m1-1': 139.22, 'm2-1': 107.28, 'm3-1': 9.42, 'm4-1': 11.56, 'm5-1': 147.02, 'm6-1': 164.44, 'm7-1': 1.06, 'm8-1': 28.21}",0.07500000000001705,165.664,inf,165.714,165.714,165.714
574,T10,BESTEFFORT,MISSED,m7-1,55.73,"{'m1-1': 158.67, 'm2-1': 101.07, 'm3-1': 10.7, 'm4-1': 11.09, 'm5-1': 141.53, 'm6-1': 157.58, 'm7-1': 1.03, 'm8-1': 26.52}",0.0239999999999867,165.714,inf,165.73,165.73,165.73
575,T2,BESTEFFORT,MISSED,m7-1,55.8,"{'m1-1': 159.33, 'm2-1': 102.59, 'm3-1': 10.34, 'm4-1': 11.26, 'm5-1': 149.38, 'm6-1': 158.79, 'm7-1': 1.1, 'm8-1': 24.67}",0.1050000000000324,165.73,inf,165.8,165.8,165.8
576,T2,BESTEFFORT,MISSED,m7-1,55.893,"{'m1-1': 163.56, 'm2-1': 96.36, 'm3-1': 10.63, 'm4-1': 9.71, 'm5-1': 167.64, 'm6-1': 176.73, 'm7-1': 1.11, 'm8-1': 26.84}",0.13949999999998397,165.8,inf,165.893,165.893,165.893
577,T2,BESTEFFORT,MISSED,m7-1,56.111,"{'m1-1': 171.0, 'm2-1': 98.73, 'm3-1': 11.13, 'm4-1': 9.74, 'm5-1': 154.29, 'm6-1': 162.93, 'm7-1': 1.18, 'm8-1': 24.89}",0.32699999999998397,165.893,inf,166.111,166.111,166.111
578,T2,BESTEFFORT,MISSED,m7-1,56.157,"{'m1-1': 155.06, 'm2-1': 104.57, 'm3-1': 9.65, 'm4-1': 9.96, 'm5-1': 145.92, 'm6-1': 151.73, 'm7-1': 1.14, 'm8-1': 24.06}",0.0689999999999884,166.111,inf,166.15699999999998,166.15699999999998,166.15699999999998
579,T8,BESTEFFORT,MISSED,m7-1,56.186,"{'m1-1': 172.65, 'm2-1': 97.35, 'm3-1': 11.08, 'm4-1': 9.69, 'm5-1': 160.31, 'm6-1': 159.9, 'm7-1': 1.08, 'm8-1': 24.92}",0.043500000000037176,166.15699999999998,inf,166.186,166.186,166.186
580,T6,BESTEFFORT,MISSED,m7-1,56.193,"{'m1-1': 169.42, 'm2-1': 101.93, 'm3-1': 10.71, 'm4-1': 10.05, 'm5-1': 147.4, 'm6-1': 149.44, 'm7-1': 1.12, 'm8-1': 26.84}",0.01049999999996487,166.186,inf,166.19299999999998,166.19299999999998,166.19299999999998
581,T9,BESTEFFORT,MISSED,m7-1,56.203,"{'m1-1': 156.56, 'm2-1': 106.38, 'm3-1': 10.24, 'm4-1': 10.32, 'm5-1': 147.37, 'm6-1': 167.64, 'm7-1': 1.17, 'm8-1': 27.16}",0.01500000000002899,166.19299999999998,inf,166.203,166.203,166.203
582,T6,BESTEFFORT,MISSED,m7-1,56.322,"{'m1-1': 172.87, 'm2-1': 109.26, 'm3-1': 9.86, 'm4-1': 10.04, 'm5-1': 138.07, 'm6-1': 167.8, 'm7-1': 1.04, 'm8-1': 27.9}",0.17849999999999966,166.203,inf,166.322,166.322,166.322
583,T4,BESTEFFORT,MISSED,m7-1,56.454,"{'m1-1': 165.78, 'm2-1': 94.73, 'm3-1': 11.09, 'm4-1': 9.53, 'm5-1': 154.05, 'm6-1': 166.16, 'm7-1': 1.12, 'm8-1': 23.69}",0.1980000000000075,166.322,inf,166.454,166.454,166.454
584,T2,BESTEFFORT,MISSED,m7-1,56.551,"{'m1-1': 171.06, 'm2-1': 109.16, 'm3-1': 10.82, 'm4-1': 10.4, 'm5-1': 160.52, 'm6-1': 150.69, 'm7-1': 1.08, 'm8-1': 26.94}",0.14549999999997,166.454,inf,166.551,166.551,166.551
585,T2,BESTEFFORT,MISSED,m7-1,57.043,"{'m1-1': 164.13, 'm2-1': 103.97, 'm3-1': 10.79, 'm4-1': 10.55, 'm5-1': 145.92, 'm6-1': 177.74, 'm7-1': 1.18, 'm8-1': 27.88}",0.738000000000028,166.551,inf,167.043,167.043,167.043
586,T1,BESTEFFORT,MISSED,m7-1,57.089,"{'m1-1': 156.11, 'm2-1': 103.46, 'm3-1': 10.21, 'm4-1': 10.77, 'm5-1': 154.93, 'm6-1': 152.16, 'm7-1': 1.08, 'm8-1': 23.78}",0.0689999999999884,167.043,inf,167.089,167.089,167.089
587,T5,BESTEFFORT,MISSED,m7-1,57.137,"{'m1-1': 173.53, 'm2-1': 105.09, 'm3-1': 11.08, 'm4-1': 11.68, 'm5-1': 143.62, 'm6-1': 151.89, 'm7-1': 1.08, 'm8-1': 23.76}",0.07200000000000273,167.089,inf,167.137,167.137,167.137
588,T7,BESTEFFORT,MISSED,m7-1,57.203,"{'m1-1': 160.44, 'm2-1': 105.85, 'm3-1': 11.42, 'm4-1': 9.78, 'm5-1': 155.04, 'm6-1': 158.72, 'm7-1': 1.0, 'm8-1': 27.48}",0.09900000000000375,167.137,inf,167.203,167.203,167.203
589,T5,BESTEFFORT,MISSED,m7-1,57.222,"{'m1-1': 160.85, 'm2-1': 101.56, 'm3-1': 11.04, 'm4-1': 11.0, 'm5-1': 158.01, 'm6-1': 163.83, 'm7-1': 1.03, 'm8-1': 26.67}",0.028500000000008185,167.203,inf,167.222,167.222,167.222
590,T2,BESTEFFORT,MISSED,m7-1,57.359,"{'m1-1': 159.04, 'm2-1': 109.42, 'm3-1': 9.4, 'm4-1': 10.45, 'm5-1': 149.08, 'm6-1': 158.87, 'm7-1': 1.02, 'm8-1': 25.77}",0.20550000000000068,167.222,inf,167.359,167.359,167.359
591,T9,BESTEFFORT,MISSED,m7-1,57.423,"{'m1-1': 149.67, 'm2-1': 109.21, 'm3-1': 10.45, 'm4-1': 10.75, 'm5-1': 147.51, 'm6-1': 160.02, 'm7-1': 1.12, 'm8-1': 25.6}",0.09599999999998943,167.359,inf,167.423,167.423,167.423
592,T3,BESTEFFORT,MISSED,m7-1,57.518,"{'m1-1': 152.6, 'm2-1': 107.13, 'm3-1': 9.77, 'm4-1': 10.71, 'm5-1': 165.23, 'm6-1': 152.08, 'm7-1': 0.99, 'm8-1': 27.28}",0.1424999999999983,167.423,inf,167.518,167.518,167.518
593,T1,BESTEFFORT,MISSED,m7-1,57.699,"{'m1-1': 171.08, 'm2-1': 105.83, 'm3-1': 9.78, 'm4-1': 10.95, 'm5-1': 139.14, 'm6-1': 150.07, 'm7-1': 1.03, 'm8-1': 25.18}",0.2715000000000174,167.518,inf,167.699,167.699,167.699
594,T1,BESTEFFORT,MISSED,m7-1,57.706,"{'m1-1': 174.25, 'm2-1': 114.04, 'm3-1': 10.63, 'm4-1': 10.57, 'm5-1': 139.98, 'm6-1': 164.44, 'm7-1': 1.12, 'm8-1': 27.88}",0.010500000000007503,167.699,inf,167.70600000000002,167.70600000000002,167.70600000000002
595,T5,BESTEFFORT,MISSED,m7-1,57.736,"{'m1-1': 168.68, 'm2-1': 106.28, 'm3-1': 10.15, 'm4-1': 10.65, 'm5-1': 154.9, 'm6-1': 157.04, 'm7-1': 0.98, 'm8-1': 25.7}",0.04499999999995907,167.70600000000002,inf,167.736,167.736,167.736
596,T8,BESTEFFORT,MISSED,m7-1,57.835,"{'m1-1': 153.86, 'm2-1': 108.52, 'm3-1': 11.19, 'm4-1': 9.81, 'm5-1': 158.81, 'm6-1': 158.69, 'm7-1': 1.04, 'm8-1': 26.91}",0.14850000000002694,167.736,inf,167.835,167.835,167.835
597,T10,BESTEFFORT,MISSED,m7-1,57.952,"{'m1-1': 164.86, 'm2-1': 110.67, 'm3-1': 10.91, 'm4-1': 10.15, 'm5-1': 154.76, 'm6-1': 145.4, 'm7-1': 1.1, 'm8-1': 28.42}",0.17549999999998533,167.835,inf,167.952,167.952,167.952
598,T4,BESTEFFORT,MISSED,m7-1,58.145,"{'m1-1': 169.76, 'm2-1': 95.9, 'm3-1': 11.14, 'm4-1': 10.02, 'm5-1': 159.56, 'm6-1': 142.87, 'm7-1': 1.16, 'm8-1': 27.48}",0.2895000000000181,167.952,inf,168.145,168.145,168.145
599,T1,BESTEFFORT,MISSED,m7-1,58.25,"{'m1-1': 157.7, 'm2-1': 110.85, 'm3-1': 9.78, 'm4-1': 10.94, 'm5-1': 156.6, 'm6-1': 168.72, 'm7-1': 1.09, 'm8-1': 27.55}",0.15749999999998465,168.145,inf,168.25,168.25,168.25
600,T8,BESTEFFORT,MISSED,m7-1,58.276,"{'m1-1': 158.49, 'm2-1': 106.36, 'm3-1': 9.89, 'm4-1': 9.88, 'm5-1': 160.0, 'm6-1': 154.11, 'm7-1': 1.03, 'm8-1': 27.09}",0.03900000000001569,168.25,inf,168.276,168.276,168.276
601,T4,BESTEFFORT,MISSED,m7-1,58.58,"{'m1-1': 165.66, 'm2-1': 103.3, 'm3-1': 11.32, 'm4-1': 10.97, 'm5-1': 143.03, 'm6-1': 159.77, 'm7-1': 1.12, 'm8-1': 25.6}",0.45599999999996044,168.276,inf,168.57999999999998,168.57999999999998,168.57999999999998
602,T9,BESTEFFORT,MISSED,m7-1,58.619,"{'m1-1': 148.3, 'm2-1': 117.51, 'm3-1': 9.64, 'm4-1': 10.62, 'm5-1': 168.92, 'm6-1': 156.97, 'm7-1': 1.18, 'm8-1': 27.82}",0.05850000000002353,168.57999999999998,inf,168.619,168.619,168.619
603,T1,BESTEFFORT,MISSED,m7-1,58.651,"{'m1-1': 159.53, 'm2-1': 105.04, 'm3-1': 10.78, 'm4-1': 10.67, 'm5-1': 139.33, 'm6-1': 154.04, 'm7-1': 1.1, 'm8-1': 25.32}",0.04800000000001603,168.619,inf,168.651,168.651,168.651
604,T10,BESTEFFORT,MISSED,m7-1,58.687,"{'m1-1': 154.75, 'm2-1': 100.82, 'm3-1': 10.29, 'm4-1': 10.86, 'm5-1': 141.65, 'm6-1': 171.18, 'm7-1': 1.06, 'm8-1': 26.86}",0.054000000000002046,168.651,inf,168.687,168.687,168.687
605,T9,BESTEFFORT,MISSED,m7-1,58.762,"{'m1-1': 146.25, 'm2-1': 113.74, 'm3-1': 10.59, 'm4-1': 11.29, 'm5-1': 169.75, 'm6-1': 169.07, 'm7-1': 1.0, 'm8-1': 28.69}",0.11249999999998295,168.687,inf,168.762,168.762,168.762
606,T6,BESTEFFORT,MISSED,m7-1,58.931,"{'m1-1': 174.02, 'm2-1': 95.99, 'm3-1': 10.04, 'm4-1': 9.91, 'm5-1': 152.1, 'm6-1': 169.51, 'm7-1': 1.13, 'm8-1': 25.82}",0.2534999999999741,168.762,inf,168.93099999999998,168.93099999999998,168.93099999999998
607,T8,BESTEFFORT,MISSED,m7-1,58.951,"{'m1-1': 156.54, 'm2-1': 94.57, 'm3-1': 10.47, 'm4-1': 9.9, 'm5-1': 167.12, 'm6-1': 146.08, 'm7-1': 0.95, 'm8-1': 27.74}",0.030000000000015348,168.93099999999998,inf,168.951,168.951,168.951
608,T3,BESTEFFORT,MISSED,m7-1,59.006,"{'m1-1': 172.8, 'm2-1': 101.73, 'm3-1': 10.06, 'm4-1': 11.2, 'm5-1': 146.03, 'm6-1': 150.31, 'm7-1': 1.02, 'm8-1': 26.08}",0.08250000000001023,168.951,inf,169.006,169.006,169.006
609,T9,BESTEFFORT,MISSED,m7-1,59.067,"{'m1-1': 149.93, 'm2-1': 100.43, 'm3-1': 9.84, 'm4-1': 10.86, 'm5-1': 152.11, 'm6-1': 171.32, 'm7-1': 1.0, 'm8-1': 28.11}",0.09150000000001057,169.006,inf,169.067,169.067,169.067
610,T2,BESTEFFORT,MISSED,m7-1,59.124,"{'m1-1': 168.59, 'm2-1': 106.53, 'm3-1': 11.02, 'm4-1': 11.49, 'm5-1': 151.62, 'm6-1': 177.29, 'm7-1': 1.06, 'm8-1': 27.6}",0.08549999999998192,169.067,inf,169.124,169.124,169.124
611,T2,BESTEFFORT,MISSED,m7-1,59.565,"{'m1-1': 151.64, 'm2-1': 101.62, 'm3-1': 10.3, 'm4-1': 10.74, 'm5-1': 156.94, 'm6-1': 168.61, 'm7-1': 1.12, 'm8-1': 24.13}",0.6615000000000038,169.124,inf,169.565,169.565,169.565
612,T10,BESTEFFORT,MISSED,m7-1,59.577,"{'m1-1': 152.85, 'm2-1': 110.93, 'm3-1': 9.51, 'm4-1': 11.27, 'm5-1': 140.45, 'm6-1': 166.03, 'm7-1': 1.15, 'm8-1': 25.91}",0.018000000000000682,169.565,inf,169.577,169.577,169.577
613,T1,BESTEFFORT,MISSED,m7-1,59.578,"{'m1-1': 149.01, 'm2-1': 104.92, 'm3-1': 9.86, 'm4-1': 10.3, 'm5-1': 157.72, 'm6-1': 169.39, 'm7-1': 1.07, 'm8-1': 25.12}",0.0015000000000071623,169.577,inf,169.578,169.578,169.578
614,T2,BESTEFFORT,MISSED,m7-1,59.895,"{'m1-1': 156.49, 'm2-1': 101.81, 'm3-1': 10.24, 'm4-1': 10.91, 'm5-1': 147.41, 'm6-1': 164.53, 'm7-1': 1.01, 'm8-1': 23.7}",0.4755000000000109,169.578,inf,169.895,169.895,169.895
615,T3,BESTEFFORT,MISSED,m7-1,59.899,"{'m1-1': 152.83, 'm2-1': 114.2, 'm3-1': 10.47, 'm4-1': 10.97, 'm5-1': 161.6, 'm6-1': 156.46, 'm7-1': 1.0, 'm8-1': 25.72}",0.0059999999999860165,169.895,inf,169.899,169.899,169.899
616,T1,BESTEFFORT,MISSED,m7-1,59.971,"{'m1-1': 170.17, 'm2-1': 115.98, 'm3-1': 10.73, 'm4-1': 11.24, 'm5-1': 148.26, 'm6-1': 161.06, 'm7-1': 1.02, 'm8-1': 27.89}",0.10800000000000409,169.899,inf,169.971,169.971,169.971
617,T8,BESTEFFORT,MISSED,m7-1,60.006,"{'m1-1': 173.63, 'm2-1': 103.67, 'm3-1': 10.92, 'm4-1': 10.25, 'm5-1': 160.53, 'm6-1': 158.56, 'm7-1': 1.06, 'm8-1': 26.28}",0.052499999999994884,169.971,inf,170.006,170.006,170.006
618,T4,BESTEFFORT,MISSED,m7-1,60.083,"{'m1-1': 165.73, 'm2-1': 93.91, 'm3-1': 9.89, 'm4-1': 9.84, 'm5-1': 144.95, 'm6-1': 160.61, 'm7-1': 1.01, 'm8-1': 26.43}",0.11549999999999727,170.006,inf,170.083,170.083,170.083
619,T2,BESTEFFORT,MISSED,m7-1,60.677,"{'m1-1': 164.14, 'm2-1': 96.79, 'm3-1': 10.9, 'm4-1': 11.39, 'm5-1': 156.94, 'm6-1': 177.95, 'm7-1': 1.15, 'm8-1': 27.51}",0.8909999999999911,170.083,inf,170.677,170.677,170.677
620,T2,BESTEFFORT,MISSED,m7-1,60.829,"{'m1-1': 154.0, 'm2-1': 102.98, 'm3-1': 9.73, 'm4-1': 11.0, 'm5-1': 161.44, 'm6-1': 168.33, 'm7-1': 1.07, 'm8-1': 27.66}",0.22800000000002285,170.677,inf,170.829,170.829,170.829
621,T6,BESTEFFORT,MISSED,m7-1,61.302,"{'m1-1': 176.62, 'm2-1': 100.58, 'm3-1': 11.47, 'm4-1': 10.15, 'm5-1': 156.22, 'm6-1': 168.56, 'm7-1': 1.05, 'm8-1': 25.0}",0.7094999999999771,170.829,inf,171.302,171.302,171.302
622,T5,BESTEFFORT,MISSED,m7-1,61.37,"{'m1-1': 171.84, 'm2-1': 115.97, 'm3-1': 10.61, 'm4-1': 11.13, 'm5-1': 146.94, 'm6-1': 166.46, 'm7-1': 1.08, 'm8-1': 26.7}",0.10200000000001808,171.302,inf,171.37,171.37,171.37
623,T9,BESTEFFORT,MISSED,m7-1,61.697,"{'m1-1': 144.88, 'm2-1': 112.63, 'm3-1': 10.34, 'm4-1': 10.49, 'm5-1': 165.88, 'm6-1': 175.39, 'm7-1': 1.07, 'm8-1': 26.05}",0.49049999999999727,171.37,inf,171.697,171.697,171.697
624,T4,BESTEFFORT,MISSED,m7-1,61.832,"{'m1-1': 161.98, 'm2-1': 102.01, 'm3-1': 10.45, 'm4-1': 9.63, 'm5-1': 160.67, 'm6-1': 156.16, 'm7-1': 1.17, 'm8-1': 25.11}",0.20249999999998636,171.697,inf,171.832,171.832,171.832
625,T9,BESTEFFORT,MISSED,m7-1,62.065,"{'m1-1': 163.09, 'm2-1': 116.48, 'm3-1': 9.61, 'm4-1': 10.39, 'm5-1': 157.13, 'm6-1': 175.25, 'm7-1': 1.16, 'm8-1': 25.14}",0.34950000000000614,171.832,inf,172.065,172.065,172.065
626,T3,BESTEFFORT,MISSED,m7-1,62.085,"{'m1-1': 173.14, 'm2-1': 105.21, 'm3-1': 10.43, 'm4-1': 11.57, 'm5-1': 161.74, 'm6-1': 156.76, 'm7-1': 1.08, 'm8-1': 27.06}",0.030000000000015348,172.065,inf,172.085,172.085,172.085
627,T8,BESTEFFORT,MISSED,m7-1,62.112,"{'m1-1': 155.54, 'm2-1': 105.94, 'm3-1': 10.1, 'm4-1': 9.56, 'm5-1': 172.93, 'm6-1': 164.06, 'm7-1': 0.99, 'm8-1': 25.57}",0.04049999999998022,172.085,inf,172.112,172.112,172.112
628,T9,BESTEFFORT,MISSED,m7-1,62.304,"{'m1-1': 138.36, 'm2-1': 115.1, 'm3-1': 10.22, 'm4-1': 11.42, 'm5-1': 166.74, 'm6-1': 156.37, 'm7-1': 1.06, 'm8-1': 26.4}",0.2880000000000109,172.112,inf,172.304,172.304,172.304
629,T6,BESTEFFORT,MISSED,m7-1,62.429,"{'m1-1': 150.01, 'm2-1': 101.13, 'm3-1': 10.84, 'm4-1': 11.64, 'm5-1': 161.28, 'm6-1': 165.51, 'm7-1': 1.07, 'm8-1': 24.6}",0.1875,172.304,inf,172.429,172.429,172.429
630,T7,BESTEFFORT,MISSED,m7-1,62.448,"{'m1-1': 145.65, 'm2-1': 105.82, 'm3-1': 11.94, 'm4-1': 11.04, 'm5-1': 168.93, 'm6-1': 163.84, 'm7-1': 1.07, 'm8-1': 25.46}",0.028500000000008185,172.429,inf,172.448,172.448,172.448
631,T2,BESTEFFORT,MISSED,m7-1,62.45,"{'m1-1': 158.06, 'm2-1': 110.83, 'm3-1': 9.68, 'm4-1': 10.73, 'm5-1': 151.42, 'm6-1': 155.62, 'm7-1': 1.16, 'm8-1': 26.83}",0.002999999999971692,172.448,inf,172.45,172.45,172.45
632,T2,BESTEFFORT,MISSED,m7-1,62.527,"{'m1-1': 150.56, 'm2-1': 109.84, 'm3-1': 10.54, 'm4-1': 10.21, 'm5-1': 166.56, 'm6-1': 174.66, 'm7-1': 1.1, 'm8-1': 25.49}",0.11549999999999727,172.45,inf,172.527,172.527,172.527
633,T4,BESTEFFORT,MISSED,m7-1,62.731,"{'m1-1': 168.93, 'm2-1': 93.91, 'm3-1': 10.84, 'm4-1': 10.67, 'm5-1': 141.11, 'm6-1': 160.78, 'm7-1': 1.08, 'm8-1': 27.62}",0.3060000000000116,172.527,inf,172.731,172.731,172.731
634,T10,BESTEFFORT,MISSED,m7-1,62.963,"{'m1-1': 144.93, 'm2-1': 95.27, 'm3-1': 9.36, 'm4-1': 10.86, 'm5-1': 157.7, 'm6-1': 150.09, 'm7-1': 1.01, 'm8-1': 26.89}",0.347999999999999,172.731,inf,172.963,172.963,172.963
635,T3,BESTEFFORT,MISSED,m7-1,63.224,"{'m1-1': 169.47, 'm2-1': 113.69, 'm3-1': 9.81, 'm4-1': 9.97, 'm5-1': 146.02, 'm6-1': 151.49, 'm7-1': 1.01, 'm8-1': 29.03}",0.3914999999999935,172.963,inf,173.224,173.224,173.224
636,T3,BESTEFFORT,MISSED,m7-1,63.242,"{'m1-1': 162.47, 'm2-1': 112.43, 'm3-1': 11.14, 'm4-1': 11.6, 'm5-1': 164.04, 'm6-1': 158.46, 'm7-1': 1.0, 'm8-1': 25.88}",0.027000000000001023,173.224,inf,173.242,173.242,173.242
637,T5,BESTEFFORT,MISSED,m7-1,63.492,"{'m1-1': 157.27, 'm2-1': 103.48, 'm3-1': 9.86, 'm4-1': 10.86, 'm5-1': 147.29, 'm6-1': 145.11, 'm7-1': 1.03, 'm8-1': 24.52}",0.375,173.242,inf,173.492,173.492,173.492
638,T5,BESTEFFORT,MISSED,m7-1,63.532,"{'m1-1': 159.11, 'm2-1': 108.24, 'm3-1': 11.19, 'm4-1': 10.9, 'm5-1': 146.89, 'm6-1': 153.04, 'm7-1': 1.07, 'm8-1': 25.29}",0.05999999999998806,173.492,inf,173.53199999999998,173.53199999999998,173.53199999999998
639,T6,BESTEFFORT,MISSED,m7-1,63.572,"{'m1-1': 161.61, 'm2-1': 107.28, 'm3-1': 9.82, 'm4-1': 9.93, 'm5-1': 138.17, 'm6-1': 162.17, 'm7-1': 0.98, 'm8-1': 25.91}",0.060000000000030695,173.53199999999998,inf,173.572,173.572,173.572
640,T9,BESTEFFORT,MISSED,m7-1,63.658,"{'m1-1': 163.24, 'm2-1': 107.23, 'm3-1': 10.47, 'm4-1': 10.32, 'm5-1': 166.86, 'm6-1': 176.6, 'm7-1': 1.03, 'm8-1': 25.3}",0.1290000000000191,173.572,inf,173.65800000000002,173.65800000000002,173.65800000000002
641,T5,BESTEFFORT,MISSED,m7-1,63.908,"{'m1-1': 155.76, 'm2-1': 105.86, 'm3-1': 9.74, 'm4-1': 11.62, 'm5-1': 144.92, 'm6-1': 165.74, 'm7-1': 1.04, 'm8-1': 27.44}",0.375,173.65800000000002,inf,173.90800000000002,173.90800000000002,173.90800000000002
642,T5,BESTEFFORT,MISSED,m7-1,63.917,"{'m1-1': 171.5, 'm2-1': 103.93, 'm3-1': 11.26, 'm4-1': 11.26, 'm5-1': 141.49, 'm6-1': 162.8, 'm7-1': 0.96, 'm8-1': 25.93}",0.013499999999979195,173.90800000000002,inf,173.917,173.917,173.917
643,T1,BESTEFFORT,MISSED,m7-1,63.947,"{'m1-1': 156.1, 'm2-1': 115.3, 'm3-1': 10.25, 'm4-1': 10.57, 'm5-1': 151.99, 'm6-1': 145.93, 'm7-1': 1.06, 'm8-1': 26.87}",0.045000000000001705,173.917,inf,173.947,173.947,173.947
644,T5,BESTEFFORT,MISSED,m7-1,63.987,"{'m1-1': 155.39, 'm2-1': 118.02, 'm3-1': 10.06, 'm4-1': 9.9, 'm5-1': 141.41, 'm6-1': 166.08, 'm7-1': 1.01, 'm8-1': 27.14}",0.05999999999998806,173.947,inf,173.987,173.987,173.987
645,T10,BESTEFFORT,MISSED,m7-1,64.024,"{'m1-1': 144.16, 'm2-1': 108.34, 'm3-1': 9.5, 'm4-1': 9.83, 'm5-1': 139.75, 'm6-1': 144.93, 'm7-1': 1.14, 'm8-1': 26.5}",0.05550000000000921,173.987,inf,174.024,174.024,174.024
646,T10,BESTEFFORT,MISSED,m7-1,64.072,"{'m1-1': 170.03, 'm2-1': 102.84, 'm3-1': 9.92, 'm4-1': 9.91, 'm5-1': 139.99, 'm6-1': 146.37, 'm7-1': 1.18, 'm8-1': 27.6}",0.07200000000000273,174.024,inf,174.072,174.072,174.072
647,T7,BESTEFFORT,MISSED,m7-1,64.179,"{'m1-1': 158.56, 'm2-1': 94.22, 'm3-1': 11.43, 'm4-1': 10.93, 'm5-1': 158.73, 'm6-1': 157.06, 'm7-1': 0.98, 'm8-1': 28.79}",0.16049999999999898,174.072,inf,174.179,174.179,174.179
648,T4,BESTEFFORT,MISSED,m7-1,64.215,"{'m1-1': 153.71, 'm2-1': 103.67, 'm3-1': 11.31, 'm4-1': 9.75, 'm5-1': 145.03, 'm6-1': 140.98, 'm7-1': 1.13, 'm8-1': 25.07}",0.054000000000002046,174.179,inf,174.215,174.215,174.215
649,T8,BESTEFFORT,MISSED,m7-1,64.388,"{'m1-1': 158.77, 'm2-1': 104.35, 'm3-1': 10.65, 'm4-1': 9.64, 'm5-1': 147.15, 'm6-1': 166.31, 'm7-1': 1.08, 'm8-1': 25.04}",0.25950000000000273,174.215,inf,174.388,174.388,174.388
650,T5,BESTEFFORT,MISSED,m7-1,64.389,"{'m1-1': 163.83, 'm2-1': 103.45, 'm3-1': 10.8, 'm4-1': 10.56, 'm5-1': 154.5, 'm6-1': 167.19, 'm7-1': 0.96, 'm8-1': 27.81}",0.0015000000000071623,174.388,inf,174.389,174.389,174.389
651,T5,BESTEFFORT,MISSED,m7-1,64.438,"{'m1-1': 159.31, 'm2-1': 101.24, 'm3-1': 10.95, 'm4-1': 10.64, 'm5-1': 140.78, 'm6-1': 166.2, 'm7-1': 1.0, 'm8-1': 27.28}",0.07349999999996726,174.389,inf,174.438,174.438,174.438
652,T4,BESTEFFORT,MISSED,m7-1,64.805,"{'m1-1': 148.03, 'm2-1': 102.01, 'm3-1': 10.67, 'm4-1': 9.58, 'm5-1': 148.34, 'm6-1': 158.93, 'm7-1': 1.04, 'm8-1': 24.28}",0.550500000000028,174.438,inf,174.805,174.805,174.805
653,T1,BESTEFFORT,MISSED,m7-1,64.835,"{'m1-1': 176.46, 'm2-1': 113.94, 'm3-1': 10.87, 'm4-1': 10.6, 'm5-1': 146.31, 'm6-1': 164.85, 'm7-1': 1.05, 'm8-1': 25.64}",0.04499999999995907,174.805,inf,174.83499999999998,174.83499999999998,174.83499999999998
654,T3,BESTEFFORT,MISSED,m7-1,64.851,"{'m1-1': 167.04, 'm2-1': 103.69, 'm3-1': 9.72, 'm4-1': 10.81, 'm5-1': 154.29, 'm6-1': 163.54, 'm7-1': 1.02, 'm8-1': 28.02}",0.02400000000002933,174.83499999999998,inf,174.851,174.851,174.851
655,T9,BESTEFFORT,MISSED,m7-1,64.879,"{'m1-1': 145.05, 'm2-1': 118.05, 'm3-1': 9.91, 'm4-1': 10.28, 'm5-1': 155.89, 'm6-1': 164.78, 'm7-1': 1.13, 'm8-1': 26.09}",0.04200000000003001,174.851,inf,174.87900000000002,174.87900000000002,174.87900000000002
656,T9,BESTEFFORT,MISSED,m7-1,64.941,"{'m1-1': 163.28, 'm2-1': 117.51, 'm3-1': 9.82, 'm4-1': 11.47, 'm5-1': 150.24, 'm6-1': 175.41, 'm7-1': 1.02, 'm8-1': 26.12}",0.0929999999999751,174.87900000000002,inf,174.941,174.941,174.941
657,T1,BESTEFFORT,MISSED,m7-1,64.975,"{'m1-1': 171.24, 'm2-1': 102.01, 'm3-1': 9.8, 'm4-1': 10.23, 'm5-1': 155.22, 'm6-1': 147.06, 'm7-1': 1.09, 'm8-1': 24.48}",0.05099999999998772,174.941,inf,174.975,174.975,174.975
658,T6,BESTEFFORT,MISSED,m7-1,65.389,"{'m1-1': 164.03, 'm2-1': 102.94, 'm3-1': 10.34, 'm4-1': 11.78, 'm5-1': 162.95, 'm6-1': 144.63, 'm7-1': 1.05, 'm8-1': 26.36}",0.6210000000000235,174.975,inf,175.389,175.389,175.389
659,T4,BESTEFFORT,MISSED,m7-1,65.405,"{'m1-1': 155.47, 'm2-1': 105.96, 'm3-1': 10.74, 'm4-1': 10.98, 'm5-1': 156.3, 'm6-1': 149.6, 'm7-1': 1.06, 'm8-1': 25.44}",0.0239999999999867,175.389,inf,175.405,175.405,175.405
660,T9,BESTEFFORT,MISSED,m7-1,65.571,"{'m1-1': 156.18, 'm2-1': 107.45, 'm3-1': 10.02, 'm4-1': 11.03, 'm5-1': 158.35, 'm6-1': 162.75, 'm7-1': 1.09, 'm8-1': 27.14}",0.24899999999999523,175.405,inf,175.571,175.571,175.571
661,T9,BESTEFFORT,MISSED,m7-1,65.575,"{'m1-1': 160.89, 'm2-1': 104.0, 'm3-1': 10.14, 'm4-1': 11.46, 'm5-1': 151.21, 'm6-1': 162.18, 'm7-1': 1.08, 'm8-1': 27.29}",0.0059999999999860165,175.571,inf,175.575,175.575,175.575
662,T10,BESTEFFORT,MISSED,m7-1,65.602,"{'m1-1': 146.31, 'm2-1': 93.83, 'm3-1': 10.43, 'm4-1': 10.32, 'm5-1': 144.01, 'm6-1': 162.26, 'm7-1': 1.08, 'm8-1': 25.65}",0.04050000000002285,175.575,inf,175.602,175.602,175.602
663,T1,BESTEFFORT,MISSED,m7-1,65.711,"{'m1-1': 164.07, 'm2-1': 112.67, 'm3-1': 10.91, 'm4-1': 10.72, 'm5-1': 152.24, 'm6-1': 151.08, 'm7-1': 1.1, 'm8-1': 23.59}",0.1635000000000133,175.602,inf,175.711,175.711,175.711
664,T3,BESTEFFORT,MISSED,m7-1,65.942,"{'m1-1': 166.15, 'm2-1': 107.01, 'm3-1': 10.07, 'm4-1': 9.86, 'm5-1': 147.69, 'm6-1': 167.32, 'm7-1': 1.07, 'm8-1': 26.18}",0.3464999999999918,175.711,inf,175.942,175.942,175.942
665,T4,BESTEFFORT,MISSED,m7-1,66.039,"{'m1-1': 156.02, 'm2-1': 107.45, 'm3-1': 10.15, 'm4-1': 10.7, 'm5-1': 162.29, 'm6-1': 155.63, 'm7-1': 1.14, 'm8-1': 24.55}",0.14549999999997,175.942,inf,176.039,176.039,176.039
666,T6,BESTEFFORT,MISSED,m7-1,66.118,"{'m1-1': 153.74, 'm2-1': 101.43, 'm3-1': 10.03, 'm4-1': 10.2, 'm5-1': 154.68, 'm6-1': 161.32, 'm7-1': 0.98, 'm8-1': 25.71}",0.1185000000000116,176.039,inf,176.118,176.118,176.118
667,T1,BESTEFFORT,MISSED,m7-1,66.154,"{'m1-1': 173.05, 'm2-1': 115.96, 'm3-1': 10.81, 'm4-1': 10.7, 'm5-1': 160.55, 'm6-1': 166.11, 'm7-1': 1.02, 'm8-1': 27.65}",0.054000000000002046,176.118,inf,176.154,176.154,176.154
668,T1,BESTEFFORT,MISSED,m7-1,66.169,"{'m1-1': 154.6, 'm2-1': 102.75, 'm3-1': 10.21, 'm4-1': 9.93, 'm5-1': 149.41, 'm6-1': 147.33, 'm7-1': 1.14, 'm8-1': 25.21}",0.022499999999979536,176.154,inf,176.16899999999998,176.16899999999998,176.16899999999998
669,T4,BESTEFFORT,MISSED,m7-1,66.243,"{'m1-1': 152.21, 'm2-1': 105.43, 'm3-1': 10.19, 'm4-1': 9.78, 'm5-1': 151.09, 'm6-1': 147.37, 'm7-1': 1.01, 'm8-1': 24.66}",0.11100000000001842,176.16899999999998,inf,176.243,176.243,176.243
670,T4,BESTEFFORT,MISSED,m7-1,66.255,"{'m1-1': 149.37, 'm2-1': 96.31, 'm3-1': 10.24, 'm4-1': 9.97, 'm5-1': 164.09, 'm6-1': 145.82, 'm7-1': 1.03, 'm8-1': 27.55}",0.018000000000000682,176.243,inf,176.255,176.255,176.255
671,T1,BESTEFFORT,MISSED,m7-1,66.271,"{'m1-1': 165.72, 'm2-1': 115.07, 'm3-1': 10.6, 'm4-1': 11.23, 'm5-1': 165.39, 'm6-1': 149.49, 'm7-1': 1.12, 'm8-1': 24.46}",0.02400000000002933,176.255,inf,176.27100000000002,176.27100000000002,176.27100000000002
672,T3,BESTEFFORT,MISSED,m7-1,66.297,"{'m1-1': 162.41, 'm2-1': 98.22, 'm3-1': 11.05, 'm4-1': 9.84, 'm5-1': 158.81, 'm6-1': 145.75, 'm7-1': 0.96, 'm8-1': 27.71}",0.038999999999973056,176.27100000000002,inf,176.297,176.297,176.297
673,T6,BESTEFFORT,MISSED,m7-1,66.722,"{'m1-1': 169.09, 'm2-1': 97.32, 'm3-1': 10.9, 'm4-1': 11.0, 'm5-1': 150.68, 'm6-1': 155.07, 'm7-1': 1.05, 'm8-1': 28.22}",0.6374999999999744,176.297,inf,176.72199999999998,176.72199999999998,176.72199999999998
674,T2,BESTEFFORT,MISSED,m7-1,66.861,"{'m1-1': 155.4, 'm2-1': 111.08, 'm3-1': 9.83, 'm4-1': 11.17, 'm5-1': 142.19, 'm6-1': 166.28, 'm7-1': 1.08, 'm8-1': 25.95}",0.208500000000015,176.72199999999998,inf,176.861,176.861,176.861
675,T9,BESTEFFORT,MISSED,m7-1,67.011,"{'m1-1': 144.63, 'm2-1': 102.21, 'm3-1': 9.86, 'm4-1': 10.22, 'm5-1': 159.24, 'm6-1': 164.06, 'm7-1': 1.18, 'm8-1': 25.71}",0.22500000000000853,176.861,inf,177.011,177.011,177.011
676,T3,BESTEFFORT,MISSED,m7-1,67.046,"{'m1-1': 167.8, 'm2-1': 101.33, 'm3-1': 10.48, 'm4-1': 11.43, 'm5-1': 148.73, 'm6-1': 163.09, 'm7-1': 0.97, 'm8-1': 27.5}",0.052499999999994884,177.011,inf,177.046,177.046,177.046
677,T6,BESTEFFORT,MISSED,m7-1,67.242,"{'m1-1': 159.32, 'm2-1': 110.32, 'm3-1': 9.99, 'm4-1': 10.5, 'm5-1': 162.62, 'm6-1': 149.41, 'm7-1': 0.99, 'm8-1': 27.63}",0.29400000000003956,177.046,inf,177.24200000000002,177.24200000000002,177.24200000000002
678,T3,BESTEFFORT,MISSED,m7-1,67.264,"{'m1-1': 164.02, 'm2-1': 105.81, 'm3-1': 10.02, 'm4-1': 9.94, 'm5-1': 162.26, 'm6-1': 160.84, 'm7-1': 1.05, 'm8-1': 24.6}",0.03299999999998704,177.24200000000002,inf,177.264,177.264,177.264
679,T3,BESTEFFORT,MISSED,m7-1,67.472,"{'m1-1': 171.45, 'm2-1': 113.2, 'm3-1': 9.57, 'm4-1': 10.26, 'm5-1': 144.2, 'm6-1': 151.69, 'm7-1': 0.98, 'm8-1': 29.01}",0.311999999999955,177.264,inf,177.47199999999998,177.47199999999998,177.47199999999998
680,T8,BESTEFFORT,MISSED,m7-1,67.679,"{'m1-1': 156.04, 'm2-1': 100.3, 'm3-1': 11.18, 'm4-1': 9.91, 'm5-1': 157.84, 'm6-1': 157.1, 'm7-1': 1.07, 'm8-1': 28.16}",0.3105000000000331,177.47199999999998,inf,177.679,177.679,177.679
681,T9,BESTEFFORT,MISSED,m7-1,67.729,"{'m1-1': 161.99, 'm2-1': 105.55, 'm3-1': 9.55, 'm4-1': 10.74, 'm5-1': 163.14, 'm6-1': 165.93, 'm7-1': 1.02, 'm8-1': 25.79}",0.07499999999997442,177.679,inf,177.72899999999998,177.72899999999998,177.72899999999998
682,T1,BESTEFFORT,MISSED,m7-1,67.804,"{'m1-1': 151.38, 'm2-1': 104.97, 'm3-1': 10.91, 'm4-1': 10.98, 'm5-1': 164.4, 'm6-1': 155.99, 'm7-1': 1.14, 'm8-1': 23.66}",0.11250000000002558,177.72899999999998,inf,177.804,177.804,177.804
683,T8,BESTEFFORT,MISSED,m7-1,67.918,"{'m1-1': 162.62, 'm2-1': 106.94, 'm3-1': 10.9, 'm4-1': 9.9, 'm5-1': 172.57, 'm6-1': 144.05, 'm7-1': 0.94, 'm8-1': 26.32}",0.17100000000000648,177.804,inf,177.918,177.918,177.918
684,T9,BESTEFFORT,MISSED,m7-1,68.177,"{'m1-1': 146.07, 'm2-1': 100.54, 'm3-1': 9.57, 'm4-1': 10.44, 'm5-1': 156.64, 'm6-1': 160.24, 'm7-1': 1.14, 'm8-1': 24.92}",0.38850000000002183,177.918,inf,178.17700000000002,178.17700000000002,178.17700000000002
685,T5,BESTEFFORT,MISSED,m7-1,68.33,"{'m1-1': 172.4, 'm2-1': 104.48, 'm3-1': 10.21, 'm4-1': 11.03, 'm5-1': 153.86, 'm6-1': 162.79, 'm7-1': 0.95, 'm8-1': 24.33}",0.22949999999994475,178.17700000000002,inf,178.32999999999998,178.32999999999998,178.32999999999998
686,T2,BESTEFFORT,MISSED,m7-1,68.341,"{'m1-1': 150.91, 'm2-1': 105.55, 'm3-1': 9.66, 'm4-1': 10.78, 'm5-1': 156.46, 'm6-1': 151.73, 'm7-1': 1.05, 'm8-1': 25.69}",0.016500000000036152,178.32999999999998,inf,178.341,178.341,178.341
687,T1,BESTEFFORT,MISSED,m7-1,68.361,"{'m1-1': 163.64, 'm2-1': 108.64, 'm3-1': 10.57, 'm4-1': 10.2, 'm5-1': 162.31, 'm6-1': 171.84, 'm7-1': 1.17, 'm8-1': 26.2}",0.029999999999972715,178.341,inf,178.361,178.361,178.361
688,T6,BESTEFFORT,MISSED,m7-1,68.378,"{'m1-1': 155.4, 'm2-1': 95.86, 'm3-1': 10.58, 'm4-1': 10.09, 'm5-1': 158.0, 'm6-1': 171.26, 'm7-1': 1.01, 'm8-1': 27.95}",0.02549999999999386,178.361,inf,178.378,178.378,178.378
689,T2,BESTEFFORT,MISSED,m7-1,68.562,"{'m1-1': 165.93, 'm2-1': 97.28, 'm3-1': 9.84, 'm4-1': 11.09, 'm5-1': 146.91, 'm6-1': 154.79, 'm7-1': 1.18, 'm8-1': 26.81}",0.2760000000000389,178.378,inf,178.562,178.562,178.562
690,T2,BESTEFFORT,MISSED,m7-1,68.568,"{'m1-1': 172.25, 'm2-1': 98.54, 'm3-1': 10.44, 'm4-1': 10.4, 'm5-1': 146.41, 'm6-1': 152.55, 'm7-1': 1.19, 'm8-1': 25.83}",0.008999999999957708,178.562,inf,178.56799999999998,178.56799999999998,178.56799999999998
691,T1,BESTEFFORT,MISSED,m7-1,68.582,"{'m1-1': 151.12, 'm2-1': 103.03, 'm3-1': 11.07, 'm4-1': 10.74, 'm5-1': 142.1, 'm6-1': 149.98, 'm7-1': 1.04, 'm8-1': 27.39}",0.021000000000015007,178.56799999999998,inf,178.582,178.582,178.582
692,T9,BESTEFFORT,MISSED,m7-1,68.718,"{'m1-1': 151.71, 'm2-1': 104.01, 'm3-1': 9.49, 'm4-1': 10.25, 'm5-1': 153.14, 'm6-1': 174.85, 'm7-1': 1.12, 'm8-1': 29.27}",0.20400000000003615,178.582,inf,178.71800000000002,178.71800000000002,178.71800000000002
693,T3,BESTEFFORT,MISSED,m7-1,68.9,"{'m1-1': 156.44, 'm2-1': 112.15, 'm3-1': 9.97, 'm4-1': 10.43, 'm5-1': 169.18, 'm6-1': 147.28, 'm7-1': 1.01, 'm8-1': 28.71}",0.2729999999999819,178.71800000000002,inf,178.9,178.9,178.9
694,T6,BESTEFFORT,MISSED,m7-1,68.905,"{'m1-1': 150.01, 'm2-1': 98.09, 'm3-1': 10.31, 'm4-1': 10.92, 'm5-1': 163.4, 'm6-1': 161.81, 'm7-1': 0.99, 'm8-1': 27.75}",0.007499999999993179,178.9,inf,178.905,178.905,178.905
695,T10,BESTEFFORT,MISSED,m7-1,68.961,"{'m1-1': 161.31, 'm2-1': 102.38, 'm3-1': 9.74, 'm4-1': 11.06, 'm5-1': 164.1, 'm6-1': 160.22, 'm7-1': 1.0, 'm8-1': 27.63}",0.0840000000000174,178.905,inf,178.961,178.961,178.961
696,T5,BESTEFFORT,MISSED,m7-1,69.183,"{'m1-1': 174.05, 'm2-1': 113.13, 'm3-1': 10.82, 'm4-1': 10.67, 'm5-1': 150.04, 'm6-1': 145.94, 'm7-1': 0.96, 'm8-1': 25.4}",0.33299999999997,178.961,inf,179.183,179.183,179.183
697,T4,BESTEFFORT,MISSED,m7-1,69.4,"{'m1-1': 153.76, 'm2-1': 96.75, 'm3-1': 9.81, 'm4-1': 9.92, 'm5-1': 153.33, 'm6-1': 163.11, 'm7-1': 1.02, 'm8-1': 24.32}",0.32550000000001944,179.183,inf,179.4,179.4,179.4
698,T1,BESTEFFORT,MISSED,m7-1,69.56,"{'m1-1': 153.21, 'm2-1': 113.28, 'm3-1': 10.18, 'm4-1': 9.84, 'm5-1': 163.55, 'm6-1': 162.19, 'm7-1': 1.09, 'm8-1': 26.73}",0.23999999999999488,179.4,inf,179.56,179.56,179.56
699,T3,BESTEFFORT,MISSED,m7-1,69.681,"{'m1-1': 165.94, 'm2-1': 103.65, 'm3-1': 10.47, 'm4-1': 10.12, 'm5-1': 147.69, 'm6-1': 170.32, 'm7-1': 1.08, 'm8-1': 25.29}",0.18149999999997135,179.56,inf,179.68099999999998,179.68099999999998,179.68099999999998
700,T9,BESTEFFORT,MISSED,m7-1,69.809,"{'m1-1': 143.7, 'm2-1': 102.6, 'm3-1': 10.11, 'm4-1': 9.83, 'm5-1': 168.36, 'm6-1': 162.86, 'm7-1': 1.1, 'm8-1': 28.73}",0.1920000000000215,179.68099999999998,inf,179.809,179.809,179.809
701,T9,BESTEFFORT,MISSED,m7-1,70.07,"{'m1-1': 150.6, 'm2-1': 109.84, 'm3-1': 10.0, 'm4-1': 11.2, 'm5-1': 169.21, 'm6-1': 167.56, 'm7-1': 1.18, 'm8-1': 25.76}",0.3914999999999935,179.809,inf,180.07,180.07,180.07
702,T8,BESTEFFORT,MISSED,m7-1,70.21,"{'m1-1': 164.99, 'm2-1': 93.08, 'm3-1': 10.42, 'm4-1': 10.16, 'm5-1': 168.15, 'm6-1': 150.19, 'm7-1': 1.02, 'm8-1': 25.19}",0.20999999999997954,180.07,inf,180.20999999999998,180.20999999999998,180.20999999999998
703,T2,BESTEFFORT,MISSED,m7-1,70.258,"{'m1-1': 154.55, 'm2-1': 97.24, 'm3-1': 9.82, 'm4-1': 10.65, 'm5-1': 143.06, 'm6-1': 158.33, 'm7-1': 1.14, 'm8-1': 25.84}",0.07200000000000273,180.20999999999998,inf,180.25799999999998,180.25799999999998,180.25799999999998
704,T7,BESTEFFORT,MISSED,m7-1,70.398,"{'m1-1': 146.56, 'm2-1': 96.8, 'm3-1': 10.74, 'm4-1': 10.33, 'm5-1': 153.47, 'm6-1': 169.72, 'm7-1': 1.01, 'm8-1': 29.08}",0.21000000000002217,180.25799999999998,inf,180.398,180.398,180.398
705,T10,BESTEFFORT,MISSED,m7-1,70.455,"{'m1-1': 166.21, 'm2-1': 111.44, 'm3-1': 10.71, 'm4-1': 11.49, 'm5-1': 144.46, 'm6-1': 155.16, 'm7-1': 1.15, 'm8-1': 27.84}",0.08549999999998192,180.398,inf,180.45499999999998,180.45499999999998,180.45499999999998
706,T5,BESTEFFORT,MISSED,m7-1,70.578,"{'m1-1': 154.21, 'm2-1': 102.36, 'm3-1': 9.66, 'm4-1': 10.15, 'm5-1': 159.44, 'm6-1': 160.5, 'm7-1': 1.01, 'm8-1': 27.15}",0.1845000000000283,180.45499999999998,inf,180.578,180.578,180.578
707,T1,BESTEFFORT,MISSED,m7-1,70.583,"{'m1-1': 159.12, 'm2-1': 115.0, 'm3-1': 9.74, 'm4-1': 10.82, 'm5-1': 148.21, 'm6-1': 169.75, 'm7-1': 1.07, 'm8-1': 26.87}",0.007499999999993179,180.578,inf,180.583,180.583,180.583
708,T10,BESTEFFORT,MISSED,m7-1,70.757,"{'m1-1': 159.53, 'm2-1': 107.04, 'm3-1': 10.82, 'm4-1': 11.42, 'm5-1': 161.57, 'm6-1': 152.42, 'm7-1': 1.14, 'm8-1': 24.37}",0.2610000000000099,180.583,inf,180.757,180.757,180.757
709,T7,BESTEFFORT,MISSED,m7-1,70.85,"{'m1-1': 144.98, 'm2-1': 100.08, 'm3-1': 11.5, 'm4-1': 10.14, 'm5-1': 175.88, 'm6-1': 160.2, 'm7-1': 0.96, 'm8-1': 27.46}",0.13949999999998397,180.757,inf,180.85,180.85,180.85
710,T1,BESTEFFORT,MISSED,m7-1,70.898,"{'m1-1': 173.57, 'm2-1': 113.66, 'm3-1': 11.42, 'm4-1': 11.29, 'm5-1': 160.75, 'm6-1': 163.45, 'm7-1': 1.06, 'm8-1': 26.42}",0.07200000000000273,180.85,inf,180.898,180.898,180.898
711,T1,BESTEFFORT,MISSED,m7-1,71.037,"{'m1-1': 158.47, 'm2-1': 104.73, 'm3-1': 10.78, 'm4-1': 9.78, 'm5-1': 150.6, 'm6-1': 147.06, 'm7-1': 1.05, 'm8-1': 25.03}",0.208500000000015,180.898,inf,181.037,181.037,181.037
712,T8,BESTEFFORT,MISSED,m7-1,71.271,"{'m1-1': 171.88, 'm2-1': 95.6, 'm3-1': 10.83, 'm4-1': 9.87, 'm5-1': 170.89, 'm6-1': 162.54, 'm7-1': 1.08, 'm8-1': 26.33}",0.3510000000000133,181.037,inf,181.27100000000002,181.27100000000002,181.27100000000002
713,T10,BESTEFFORT,MISSED,m7-1,71.284,"{'m1-1': 154.66, 'm2-1': 102.07, 'm3-1': 9.4, 'm4-1': 10.84, 'm5-1': 154.99, 'm6-1': 145.97, 'm7-1': 1.18, 'm8-1': 25.94}",0.019499999999965212,181.27100000000002,inf,181.284,181.284,181.284
714,T7,BESTEFFORT,MISSED,m7-1,71.425,"{'m1-1': 163.87, 'm2-1': 99.38, 'm3-1': 11.84, 'm4-1': 10.02, 'm5-1': 153.32, 'm6-1': 143.97, 'm7-1': 1.01, 'm8-1': 26.6}",0.21150000000002933,181.284,inf,181.425,181.425,181.425
715,T9,BESTEFFORT,MISSED,m7-1,71.444,"{'m1-1': 158.14, 'm2-1': 103.41, 'm3-1': 10.11, 'm4-1': 11.37, 'm5-1': 148.67, 'm6-1': 167.65, 'm7-1': 1.15, 'm8-1': 25.75}",0.028500000000008185,181.425,inf,181.44400000000002,181.44400000000002,181.44400000000002
716,T2,BESTEFFORT,MISSED,m7-1,71.485,"{'m1-1': 169.04, 'm2-1': 101.14, 'm3-1': 10.45, 'm4-1': 10.94, 'm5-1': 153.26, 'm6-1': 151.54, 'm7-1': 1.04, 'm8-1': 25.81}",0.061499999999995225,181.44400000000002,inf,181.485,181.485,181.485
717,T8,BESTEFFORT,MISSED,m7-1,71.498,"{'m1-1': 164.88, 'm2-1': 101.5, 'm3-1': 11.03, 'm4-1': 10.22, 'm5-1': 167.39, 'm6-1': 156.16, 'm7-1': 1.07, 'm8-1': 28.03}",0.0,181.498,inf,181.498,181.498,181.498
718,T6,BESTEFFORT,MISSED,m7-1,71.498,"{'m1-1': 174.12, 'm2-1': 108.77, 'm3-1': 9.87, 'm4-1': 10.71, 'm5-1': 143.19, 'm6-1': 155.82, 'm7-1': 1.1, 'm8-1': 26.32}",0.019499999999965212,181.485,inf,181.498,181.498,181.498
719,T9,BESTEFFORT,MISSED,m7-1,71.64,"{'m1-1': 138.09, 'm2-1': 113.97, 'm3-1': 9.49, 'm4-1': 10.66, 'm5-1': 147.79, 'm6-1': 168.73, 'm7-1': 1.07, 'm8-1': 25.99}",0.21299999999999386,181.498,inf,181.64,181.64,181.64
720,T1,BESTEFFORT,MISSED,m7-1,71.677,"{'m1-1': 172.13, 'm2-1': 112.71, 'm3-1': 9.67, 'm4-1': 11.24, 'm5-1': 146.66, 'm6-1': 149.2, 'm7-1': 1.0, 'm8-1': 25.02}",0.05550000000005184,181.64,inf,181.67700000000002,181.67700000000002,181.67700000000002
721,T3,BESTEFFORT,MISSED,m7-1,71.704,"{'m1-1': 174.27, 'm2-1': 102.73, 'm3-1': 10.44, 'm4-1': 10.73, 'm5-1': 146.95, 'm6-1': 162.52, 'm7-1': 0.93, 'm8-1': 25.27}",0.04049999999998022,181.67700000000002,inf,181.704,181.704,181.704
722,T3,BESTEFFORT,MISSED,m7-1,71.89,"{'m1-1': 151.04, 'm2-1': 103.54, 'm3-1': 9.81, 'm4-1': 10.31, 'm5-1': 164.18, 'm6-1': 157.14, 'm7-1': 1.0, 'm8-1': 28.22}",0.27899999999996794,181.704,inf,181.89,181.89,181.89
723,T9,BESTEFFORT,MISSED,m7-1,71.943,"{'m1-1': 144.74, 'm2-1': 106.42, 'm3-1': 10.7, 'm4-1': 10.18, 'm5-1': 164.41, 'm6-1': 165.13, 'm7-1': 1.05, 'm8-1': 26.87}",0.07949999999999591,181.89,inf,181.94299999999998,181.94299999999998,181.94299999999998
724,T7,BESTEFFORT,MISSED,m7-1,71.987,"{'m1-1': 167.81, 'm2-1': 99.38, 'm3-1': 10.58, 'm4-1': 10.03, 'm5-1': 154.46, 'm6-1': 153.58, 'm7-1': 1.04, 'm8-1': 26.04}",0.06600000000001671,181.94299999999998,inf,181.987,181.987,181.987
725,T1,BESTEFFORT,MISSED,m7-1,72.173,"{'m1-1': 168.57, 'm2-1': 116.73, 'm3-1': 11.03, 'm4-1': 9.9, 'm5-1': 159.44, 'm6-1': 171.46, 'm7-1': 1.17, 'm8-1': 26.07}",0.2790000000000106,181.987,inf,182.173,182.173,182.173
726,T3,BESTEFFORT,MISSED,m7-1,72.217,"{'m1-1': 165.02, 'm2-1': 110.42, 'm3-1': 9.52, 'm4-1': 11.36, 'm5-1': 163.78, 'm6-1': 171.8, 'm7-1': 1.05, 'm8-1': 29.06}",0.06599999999997408,182.173,inf,182.21699999999998,182.21699999999998,182.21699999999998
727,T4,BESTEFFORT,MISSED,m7-1,72.263,"{'m1-1': 145.11, 'm2-1': 110.23, 'm3-1': 9.98, 'm4-1': 9.45, 'm5-1': 159.63, 'm6-1': 143.56, 'm7-1': 1.15, 'm8-1': 26.81}",0.06900000000003104,182.21699999999998,inf,182.263,182.263,182.263
728,T4,BESTEFFORT,MISSED,m7-1,72.312,"{'m1-1': 147.07, 'm2-1': 95.99, 'm3-1': 9.58, 'm4-1': 10.46, 'm5-1': 138.91, 'm6-1': 156.11, 'm7-1': 1.08, 'm8-1': 27.46}",0.07350000000000989,182.263,inf,182.312,182.312,182.312
729,T10,BESTEFFORT,MISSED,m7-1,72.548,"{'m1-1': 150.6, 'm2-1': 102.82, 'm3-1': 10.01, 'm4-1': 9.82, 'm5-1': 145.8, 'm6-1': 154.63, 'm7-1': 1.11, 'm8-1': 24.6}",0.353999999999985,182.312,inf,182.548,182.548,182.548
730,T1,BESTEFFORT,MISSED,m7-1,72.692,"{'m1-1': 168.02, 'm2-1': 112.66, 'm3-1': 11.36, 'm4-1': 10.61, 'm5-1': 142.91, 'm6-1': 156.76, 'm7-1': 1.04, 'm8-1': 24.56}",0.21600000000000819,182.548,inf,182.692,182.692,182.692
731,T5,BESTEFFORT,MISSED,m7-1,72.737,"{'m1-1': 167.76, 'm2-1': 100.86, 'm3-1': 11.0, 'm4-1': 10.85, 'm5-1': 144.55, 'm6-1': 143.62, 'm7-1': 1.06, 'm8-1': 27.27}",0.06749999999998124,182.692,inf,182.737,182.737,182.737
732,T2,BESTEFFORT,MISSED,m7-1,72.791,"{'m1-1': 175.62, 'm2-1': 94.39, 'm3-1': 9.45, 'm4-1': 11.16, 'm5-1': 159.2, 'm6-1': 154.69, 'm7-1': 1.04, 'm8-1': 27.36}",0.08100000000000307,182.737,inf,182.791,182.791,182.791
733,T7,BESTEFFORT,MISSED,m7-1,72.936,"{'m1-1': 158.77, 'm2-1': 103.4, 'm3-1': 11.82, 'm4-1': 10.14, 'm5-1': 169.26, 'm6-1': 151.86, 'm7-1': 1.02, 'm8-1': 25.5}",0.21750000000001535,182.791,inf,182.936,182.936,182.936
734,T3,BESTEFFORT,MISSED,m7-1,72.938,"{'m1-1': 149.97, 'm2-1': 106.4, 'm3-1': 10.77, 'm4-1': 11.35, 'm5-1': 146.83, 'm6-1': 166.05, 'm7-1': 1.09, 'm8-1': 26.44}",0.002999999999971692,182.936,inf,182.938,182.938,182.938
735,T1,BESTEFFORT,MISSED,m7-1,73.164,"{'m1-1': 169.48, 'm2-1': 104.3, 'm3-1': 11.01, 'm4-1': 10.23, 'm5-1': 142.91, 'm6-1': 154.07, 'm7-1': 1.15, 'm8-1': 26.42}",0.33899999999999864,182.938,inf,183.164,183.164,183.164
736,T8,BESTEFFORT,MISSED,m7-1,73.182,"{'m1-1': 175.73, 'm2-1': 99.78, 'm3-1': 10.05, 'm4-1': 9.87, 'm5-1': 160.53, 'm6-1': 144.71, 'm7-1': 1.05, 'm8-1': 27.95}",0.027000000000043656,183.164,inf,183.18200000000002,183.18200000000002,183.18200000000002
737,T1,BESTEFFORT,MISSED,m7-1,73.509,"{'m1-1': 174.63, 'm2-1': 116.47, 'm3-1': 10.55, 'm4-1': 11.19, 'm5-1': 163.53, 'm6-1': 164.92, 'm7-1': 1.17, 'm8-1': 26.26}",0.49049999999999727,183.18200000000002,inf,183.50900000000001,183.50900000000001,183.50900000000001
738,T9,BESTEFFORT,MISSED,m7-1,73.536,"{'m1-1': 155.49, 'm2-1': 106.56, 'm3-1': 10.91, 'm4-1': 10.0, 'm5-1': 165.94, 'm6-1': 171.93, 'm7-1': 1.06, 'm8-1': 27.19}",0.04049999999998022,183.50900000000001,inf,183.536,183.536,183.536
739,T9,BESTEFFORT,MISSED,m7-1,73.63,"{'m1-1': 155.65, 'm2-1': 107.02, 'm3-1': 9.85, 'm4-1': 11.15, 'm5-1': 163.54, 'm6-1': 157.95, 'm7-1': 1.0, 'm8-1': 28.35}",0.14099999999999113,183.536,inf,183.63,183.63,183.63
740,T3,BESTEFFORT,MISSED,m7-1,73.67,"{'m1-1': 147.15, 'm2-1': 108.17, 'm3-1': 9.77, 'm4-1': 11.34, 'm5-1': 155.45, 'm6-1': 164.02, 'm7-1': 1.02, 'm8-1': 26.48}",0.060000000000030695,183.63,inf,183.67000000000002,183.67000000000002,183.67000000000002
741,T3,BESTEFFORT,MISSED,m7-1,73.71,"{'m1-1': 172.84, 'm2-1': 115.06, 'm3-1': 9.91, 'm4-1': 10.97, 'm5-1': 153.87, 'm6-1': 152.63, 'm7-1': 0.99, 'm8-1': 26.48}",0.05999999999994543,183.67000000000002,inf,183.70999999999998,183.70999999999998,183.70999999999998
742,T7,BESTEFFORT,MISSED,m7-1,73.98,"{'m1-1': 161.02, 'm2-1': 97.44, 'm3-1': 11.93, 'm4-1': 9.63, 'm5-1': 166.08, 'm6-1': 166.16, 'm7-1': 1.04, 'm8-1': 28.17}",0.405000000000058,183.70999999999998,inf,183.98000000000002,183.98000000000002,183.98000000000002
743,T7,BESTEFFORT,MISSED,m7-1,74.008,"{'m1-1': 154.73, 'm2-1': 107.48, 'm3-1': 10.12, 'm4-1': 9.75, 'm5-1': 169.16, 'm6-1': 166.98, 'm7-1': 1.0, 'm8-1': 29.31}",0.04199999999994475,183.98000000000002,inf,184.00799999999998,184.00799999999998,184.00799999999998
744,T2,BESTEFFORT,MISSED,m7-1,74.266,"{'m1-1': 171.71, 'm2-1': 102.38, 'm3-1': 9.91, 'm4-1': 10.08, 'm5-1': 153.69, 'm6-1': 165.82, 'm7-1': 1.11, 'm8-1': 24.78}",0.3870000000000573,184.00799999999998,inf,184.26600000000002,184.26600000000002,184.26600000000002
745,T1,BESTEFFORT,MISSED,m7-1,74.314,"{'m1-1': 153.82, 'm2-1': 111.04, 'm3-1': 11.1, 'm4-1': 11.02, 'm5-1': 144.0, 'm6-1': 163.98, 'm7-1': 1.0, 'm8-1': 25.78}",0.0719999999999601,184.26600000000002,inf,184.314,184.314,184.314
746,T2,BESTEFFORT,MISSED,m7-1,74.343,"{'m1-1': 163.57, 'm2-1': 101.57, 'm3-1': 9.54, 'm4-1': 10.53, 'm5-1': 162.69, 'm6-1': 172.52, 'm7-1': 1.17, 'm8-1': 26.88}",0.043500000000037176,184.314,inf,184.34300000000002,184.34300000000002,184.34300000000002
747,T9,BESTEFFORT,MISSED,m7-1,74.387,"{'m1-1': 156.66, 'm2-1': 106.58, 'm3-1': 10.65, 'm4-1': 10.62, 'm5-1': 155.83, 'm6-1': 168.46, 'm7-1': 1.12, 'm8-1': 24.9}",0.06599999999997408,184.34300000000002,inf,184.387,184.387,184.387
748,T5,BESTEFFORT,MISSED,m7-1,74.423,"{'m1-1': 154.8, 'm2-1': 111.88, 'm3-1': 10.42, 'm4-1': 11.01, 'm5-1': 137.96, 'm6-1': 156.36, 'm7-1': 1.0, 'm8-1': 27.32}",0.054000000000002046,184.387,inf,184.423,184.423,184.423
749,T10,BESTEFFORT,MISSED,m7-1,74.447,"{'m1-1': 165.92, 'm2-1': 95.25, 'm3-1': 10.59, 'm4-1': 10.0, 'm5-1': 148.16, 'm6-1': 166.63, 'm7-1': 1.06, 'm8-1': 24.84}",0.036000000000001364,184.423,inf,184.447,184.447,184.447
750,T9,BESTEFFORT,MISSED,m7-1,74.5,"{'m1-1': 154.78, 'm2-1': 101.18, 'm3-1': 9.92, 'm4-1': 10.28, 'm5-1': 155.23, 'm6-1': 158.32, 'm7-1': 1.08, 'm8-1': 28.72}",0.07949999999999591,184.447,inf,184.5,184.5,184.5
751,T9,BESTEFFORT,MISSED,m7-1,74.541,"{'m1-1': 162.28, 'm2-1': 104.62, 'm3-1': 10.02, 'm4-1': 11.13, 'm5-1': 168.56, 'm6-1': 162.92, 'm7-1': 1.11, 'm8-1': 26.62}",0.061499999999995225,184.5,inf,184.541,184.541,184.541
752,T9,BESTEFFORT,MISSED,m7-1,74.72,"{'m1-1': 148.52, 'm2-1': 102.43, 'm3-1': 9.27, 'm4-1': 11.58, 'm5-1': 163.6, 'm6-1': 151.29, 'm7-1': 1.11, 'm8-1': 26.46}",0.26850000000000307,184.541,inf,184.72,184.72,184.72
753,T5,BESTEFFORT,MISSED,m7-1,74.751,"{'m1-1': 173.73, 'm2-1': 102.0, 'm3-1': 9.87, 'm4-1': 10.97, 'm5-1': 145.18, 'm6-1': 160.95, 'm7-1': 1.06, 'm8-1': 27.33}",0.04650000000000887,184.72,inf,184.751,184.751,184.751
754,T8,BESTEFFORT,MISSED,m7-1,74.783,"{'m1-1': 168.62, 'm2-1': 103.22, 'm3-1': 9.71, 'm4-1': 9.34, 'm5-1': 153.78, 'm6-1': 161.26, 'm7-1': 1.01, 'm8-1': 27.77}",0.04800000000001603,184.751,inf,184.78300000000002,184.78300000000002,184.78300000000002
755,T8,BESTEFFORT,MISSED,m7-1,74.783,"{'m1-1': 164.04, 'm2-1': 97.72, 'm3-1': 10.87, 'm4-1': 9.49, 'm5-1': 154.32, 'm6-1': 153.52, 'm7-1': 1.09, 'm8-1': 27.19}",0.0,184.78300000000002,inf,184.78300000000002,184.78300000000002,184.78300000000002
756,T2,BESTEFFORT,MISSED,m7-1,74.787,"{'m1-1': 172.54, 'm2-1': 100.67, 'm3-1': 9.73, 'm4-1': 10.6, 'm5-1': 156.57, 'm6-1': 151.1, 'm7-1': 1.1, 'm8-1': 24.41}",0.0059999999999860165,184.78300000000002,inf,184.787,184.787,184.787
757,T1,BESTEFFORT,MISSED,m7-1,74.879,"{'m1-1': 170.84, 'm2-1': 102.85, 'm3-1': 10.41, 'm4-1': 10.78, 'm5-1': 164.82, 'm6-1': 158.32, 'm7-1': 1.09, 'm8-1': 26.62}",0.13800000000001944,184.787,inf,184.87900000000002,184.87900000000002,184.87900000000002
758,T2,BESTEFFORT,MISSED,m7-1,74.91,"{'m1-1': 174.57, 'm2-1': 108.04, 'm3-1': 10.84, 'm4-1': 10.22, 'm5-1': 161.24, 'm6-1': 164.35, 'm7-1': 1.13, 'm8-1': 26.22}",0.046499999999966235,184.87900000000002,inf,184.91,184.91,184.91
759,T6,BESTEFFORT,MISSED,m7-1,74.946,"{'m1-1': 169.01, 'm2-1': 110.32, 'm3-1': 10.4, 'm4-1': 10.84, 'm5-1': 152.37, 'm6-1': 154.47, 'm7-1': 1.03, 'm8-1': 26.6}",0.054000000000002046,184.91,inf,184.946,184.946,184.946
760,T3,BESTEFFORT,MISSED,m7-1,75.028,"{'m1-1': 157.16, 'm2-1': 112.67, 'm3-1': 10.37, 'm4-1': 10.65, 'm5-1': 148.73, 'm6-1': 155.03, 'm7-1': 1.07, 'm8-1': 25.15}",0.12300000000003308,184.946,inf,185.02800000000002,185.02800000000002,185.02800000000002
761,T8,BESTEFFORT,MISSED,m7-1,75.094,"{'m1-1': 161.68, 'm2-1': 98.69, 'm3-1': 10.14, 'm4-1': 9.65, 'm5-1': 151.45, 'm6-1': 160.5, 'm7-1': 0.99, 'm8-1': 26.96}",0.09899999999996112,185.02800000000002,inf,185.094,185.094,185.094
762,T4,BESTEFFORT,MISSED,m7-1,75.183,"{'m1-1': 161.4, 'm2-1': 107.7, 'm3-1': 10.3, 'm4-1': 10.14, 'm5-1': 140.68, 'm6-1': 162.15, 'm7-1': 1.1, 'm8-1': 24.06}",0.13349999999999795,185.094,inf,185.183,185.183,185.183
763,T10,BESTEFFORT,MISSED,m7-1,75.325,"{'m1-1': 168.14, 'm2-1': 108.36, 'm3-1': 10.09, 'm4-1': 11.26, 'm5-1': 149.03, 'm6-1': 157.36, 'm7-1': 1.17, 'm8-1': 26.43}",0.21299999999999386,185.183,inf,185.325,185.325,185.325
764,T3,BESTEFFORT,MISSED,m7-1,75.342,"{'m1-1': 163.12, 'm2-1': 100.21, 'm3-1': 10.33, 'm4-1': 10.87, 'm5-1': 150.89, 'm6-1': 170.64, 'm7-1': 1.09, 'm8-1': 28.72}",0.02549999999999386,185.325,inf,185.34199999999998,185.34199999999998,185.34199999999998
765,T6,BESTEFFORT,MISSED,m7-1,75.45,"{'m1-1': 175.45, 'm2-1': 109.18, 'm3-1': 11.28, 'm4-1': 10.45, 'm5-1': 155.78, 'm6-1': 169.97, 'm7-1': 1.13, 'm8-1': 26.85}",0.16200000000000614,185.34199999999998,inf,185.45,185.45,185.45
766,T6,BESTEFFORT,MISSED,m7-1,75.583,"{'m1-1': 173.47, 'm2-1': 100.34, 'm3-1': 10.08, 'm4-1': 10.96, 'm5-1': 139.06, 'm6-1': 163.46, 'm7-1': 1.01, 'm8-1': 26.91}",0.19950000000001467,185.45,inf,185.583,185.583,185.583
767,T7,BESTEFFORT,MISSED,m7-1,75.641,"{'m1-1': 153.07, 'm2-1': 94.22, 'm3-1': 11.1, 'm4-1': 10.2, 'm5-1': 172.41, 'm6-1': 164.16, 'm7-1': 0.98, 'm8-1': 26.2}",0.08700000000003172,185.583,inf,185.64100000000002,185.64100000000002,185.64100000000002
768,T7,BESTEFFORT,MISSED,m7-1,75.793,"{'m1-1': 153.0, 'm2-1': 100.86, 'm3-1': 10.12, 'm4-1': 10.32, 'm5-1': 168.7, 'm6-1': 166.07, 'm7-1': 1.03, 'm8-1': 27.82}",0.22799999999998022,185.64100000000002,inf,185.793,185.793,185.793
769,T4,BESTEFFORT,MISSED,m7-1,75.952,"{'m1-1': 152.28, 'm2-1': 108.9, 'm3-1': 10.86, 'm4-1': 10.56, 'm5-1': 142.3, 'm6-1': 156.8, 'm7-1': 1.18, 'm8-1': 26.37}",0.23849999999998772,185.793,inf,185.952,185.952,185.952
770,T6,BESTEFFORT,MISSED,m7-1,76.147,"{'m1-1': 174.04, 'm2-1': 99.44, 'm3-1': 10.92, 'm4-1': 10.35, 'm5-1': 149.45, 'm6-1': 145.36, 'm7-1': 1.12, 'm8-1': 24.17}",0.29249999999998977,185.952,inf,186.147,186.147,186.147
771,T4,BESTEFFORT,MISSED,m7-1,76.159,"{'m1-1': 159.25, 'm2-1': 108.09, 'm3-1': 10.85, 'm4-1': 10.68, 'm5-1': 155.04, 'm6-1': 165.48, 'm7-1': 1.03, 'm8-1': 23.49}",0.018000000000000682,186.147,inf,186.159,186.159,186.159
772,T9,BESTEFFORT,MISSED,m7-1,76.225,"{'m1-1': 139.23, 'm2-1': 110.12, 'm3-1': 9.6, 'm4-1': 10.18, 'm5-1': 164.92, 'm6-1': 174.53, 'm7-1': 1.02, 'm8-1': 26.12}",0.09900000000000375,186.159,inf,186.225,186.225,186.225
773,T9,BESTEFFORT,MISSED,m7-1,76.298,"{'m1-1': 138.9, 'm2-1': 100.44, 'm3-1': 10.02, 'm4-1': 10.36, 'm5-1': 165.12, 'm6-1': 174.8, 'm7-1': 1.04, 'm8-1': 28.63}",0.10950000000001125,186.225,inf,186.298,186.298,186.298
774,T1,BESTEFFORT,MISSED,m7-1,76.41,"{'m1-1': 162.98, 'm2-1': 100.91, 'm3-1': 11.4, 'm4-1': 10.96, 'm5-1': 148.5, 'm6-1': 149.7, 'm7-1': 1.01, 'm8-1': 25.69}",0.16799999999999216,186.298,inf,186.41,186.41,186.41
775,T4,BESTEFFORT,MISSED,m7-1,76.487,"{'m1-1': 148.06, 'm2-1': 101.61, 'm3-1': 10.97, 'm4-1': 9.51, 'm5-1': 149.31, 'm6-1': 149.83, 'm7-1': 1.08, 'm8-1': 26.62}",0.11549999999999727,186.41,inf,186.487,186.487,186.487
776,T8,BESTEFFORT,MISSED,m7-1,76.516,"{'m1-1': 151.68, 'm2-1': 105.0, 'm3-1': 10.05, 'm4-1': 9.64, 'm5-1': 156.15, 'm6-1': 159.83, 'm7-1': 1.1, 'm8-1': 26.42}",0.043500000000037176,186.487,inf,186.51600000000002,186.51600000000002,186.51600000000002
777,T9,BESTEFFORT,MISSED,m7-1,76.579,"{'m1-1': 151.12, 'm2-1': 110.62, 'm3-1': 10.44, 'm4-1': 10.69, 'm5-1': 166.01, 'm6-1': 160.69, 'm7-1': 1.17, 'm8-1': 25.51}",0.09449999999998226,186.51600000000002,inf,186.579,186.579,186.579
778,T6,BESTEFFORT,MISSED,m7-1,76.618,"{'m1-1': 153.09, 'm2-1': 99.76, 'm3-1': 9.82, 'm4-1': 10.66, 'm5-1': 160.03, 'm6-1': 144.98, 'm7-1': 1.01, 'm8-1': 27.62}",0.0584999999999809,186.579,inf,186.618,186.618,186.618
779,T2,BESTEFFORT,MISSED,m7-1,76.898,"{'m1-1': 158.13, 'm2-1': 94.5, 'm3-1': 10.42, 'm4-1': 9.94, 'm5-1': 149.22, 'm6-1': 153.03, 'm7-1': 1.01, 'm8-1': 26.3}",0.4200000000000017,186.618,inf,186.898,186.898,186.898
780,T6,BESTEFFORT,MISSED,m7-1,77.005,"{'m1-1': 163.5, 'm2-1': 108.05, 'm3-1': 10.4, 'm4-1': 10.33, 'm5-1': 153.68, 'm6-1': 163.33, 'm7-1': 0.99, 'm8-1': 28.1}",0.16049999999999898,186.898,inf,187.005,187.005,187.005
781,T5,BESTEFFORT,MISSED,m7-1,77.124,"{'m1-1': 171.7, 'm2-1': 104.56, 'm3-1': 10.9, 'm4-1': 11.57, 'm5-1': 150.05, 'm6-1': 156.87, 'm7-1': 1.06, 'm8-1': 24.18}",0.17849999999999966,187.005,inf,187.124,187.124,187.124
782,T4,BESTEFFORT,MISSED,m7-1,77.343,"{'m1-1': 153.23, 'm2-1': 93.79, 'm3-1': 10.78, 'm4-1': 10.38, 'm5-1': 161.45, 'm6-1': 163.1, 'm7-1': 1.18, 'm8-1': 26.15}",0.32850000000003376,187.124,inf,187.34300000000002,187.34300000000002,187.34300000000002
783,T10,BESTEFFORT,MISSED,m7-1,77.513,"{'m1-1': 147.05, 'm2-1': 94.81, 'm3-1': 10.1, 'm4-1': 10.57, 'm5-1': 155.44, 'm6-1': 146.77, 'm7-1': 1.05, 'm8-1': 26.29}",0.25499999999998124,187.34300000000002,inf,187.513,187.513,187.513
784,T5,BESTEFFORT,MISSED,m7-1,77.517,"{'m1-1': 172.2, 'm2-1': 101.77, 'm3-1': 9.86, 'm4-1': 11.27, 'm5-1': 161.76, 'm6-1': 151.78, 'm7-1': 0.94, 'm8-1': 25.72}",0.0059999999999860165,187.513,inf,187.517,187.517,187.517
785,T9,BESTEFFORT,MISSED,m7-1,77.532,"{'m1-1': 160.33, 'm2-1': 116.64, 'm3-1': 10.26, 'm4-1': 10.23, 'm5-1': 165.12, 'm6-1': 151.25, 'm7-1': 1.06, 'm8-1': 25.67}",0.022499999999979536,187.517,inf,187.53199999999998,187.53199999999998,187.53199999999998
786,T6,BESTEFFORT,MISSED,m7-1,77.597,"{'m1-1': 162.32, 'm2-1': 96.24, 'm3-1': 10.19, 'm4-1': 11.78, 'm5-1': 139.03, 'm6-1': 161.99, 'm7-1': 1.12, 'm8-1': 28.15}",0.09749999999999659,187.53199999999998,inf,187.59699999999998,187.59699999999998,187.59699999999998
787,T1,BESTEFFORT,MISSED,m7-1,77.616,"{'m1-1': 171.64, 'm2-1': 113.44, 'm3-1': 11.31, 'm4-1': 11.39, 'm5-1': 163.56, 'm6-1': 163.66, 'm7-1': 1.04, 'm8-1': 27.69}",0.028500000000008185,187.59699999999998,inf,187.61599999999999,187.61599999999999,187.61599999999999
788,T8,BESTEFFORT,MISSED,m7-1,77.645,"{'m1-1': 168.91, 'm2-1': 95.19, 'm3-1': 9.93, 'm4-1': 9.35, 'm5-1': 172.21, 'm6-1': 156.6, 'm7-1': 1.01, 'm8-1': 26.78}",0.04349999999999454,187.61599999999999,inf,187.64499999999998,187.64499999999998,187.64499999999998
789,T3,BESTEFFORT,MISSED,m7-1,77.731,"{'m1-1': 172.39, 'm2-1': 110.33, 'm3-1': 9.72, 'm4-1': 11.44, 'm5-1': 147.81, 'm6-1': 149.24, 'm7-1': 0.96, 'm8-1': 27.82}",0.1290000000000191,187.64499999999998,inf,187.731,187.731,187.731
790,T2,BESTEFFORT,MISSED,m7-1,77.875,"{'m1-1': 162.59, 'm2-1': 101.12, 'm3-1': 10.9, 'm4-1': 9.87, 'm5-1': 150.2, 'm6-1': 178.46, 'm7-1': 1.08, 'm8-1': 26.24}",0.21600000000000819,187.731,inf,187.875,187.875,187.875
791,T4,BESTEFFORT,MISSED,m7-1,77.993,"{'m1-1': 145.01, 'm2-1': 102.54, 'm3-1': 9.93, 'm4-1': 10.55, 'm5-1': 142.57, 'm6-1': 146.14, 'm7-1': 1.17, 'm8-1': 24.16}",0.1769999999999925,187.875,inf,187.993,187.993,187.993
792,T2,BESTEFFORT,MISSED,m7-1,78.276,"{'m1-1': 165.91, 'm2-1': 104.16, 'm3-1': 9.83, 'm4-1': 10.0, 'm5-1': 143.04, 'm6-1': 163.94, 'm7-1': 1.03, 'm8-1': 27.79}",0.4245000000000232,187.993,inf,188.276,188.276,188.276
793,T2,BESTEFFORT,MISSED,m7-1,78.342,"{'m1-1': 177.29, 'm2-1': 99.29, 'm3-1': 10.05, 'm4-1': 10.18, 'm5-1': 144.7, 'm6-1': 169.85, 'm7-1': 1.12, 'm8-1': 26.96}",0.09899999999996112,188.276,inf,188.34199999999998,188.34199999999998,188.34199999999998
794,T8,BESTEFFORT,MISSED,m7-1,78.381,"{'m1-1': 165.15, 'm2-1': 108.78, 'm3-1': 10.67, 'm4-1': 10.32, 'm5-1': 152.5, 'm6-1': 149.94, 'm7-1': 1.03, 'm8-1': 24.49}",0.05850000000002353,188.34199999999998,inf,188.381,188.381,188.381
795,T8,BESTEFFORT,MISSED,m7-1,78.437,"{'m1-1': 166.6, 'm2-1': 107.61, 'm3-1': 11.32, 'm4-1': 9.96, 'm5-1': 167.7, 'm6-1': 160.38, 'm7-1': 0.99, 'm8-1': 26.08}",0.0840000000000174,188.381,inf,188.437,188.437,188.437
796,T2,BESTEFFORT,MISSED,m7-1,78.715,"{'m1-1': 166.73, 'm2-1': 100.81, 'm3-1': 10.42, 'm4-1': 9.82, 'm5-1': 151.2, 'm6-1': 163.25, 'm7-1': 1.03, 'm8-1': 24.82}",0.4169999999999874,188.437,inf,188.715,188.715,188.715
797,T7,BESTEFFORT,MISSED,m7-1,78.98,"{'m1-1': 158.21, 'm2-1': 97.68, 'm3-1': 11.79, 'm4-1': 10.32, 'm5-1': 158.82, 'm6-1': 161.37, 'm7-1': 0.96, 'm8-1': 27.5}",0.39750000000002217,188.715,inf,188.98000000000002,188.98000000000002,188.98000000000002
798,T9,BESTEFFORT,MISSED,m7-1,78.996,"{'m1-1': 151.22, 'm2-1': 108.95, 'm3-1': 10.14, 'm4-1': 10.53, 'm5-1': 159.98, 'm6-1': 174.15, 'm7-1': 1.01, 'm8-1': 26.78}",0.023999999999944066,188.98000000000002,inf,188.99599999999998,188.99599999999998,188.99599999999998
799,T10,BESTEFFORT,MISSED,m7-1,79.025,"{'m1-1': 153.72, 'm2-1': 98.46, 'm3-1': 9.8, 'm4-1': 11.13, 'm5-1': 159.01, 'm6-1': 151.74, 'm7-1': 1.1, 'm8-1': 28.05}",0.043500000000037176,188.99599999999998,inf,189.025,189.025,189.025
800,T8,BESTEFFORT,MISSED,m7-1,79.073,"{'m1-1': 178.12, 'm2-1': 104.21, 'm3-1': 9.77, 'm4-1': 10.17, 'm5-1': 157.7, 'm6-1': 167.61, 'm7-1': 0.99, 'm8-1': 24.84}",0.0719999999999601,189.025,inf,189.07299999999998,189.07299999999998,189.07299999999998
801,T2,BESTEFFORT,MISSED,m7-1,79.108,"{'m1-1': 163.78, 'm2-1': 109.08, 'm3-1': 9.93, 'm4-1': 9.97, 'm5-1': 164.85, 'm6-1': 174.42, 'm7-1': 1.17, 'm8-1': 24.68}",0.05250000000003752,189.07299999999998,inf,189.108,189.108,189.108
802,T1,BESTEFFORT,MISSED,m7-1,79.114,"{'m1-1': 156.08, 'm2-1': 109.4, 'm3-1': 11.42, 'm4-1': 10.68, 'm5-1': 139.38, 'm6-1': 167.68, 'm7-1': 1.01, 'm8-1': 24.32}",0.009000000000000341,189.108,inf,189.114,189.114,189.114
803,T1,BESTEFFORT,MISSED,m7-1,79.454,"{'m1-1': 173.38, 'm2-1': 106.62, 'm3-1': 9.69, 'm4-1': 9.78, 'm5-1': 150.04, 'm6-1': 166.9, 'm7-1': 1.05, 'm8-1': 27.87}",0.5100000000000051,189.114,inf,189.454,189.454,189.454
804,T1,BESTEFFORT,MISSED,m7-1,79.69,"{'m1-1': 175.17, 'm2-1': 104.09, 'm3-1': 10.8, 'm4-1': 10.64, 'm5-1': 139.76, 'm6-1': 167.2, 'm7-1': 1.16, 'm8-1': 25.67}",0.353999999999985,189.454,inf,189.69,189.69,189.69
805,T3,BESTEFFORT,MISSED,m7-1,79.845,"{'m1-1': 154.92, 'm2-1': 108.1, 'm3-1': 10.97, 'm4-1': 10.27, 'm5-1': 151.7, 'm6-1': 166.92, 'm7-1': 1.01, 'm8-1': 26.21}",0.2325000000000017,189.69,inf,189.845,189.845,189.845
806,T8,BESTEFFORT,MISSED,m7-1,80.038,"{'m1-1': 150.53, 'm2-1': 103.92, 'm3-1': 11.24, 'm4-1': 10.65, 'm5-1': 164.02, 'm6-1': 147.27, 'm7-1': 0.98, 'm8-1': 28.17}",0.2895000000000181,189.845,inf,190.038,190.038,190.038
807,T4,BESTEFFORT,MISSED,m7-1,80.164,"{'m1-1': 149.22, 'm2-1': 102.02, 'm3-1': 11.32, 'm4-1': 9.56, 'm5-1': 163.28, 'm6-1': 145.82, 'm7-1': 1.02, 'm8-1': 24.02}",0.18899999999996453,190.038,inf,190.164,190.164,190.164
808,T10,BESTEFFORT,MISSED,m7-1,80.18,"{'m1-1': 146.42, 'm2-1': 94.19, 'm3-1': 9.74, 'm4-1': 11.51, 'm5-1': 156.72, 'm6-1': 164.99, 'm7-1': 1.01, 'm8-1': 27.88}",0.02400000000002933,190.164,inf,190.18,190.18,190.18
809,T5,BESTEFFORT,MISSED,m7-1,80.213,"{'m1-1': 150.58, 'm2-1': 116.43, 'm3-1': 9.63, 'm4-1': 10.13, 'm5-1': 154.9, 'm6-1': 168.99, 'm7-1': 1.0, 'm8-1': 25.17}",0.04949999999998056,190.18,inf,190.213,190.213,190.213
810,T3,BESTEFFORT,MISSED,m7-1,80.271,"{'m1-1': 165.73, 'm2-1': 108.12, 'm3-1': 10.54, 'm4-1': 11.34, 'm5-1': 149.76, 'm6-1': 157.8, 'm7-1': 1.09, 'm8-1': 26.88}",0.08700000000003172,190.213,inf,190.27100000000002,190.27100000000002,190.27100000000002
811,T1,BESTEFFORT,MISSED,m7-1,80.391,"{'m1-1': 174.0, 'm2-1': 102.29, 'm3-1': 9.63, 'm4-1': 10.7, 'm5-1': 164.28, 'm6-1': 168.8, 'm7-1': 1.05, 'm8-1': 24.19}",0.18000000000000682,190.27100000000002,inf,190.39100000000002,190.39100000000002,190.39100000000002
812,T2,BESTEFFORT,MISSED,m7-1,80.416,"{'m1-1': 151.42, 'm2-1': 98.96, 'm3-1': 10.06, 'm4-1': 10.65, 'm5-1': 150.92, 'm6-1': 175.25, 'm7-1': 1.17, 'm8-1': 23.77}",0.037499999999965894,190.39100000000002,inf,190.416,190.416,190.416
813,T4,BESTEFFORT,MISSED,m7-1,80.428,"{'m1-1': 165.5, 'm2-1': 94.13, 'm3-1': 9.89, 'm4-1': 10.31, 'm5-1': 144.83, 'm6-1': 149.0, 'm7-1': 1.13, 'm8-1': 26.62}",0.018000000000000682,190.416,inf,190.428,190.428,190.428
814,T1,BESTEFFORT,MISSED,m7-1,80.534,"{'m1-1': 176.14, 'm2-1': 117.55, 'm3-1': 10.1, 'm4-1': 9.98, 'm5-1': 157.28, 'm6-1': 154.07, 'm7-1': 1.08, 'm8-1': 25.04}",0.15899999999999181,190.428,inf,190.534,190.534,190.534
815,T3,BESTEFFORT,MISSED,m7-1,80.697,"{'m1-1': 160.74, 'm2-1': 114.76, 'm3-1': 10.54, 'm4-1': 11.35, 'm5-1': 166.97, 'm6-1': 154.68, 'm7-1': 1.02, 'm8-1': 28.44}",0.24450000000001637,190.534,inf,190.697,190.697,190.697
816,T1,BESTEFFORT,MISSED,m7-1,80.722,"{'m1-1': 175.7, 'm2-1': 110.34, 'm3-1': 11.1, 'm4-1': 10.16, 'm5-1': 149.58, 'm6-1': 170.85, 'm7-1': 1.07, 'm8-1': 24.86}",0.037499999999965894,190.697,inf,190.72199999999998,190.72199999999998,190.72199999999998
817,T8,BESTEFFORT,MISSED,m7-1,80.757,"{'m1-1': 154.03, 'm2-1': 103.36, 'm3-1': 11.38, 'm4-1': 9.68, 'm5-1': 155.72, 'm6-1': 159.55, 'm7-1': 1.03, 'm8-1': 23.85}",0.05250000000003752,190.72199999999998,inf,190.757,190.757,190.757
818,T5,BESTEFFORT,MISSED,m7-1,80.808,"{'m1-1': 175.33, 'm2-1': 114.42, 'm3-1': 9.82, 'm4-1': 10.18, 'm5-1': 144.11, 'm6-1': 164.61, 'm7-1': 1.04, 'm8-1': 27.54}",0.07649999999998158,190.757,inf,190.808,190.808,190.808
819,T1,BESTEFFORT,MISSED,m7-1,81.004,"{'m1-1': 155.08, 'm2-1': 115.84, 'm3-1': 10.18, 'm4-1': 11.29, 'm5-1': 160.61, 'm6-1': 156.38, 'm7-1': 1.17, 'm8-1': 26.51}",0.29400000000003956,190.808,inf,191.00400000000002,191.00400000000002,191.00400000000002
820,T1,BESTEFFORT,MISSED,m7-1,81.047,"{'m1-1': 158.59, 'm2-1': 102.75, 'm3-1': 10.4, 'm4-1': 10.02, 'm5-1': 140.6, 'm6-1': 168.12, 'm7-1': 1.01, 'm8-1': 23.95}",0.06449999999996692,191.00400000000002,inf,191.047,191.047,191.047
821,T6,BESTEFFORT,MISSED,m7-1,81.111,"{'m1-1': 169.25, 'm2-1': 95.27, 'm3-1': 10.26, 'm4-1': 11.14, 'm5-1': 156.5, 'm6-1': 151.2, 'm7-1': 1.09, 'm8-1': 27.58}",0.09599999999998943,191.047,inf,191.111,191.111,191.111
822,T1,BESTEFFORT,MISSED,m7-1,81.304,"{'m1-1': 149.85, 'm2-1': 105.24, 'm3-1': 11.02, 'm4-1': 9.97, 'm5-1': 162.72, 'm6-1': 158.37, 'm7-1': 1.04, 'm8-1': 26.68}",0.2895000000000181,191.111,inf,191.304,191.304,191.304
823,T2,BESTEFFORT,MISSED,m7-1,81.431,"{'m1-1': 160.91, 'm2-1': 99.12, 'm3-1': 9.83, 'm4-1': 11.36, 'm5-1': 150.35, 'm6-1': 160.29, 'm7-1': 1.17, 'm8-1': 26.7}",0.1904999999999717,191.304,inf,191.43099999999998,191.43099999999998,191.43099999999998
824,T10,BESTEFFORT,MISSED,m7-1,81.566,"{'m1-1': 168.71, 'm2-1': 107.46, 'm3-1': 9.5, 'm4-1': 11.12, 'm5-1': 144.75, 'm6-1': 160.92, 'm7-1': 1.07, 'm8-1': 28.35}",0.202500000000029,191.43099999999998,inf,191.566,191.566,191.566
825,T5,BESTEFFORT,MISSED,m7-1,81.658,"{'m1-1': 157.23, 'm2-1': 100.5, 'm3-1': 10.2, 'm4-1': 10.6, 'm5-1': 157.2, 'm6-1': 153.06, 'm7-1': 1.07, 'm8-1': 26.46}",0.13800000000001944,191.566,inf,191.65800000000002,191.65800000000002,191.65800000000002
826,T10,BESTEFFORT,MISSED,m7-1,81.667,"{'m1-1': 143.34, 'm2-1': 108.07, 'm3-1': 10.21, 'm4-1': 10.08, 'm5-1': 141.84, 'm6-1': 144.54, 'm7-1': 1.17, 'm8-1': 25.84}",0.013499999999979195,191.65800000000002,inf,191.667,191.667,191.667
827,T3,BESTEFFORT,MISSED,m7-1,81.77,"{'m1-1': 171.24, 'm2-1': 110.1, 'm3-1': 10.72, 'm4-1': 11.62, 'm5-1': 170.0, 'm6-1': 149.52, 'm7-1': 0.92, 'm8-1': 25.14}",0.15449999999997033,191.667,inf,191.76999999999998,191.76999999999998,191.76999999999998
828,T5,BESTEFFORT,MISSED,m7-1,81.888,"{'m1-1': 152.49, 'm2-1': 111.04, 'm3-1': 10.53, 'm4-1': 11.27, 'm5-1': 160.24, 'm6-1': 167.25, 'm7-1': 1.0, 'm8-1': 24.01}",0.17700000000003513,191.76999999999998,inf,191.888,191.888,191.888
829,T8,BESTEFFORT,MISSED,m7-1,82.085,"{'m1-1': 176.94, 'm2-1': 107.33, 'm3-1': 9.97, 'm4-1': 10.15, 'm5-1': 166.87, 'm6-1': 159.83, 'm7-1': 0.93, 'm8-1': 25.36}",0.29549999999996146,191.888,inf,192.08499999999998,192.08499999999998,192.08499999999998
830,T1,BESTEFFORT,MISSED,m7-1,82.287,"{'m1-1': 154.52, 'm2-1': 103.25, 'm3-1': 10.58, 'm4-1': 10.48, 'm5-1': 156.2, 'm6-1': 163.81, 'm7-1': 1.15, 'm8-1': 26.68}",0.3030000000000399,192.08499999999998,inf,192.287,192.287,192.287
831,T9,BESTEFFORT,MISSED,m7-1,82.293,"{'m1-1': 145.4, 'm2-1': 117.59, 'm3-1': 10.17, 'm4-1': 11.6, 'm5-1': 170.9, 'm6-1': 172.18, 'm7-1': 1.02, 'm8-1': 29.33}",0.009000000000000341,192.287,inf,192.293,192.293,192.293
832,T7,BESTEFFORT,MISSED,m7-1,82.513,"{'m1-1': 163.7, 'm2-1': 102.65, 'm3-1': 11.11, 'm4-1': 9.63, 'm5-1': 154.68, 'm6-1': 143.6, 'm7-1': 1.03, 'm8-1': 29.52}",0.3299999999999983,192.293,inf,192.513,192.513,192.513
833,T10,BESTEFFORT,MISSED,m7-1,82.809,"{'m1-1': 152.45, 'm2-1': 107.41, 'm3-1': 10.84, 'm4-1': 9.94, 'm5-1': 145.8, 'm6-1': 162.91, 'm7-1': 1.07, 'm8-1': 24.58}",0.4439999999999884,192.513,inf,192.809,192.809,192.809
834,T6,BESTEFFORT,MISSED,m7-1,83.008,"{'m1-1': 172.05, 'm2-1': 102.13, 'm3-1': 10.47, 'm4-1': 11.48, 'm5-1': 162.39, 'm6-1': 164.03, 'm7-1': 1.11, 'm8-1': 28.0}",0.2984999999999758,192.809,inf,193.00799999999998,193.00799999999998,193.00799999999998
835,T1,BESTEFFORT,MISSED,m7-1,83.293,"{'m1-1': 169.23, 'm2-1': 108.17, 'm3-1': 10.43, 'm4-1': 10.3, 'm5-1': 157.62, 'm6-1': 167.59, 'm7-1': 1.1, 'm8-1': 27.22}",0.4275000000000375,193.00799999999998,inf,193.293,193.293,193.293
836,T3,BESTEFFORT,MISSED,m7-1,83.341,"{'m1-1': 147.79, 'm2-1': 110.54, 'm3-1': 10.1, 'm4-1': 9.97, 'm5-1': 146.03, 'm6-1': 169.61, 'm7-1': 0.98, 'm8-1': 28.92}",0.07200000000000273,193.293,inf,193.341,193.341,193.341
837,T6,BESTEFFORT,MISSED,m7-1,83.409,"{'m1-1': 163.8, 'm2-1': 99.15, 'm3-1': 10.41, 'm4-1': 10.62, 'm5-1': 152.17, 'm6-1': 168.47, 'm7-1': 1.01, 'm8-1': 26.99}",0.10199999999997544,193.341,inf,193.409,193.409,193.409
838,T6,BESTEFFORT,MISSED,m7-1,83.6,"{'m1-1': 160.32, 'm2-1': 103.92, 'm3-1': 10.4, 'm4-1': 10.9, 'm5-1': 159.58, 'm6-1': 171.6, 'm7-1': 1.13, 'm8-1': 24.83}",0.28650000000000375,193.409,inf,193.6,193.6,193.6
839,T2,BESTEFFORT,MISSED,m7-1,83.613,"{'m1-1': 175.92, 'm2-1': 98.09, 'm3-1': 10.57, 'm4-1': 11.39, 'm5-1': 155.0, 'm6-1': 158.5, 'm7-1': 1.09, 'm8-1': 26.3}",0.019500000000007844,193.6,inf,193.613,193.613,193.613
840,T10,BESTEFFORT,MISSED,m7-1,83.703,"{'m1-1': 165.12, 'm2-1': 104.3, 'm3-1': 10.96, 'm4-1': 9.8, 'm5-1': 149.09, 'm6-1': 168.35, 'm7-1': 1.14, 'm8-1': 27.22}",0.13500000000000512,193.613,inf,193.703,193.703,193.703
841,T3,BESTEFFORT,MISSED,m7-1,83.839,"{'m1-1': 149.43, 'm2-1': 99.49, 'm3-1': 10.09, 'm4-1': 11.07, 'm5-1': 157.58, 'm6-1': 157.43, 'm7-1': 0.95, 'm8-1': 26.49}",0.20399999999999352,193.703,inf,193.839,193.839,193.839
842,T5,BESTEFFORT,MISSED,m7-1,83.902,"{'m1-1': 174.45, 'm2-1': 103.71, 'm3-1': 10.74, 'm4-1': 9.86, 'm5-1': 149.83, 'm6-1': 151.57, 'm7-1': 0.95, 'm8-1': 28.11}",0.09449999999998226,193.839,inf,193.902,193.902,193.902
843,T1,BESTEFFORT,MISSED,m7-1,84.054,"{'m1-1': 170.12, 'm2-1': 113.66, 'm3-1': 9.77, 'm4-1': 9.63, 'm5-1': 165.26, 'm6-1': 149.12, 'm7-1': 1.01, 'm8-1': 26.3}",0.22800000000002285,193.902,inf,194.054,194.054,194.054
844,T5,BESTEFFORT,MISSED,m7-1,84.219,"{'m1-1': 151.5, 'm2-1': 107.76, 'm3-1': 9.83, 'm4-1': 11.55, 'm5-1': 146.14, 'm6-1': 161.6, 'm7-1': 0.93, 'm8-1': 25.24}",0.24749999999998806,194.054,inf,194.219,194.219,194.219
845,T2,BESTEFFORT,MISSED,m7-1,84.252,"{'m1-1': 153.8, 'm2-1': 106.47, 'm3-1': 10.43, 'm4-1': 10.67, 'm5-1': 156.29, 'm6-1': 174.78, 'm7-1': 1.01, 'm8-1': 26.3}",0.04950000000002319,194.219,inf,194.252,194.252,194.252
846,T7,BESTEFFORT,MISSED,m7-1,84.263,"{'m1-1': 166.25, 'm2-1': 95.97, 'm3-1': 10.14, 'm4-1': 11.36, 'm5-1': 163.06, 'm6-1': 148.76, 'm7-1': 1.03, 'm8-1': 27.6}",0.01649999999999352,194.252,inf,194.263,194.263,194.263
847,T2,BESTEFFORT,MISSED,m7-1,84.379,"{'m1-1': 174.48, 'm2-1': 103.26, 'm3-1': 9.57, 'm4-1': 10.32, 'm5-1': 165.4, 'm6-1': 177.61, 'm7-1': 1.04, 'm8-1': 26.97}",0.1740000000000208,194.263,inf,194.37900000000002,194.37900000000002,194.37900000000002
848,T6,BESTEFFORT,MISSED,m7-1,84.449,"{'m1-1': 155.64, 'm2-1': 107.95, 'm3-1': 11.46, 'm4-1': 10.86, 'm5-1': 152.17, 'm6-1': 153.97, 'm7-1': 0.97, 'm8-1': 26.03}",0.10499999999998977,194.37900000000002,inf,194.449,194.449,194.449
849,T6,BESTEFFORT,MISSED,m7-1,84.545,"{'m1-1': 150.33, 'm2-1': 98.01, 'm3-1': 10.93, 'm4-1': 10.38, 'm5-1': 153.97, 'm6-1': 148.32, 'm7-1': 1.09, 'm8-1': 26.63}",0.14400000000000546,194.449,inf,194.54500000000002,194.54500000000002,194.54500000000002
850,T10,BESTEFFORT,MISSED,m7-1,84.647,"{'m1-1': 143.44, 'm2-1': 101.08, 'm3-1': 10.82, 'm4-1': 10.08, 'm5-1': 151.8, 'm6-1': 157.1, 'm7-1': 1.11, 'm8-1': 28.2}",0.15299999999996317,194.54500000000002,inf,194.647,194.647,194.647
851,T4,BESTEFFORT,MISSED,m7-1,84.943,"{'m1-1': 169.29, 'm2-1': 105.32, 'm3-1': 9.72, 'm4-1': 10.44, 'm5-1': 153.36, 'm6-1': 165.02, 'm7-1': 1.04, 'm8-1': 25.13}",0.4439999999999884,194.647,inf,194.94299999999998,194.94299999999998,194.94299999999998
852,T5,BESTEFFORT,MISSED,m7-1,84.954,"{'m1-1': 160.31, 'm2-1': 110.6, 'm3-1': 9.64, 'm4-1': 11.16, 'm5-1': 138.21, 'm6-1': 158.47, 'm7-1': 0.94, 'm8-1': 27.84}",0.016500000000036152,194.94299999999998,inf,194.954,194.954,194.954
853,T1,BESTEFFORT,MISSED,m7-1,85.384,"{'m1-1': 170.59, 'm2-1': 116.45, 'm3-1': 11.11, 'm4-1': 10.95, 'm5-1': 153.55, 'm6-1': 155.73, 'm7-1': 1.09, 'm8-1': 23.8}",0.6450000000000102,194.954,inf,195.38400000000001,195.38400000000001,195.38400000000001
854,T6,BESTEFFORT,MISSED,m7-1,85.548,"{'m1-1': 150.58, 'm2-1': 98.31, 'm3-1': 10.37, 'm4-1': 9.93, 'm5-1': 142.78, 'm6-1': 146.73, 'm7-1': 1.06, 'm8-1': 25.83}",0.2459999999999809,195.38400000000001,inf,195.548,195.548,195.548
855,T5,BESTEFFORT,MISSED,m7-1,85.596,"{'m1-1': 173.68, 'm2-1': 115.12, 'm3-1': 10.2, 'm4-1': 11.18, 'm5-1': 161.12, 'm6-1': 157.74, 'm7-1': 1.02, 'm8-1': 26.55}",0.07200000000000273,195.548,inf,195.596,195.596,195.596
856,T2,BESTEFFORT,MISSED,m7-1,85.628,"{'m1-1': 152.76, 'm2-1': 101.69, 'm3-1': 10.49, 'm4-1': 10.02, 'm5-1': 166.57, 'm6-1': 177.24, 'm7-1': 1.16, 'm8-1': 27.81}",0.0479999999999734,195.596,inf,195.628,195.628,195.628
857,T4,BESTEFFORT,MISSED,m7-1,85.868,"{'m1-1': 157.66, 'm2-1': 107.29, 'm3-1': 10.68, 'm4-1': 9.78, 'm5-1': 155.29, 'm6-1': 148.84, 'm7-1': 1.06, 'm8-1': 27.53}",0.36000000000001364,195.628,inf,195.868,195.868,195.868
858,T8,BESTEFFORT,MISSED,m7-1,85.927,"{'m1-1': 171.07, 'm2-1': 110.29, 'm3-1': 11.25, 'm4-1': 10.7, 'm5-1': 166.71, 'm6-1': 157.25, 'm7-1': 1.08, 'm8-1': 25.83}",0.08850000000003888,195.868,inf,195.92700000000002,195.92700000000002,195.92700000000002
859,T9,BESTEFFORT,MISSED,m7-1,85.941,"{'m1-1': 140.09, 'm2-1': 110.25, 'm3-1': 10.39, 'm4-1': 10.27, 'm5-1': 170.74, 'm6-1': 150.95, 'm7-1': 1.13, 'm8-1': 25.75}",0.020999999999972374,195.92700000000002,inf,195.941,195.941,195.941
860,T7,BESTEFFORT,MISSED,m7-1,86.006,"{'m1-1': 168.85, 'm2-1': 94.39, 'm3-1': 11.64, 'm4-1': 10.31, 'm5-1': 157.42, 'm6-1': 149.54, 'm7-1': 0.95, 'm8-1': 27.1}",0.09749999999999659,195.941,inf,196.006,196.006,196.006
861,T10,BESTEFFORT,MISSED,m7-1,86.046,"{'m1-1': 145.26, 'm2-1': 105.21, 'm3-1': 9.3, 'm4-1': 10.51, 'm5-1': 144.23, 'm6-1': 162.85, 'm7-1': 1.12, 'm8-1': 27.1}",0.05999999999998806,196.006,inf,196.046,196.046,196.046
862,T5,BESTEFFORT,MISSED,m7-1,86.312,"{'m1-1': 158.02, 'm2-1': 116.26, 'm3-1': 10.82, 'm4-1': 9.97, 'm5-1': 163.64, 'm6-1': 154.06, 'm7-1': 1.04, 'm8-1': 24.65}",0.39900000000002933,196.046,inf,196.312,196.312,196.312
863,T6,BESTEFFORT,MISSED,m7-1,86.549,"{'m1-1': 153.79, 'm2-1': 97.43, 'm3-1': 11.52, 'm4-1': 11.55, 'm5-1': 138.78, 'm6-1': 151.17, 'm7-1': 1.1, 'm8-1': 26.16}",0.35549999999999216,196.312,inf,196.549,196.549,196.549
864,T5,BESTEFFORT,MISSED,m7-1,86.686,"{'m1-1': 160.31, 'm2-1': 109.14, 'm3-1': 11.0, 'm4-1': 9.9, 'm5-1': 158.36, 'm6-1': 154.52, 'm7-1': 0.99, 'm8-1': 25.27}",0.20550000000000068,196.549,inf,196.686,196.686,196.686
865,T7,BESTEFFORT,MISSED,m7-1,87.005,"{'m1-1': 144.47, 'm2-1': 97.02, 'm3-1': 11.51, 'm4-1': 11.4, 'm5-1': 158.3, 'm6-1': 146.46, 'm7-1': 1.07, 'm8-1': 28.28}",0.4784999999999826,196.686,inf,197.005,197.005,197.005
866,T9,BESTEFFORT,MISSED,m7-1,87.052,"{'m1-1': 141.84, 'm2-1': 118.62, 'm3-1': 10.51, 'm4-1': 10.31, 'm5-1': 162.36, 'm6-1': 161.46, 'm7-1': 1.09, 'm8-1': 25.22}",0.0705000000000382,197.005,inf,197.05200000000002,197.05200000000002,197.05200000000002
867,T2,BESTEFFORT,MISSED,m7-1,87.059,"{'m1-1': 152.12, 'm2-1': 108.85, 'm3-1': 9.48, 'm4-1': 10.52, 'm5-1': 156.91, 'm6-1': 164.31, 'm7-1': 1.01, 'm8-1': 24.28}",0.01049999999996487,197.05200000000002,inf,197.059,197.059,197.059
868,T1,BESTEFFORT,MISSED,m7-1,87.072,"{'m1-1': 162.71, 'm2-1': 100.13, 'm3-1': 10.89, 'm4-1': 10.77, 'm5-1': 158.33, 'm6-1': 151.56, 'm7-1': 0.99, 'm8-1': 27.46}",0.019500000000007844,197.059,inf,197.072,197.072,197.072
869,T7,BESTEFFORT,MISSED,m7-1,87.089,"{'m1-1': 157.6, 'm2-1': 99.76, 'm3-1': 11.04, 'm4-1': 10.74, 'm5-1': 174.59, 'm6-1': 163.96, 'm7-1': 1.07, 'm8-1': 25.17}",0.02549999999999386,197.072,inf,197.089,197.089,197.089
870,T3,BESTEFFORT,MISSED,m7-1,87.373,"{'m1-1': 158.0, 'm2-1': 109.0, 'm3-1': 9.73, 'm4-1': 10.14, 'm5-1': 166.85, 'm6-1': 166.92, 'm7-1': 1.01, 'm8-1': 25.92}",0.4259999999999877,197.089,inf,197.373,197.373,197.373
871,T9,BESTEFFORT,MISSED,m7-1,87.436,"{'m1-1': 147.55, 'm2-1': 104.2, 'm3-1': 10.35, 'm4-1': 10.19, 'm5-1': 163.21, 'm6-1': 157.32, 'm7-1': 1.04, 'm8-1': 25.1}",0.0945000000000249,197.373,inf,197.436,197.436,197.436
872,T1,BESTEFFORT,MISSED,m7-1,87.542,"{'m1-1': 176.36, 'm2-1': 103.36, 'm3-1': 10.19, 'm4-1': 10.91, 'm5-1': 160.45, 'm6-1': 149.23, 'm7-1': 1.1, 'm8-1': 25.66}",0.15899999999999181,197.436,inf,197.542,197.542,197.542
873,T6,BESTEFFORT,MISSED,m7-1,87.744,"{'m1-1': 163.56, 'm2-1': 94.51, 'm3-1': 10.1, 'm4-1': 10.58, 'm5-1': 141.7, 'm6-1': 151.85, 'm7-1': 1.07, 'm8-1': 24.51}",0.30299999999999727,197.542,inf,197.744,197.744,197.744
874,T10,BESTEFFORT,MISSED,m7-1,87.763,"{'m1-1': 160.15, 'm2-1': 110.61, 'm3-1': 10.89, 'm4-1': 10.02, 'm5-1': 140.39, 'm6-1': 149.89, 'm7-1': 1.07, 'm8-1': 27.88}",0.028500000000008185,197.744,inf,197.763,197.763,197.763
875,T2,BESTEFFORT,MISSED,m7-1,87.883,"{'m1-1': 161.42, 'm2-1': 106.34, 'm3-1': 10.22, 'm4-1': 9.9, 'm5-1': 157.34, 'm6-1': 158.63, 'm7-1': 1.11, 'm8-1': 25.45}",0.1799999999999642,197.763,inf,197.88299999999998,197.88299999999998,197.88299999999998
876,T10,BESTEFFORT,MISSED,m7-1,87.898,"{'m1-1': 156.97, 'm2-1': 97.1, 'm3-1': 10.34, 'm4-1': 10.91, 'm5-1': 151.63, 'm6-1': 167.63, 'm7-1': 1.08, 'm8-1': 28.2}",0.02250000000002217,197.88299999999998,inf,197.898,197.898,197.898
877,T9,BESTEFFORT,MISSED,m7-1,88.028,"{'m1-1': 154.55, 'm2-1': 106.16, 'm3-1': 9.75, 'm4-1': 11.57, 'm5-1': 166.74, 'm6-1': 169.41, 'm7-1': 1.06, 'm8-1': 29.27}",0.1950000000000358,197.898,inf,198.02800000000002,198.02800000000002,198.02800000000002
878,T4,BESTEFFORT,MISSED,m7-1,88.043,"{'m1-1': 152.26, 'm2-1': 103.37, 'm3-1': 9.58, 'm4-1': 10.08, 'm5-1': 161.2, 'm6-1': 140.43, 'm7-1': 1.09, 'm8-1': 25.87}",0.022499999999979536,198.02800000000002,inf,198.043,198.043,198.043
879,T6,BESTEFFORT,MISSED,m7-1,88.249,"{'m1-1': 156.98, 'm2-1': 104.62, 'm3-1': 10.36, 'm4-1': 11.17, 'm5-1': 157.86, 'm6-1': 155.56, 'm7-1': 1.01, 'm8-1': 24.09}",0.3089999999999833,198.043,inf,198.249,198.249,198.249
880,T5,BESTEFFORT,MISSED,m7-1,88.585,"{'m1-1': 151.67, 'm2-1': 110.71, 'm3-1': 9.64, 'm4-1': 11.18, 'm5-1': 154.12, 'm6-1': 152.08, 'm7-1': 1.02, 'm8-1': 26.67}",0.5039999999999765,198.249,inf,198.58499999999998,198.58499999999998,198.58499999999998
881,T3,BESTEFFORT,MISSED,m7-1,88.6,"{'m1-1': 165.56, 'm2-1': 108.67, 'm3-1': 11.26, 'm4-1': 9.86, 'm5-1': 161.84, 'm6-1': 148.98, 'm7-1': 0.99, 'm8-1': 25.88}",0.02250000000002217,198.58499999999998,inf,198.6,198.6,198.6
882,T4,BESTEFFORT,MISSED,m7-1,88.646,"{'m1-1': 161.03, 'm2-1': 107.91, 'm3-1': 10.29, 'm4-1': 9.67, 'm5-1': 147.22, 'm6-1': 151.0, 'm7-1': 1.08, 'm8-1': 27.11}",0.06900000000003104,198.6,inf,198.64600000000002,198.64600000000002,198.64600000000002
883,T7,BESTEFFORT,MISSED,m7-1,88.651,"{'m1-1': 165.76, 'm2-1': 102.42, 'm3-1': 10.58, 'm4-1': 10.59, 'm5-1': 159.09, 'm6-1': 163.57, 'm7-1': 0.97, 'm8-1': 28.59}",0.007499999999993179,198.64600000000002,inf,198.651,198.651,198.651
884,T6,BESTEFFORT,MISSED,m7-1,88.735,"{'m1-1': 170.34, 'm2-1': 93.7, 'm3-1': 10.86, 'm4-1': 10.78, 'm5-1': 151.76, 'm6-1': 157.48, 'm7-1': 1.03, 'm8-1': 24.2}",0.12600000000000477,198.651,inf,198.735,198.735,198.735
885,T9,BESTEFFORT,MISSED,m7-1,88.851,"{'m1-1': 143.51, 'm2-1': 111.5, 'm3-1': 9.39, 'm4-1': 10.01, 'm5-1': 160.3, 'm6-1': 154.97, 'm7-1': 1.04, 'm8-1': 24.73}",0.17399999999997817,198.735,inf,198.851,198.851,198.851
886,T6,BESTEFFORT,MISSED,m7-1,88.898,"{'m1-1': 161.25, 'm2-1': 110.43, 'm3-1': 11.23, 'm4-1': 11.14, 'm5-1': 162.67, 'm6-1': 169.06, 'm7-1': 1.06, 'm8-1': 26.63}",0.07049999999999557,198.851,inf,198.898,198.898,198.898
887,T8,BESTEFFORT,MISSED,m7-1,88.969,"{'m1-1': 166.68, 'm2-1': 94.95, 'm3-1': 10.24, 'm4-1': 10.52, 'm5-1': 171.25, 'm6-1': 161.02, 'm7-1': 0.96, 'm8-1': 26.8}",0.10649999999999693,198.898,inf,198.969,198.969,198.969
888,T1,BESTEFFORT,MISSED,m7-1,89.176,"{'m1-1': 175.5, 'm2-1': 113.28, 'm3-1': 11.01, 'm4-1': 10.23, 'm5-1': 148.86, 'm6-1': 148.28, 'm7-1': 1.09, 'm8-1': 25.12}",0.31049999999999045,198.969,inf,199.176,199.176,199.176
889,T2,BESTEFFORT,MISSED,m7-1,89.357,"{'m1-1': 158.96, 'm2-1': 111.64, 'm3-1': 11.05, 'm4-1': 11.24, 'm5-1': 166.86, 'm6-1': 167.96, 'm7-1': 1.18, 'm8-1': 27.71}",0.2715000000000174,199.176,inf,199.357,199.357,199.357
890,T7,BESTEFFORT,MISSED,m7-1,89.629,"{'m1-1': 168.87, 'm2-1': 100.3, 'm3-1': 10.32, 'm4-1': 9.93, 'm5-1': 161.87, 'm6-1': 144.13, 'm7-1': 0.96, 'm8-1': 27.48}",0.4080000000000297,199.357,inf,199.62900000000002,199.62900000000002,199.62900000000002
891,T4,BESTEFFORT,MISSED,m7-1,89.826,"{'m1-1': 151.19, 'm2-1': 98.88, 'm3-1': 10.64, 'm4-1': 9.9, 'm5-1': 160.04, 'm6-1': 154.36, 'm7-1': 1.17, 'm8-1': 24.85}",0.29549999999996146,199.62900000000002,inf,199.826,199.826,199.826
892,T6,BESTEFFORT,MISSED,m7-1,89.863,"{'m1-1': 154.25, 'm2-1': 95.13, 'm3-1': 11.05, 'm4-1': 11.25, 'm5-1': 157.4, 'm6-1': 154.64, 'm7-1': 1.06, 'm8-1': 28.31}",0.05550000000000921,199.826,inf,199.863,199.863,199.863
893,T2,BESTEFFORT,MISSED,m7-1,90.037,"{'m1-1': 175.88, 'm2-1': 104.6, 'm3-1': 9.93, 'm4-1': 10.72, 'm5-1': 150.07, 'm6-1': 165.85, 'm7-1': 1.17, 'm8-1': 25.6}",0.2610000000000099,199.863,inf,200.037,200.037,200.037
894,T8,BESTEFFORT,MISSED,m7-1,90.144,"{'m1-1': 156.98, 'm2-1': 102.92, 'm3-1': 10.92, 'm4-1': 10.32, 'm5-1': 171.76, 'm6-1': 152.24, 'm7-1': 0.98, 'm8-1': 25.32}",0.16049999999999898,200.037,inf,200.144,200.144,200.144
895,T8,BESTEFFORT,MISSED,m7-1,90.185,"{'m1-1': 173.15, 'm2-1': 96.47, 'm3-1': 10.89, 'm4-1': 10.9, 'm5-1': 150.44, 'm6-1': 153.14, 'm7-1': 1.07, 'm8-1': 25.02}",0.061499999999995225,200.144,inf,200.185,200.185,200.185
896,T8,BESTEFFORT,MISSED,m7-1,90.318,"{'m1-1': 159.84, 'm2-1': 105.6, 'm3-1': 10.51, 'm4-1': 10.2, 'm5-1': 173.58, 'm6-1': 153.52, 'm7-1': 0.95, 'm8-1': 25.11}",0.19949999999997203,200.185,inf,200.31799999999998,200.31799999999998,200.31799999999998
897,T3,BESTEFFORT,MISSED,m7-1,90.528,"{'m1-1': 171.3, 'm2-1': 102.36, 'm3-1': 9.87, 'm4-1': 11.51, 'm5-1': 167.91, 'm6-1': 172.8, 'm7-1': 0.94, 'm8-1': 27.54}",0.31500000000005457,200.31799999999998,inf,200.52800000000002,200.52800000000002,200.52800000000002
898,T5,BESTEFFORT,MISSED,m7-1,90.682,"{'m1-1': 169.78, 'm2-1': 106.81, 'm3-1': 11.35, 'm4-1': 10.28, 'm5-1': 151.14, 'm6-1': 144.41, 'm7-1': 1.01, 'm8-1': 25.86}",0.23099999999999454,200.52800000000002,inf,200.68200000000002,200.68200000000002,200.68200000000002
899,T2,BESTEFFORT,MISSED,m7-1,90.777,"{'m1-1': 174.47, 'm2-1': 100.25, 'm3-1': 11.11, 'm4-1': 10.62, 'm5-1': 143.38, 'm6-1': 160.58, 'm7-1': 1.04, 'm8-1': 27.39}",0.14249999999995566,200.68200000000002,inf,200.777,200.777,200.777
900,T10,BESTEFFORT,MISSED,m7-1,90.788,"{'m1-1': 169.85, 'm2-1': 106.04, 'm3-1': 9.6, 'm4-1': 9.81, 'm5-1': 153.36, 'm6-1': 151.5, 'm7-1': 1.05, 'm8-1': 28.37}",0.016500000000036152,200.777,inf,200.788,200.788,200.788
901,T7,BESTEFFORT,MISSED,m7-1,91.282,"{'m1-1': 164.94, 'm2-1': 100.3, 'm3-1': 11.31, 'm4-1': 10.91, 'm5-1': 161.31, 'm6-1': 154.29, 'm7-1': 1.06, 'm8-1': 27.96}",0.740999999999957,200.788,inf,201.28199999999998,201.28199999999998,201.28199999999998
902,T1,BESTEFFORT,MISSED,m7-1,91.294,"{'m1-1': 165.26, 'm2-1': 106.76, 'm3-1': 10.02, 'm4-1': 11.06, 'm5-1': 149.98, 'm6-1': 150.62, 'm7-1': 1.14, 'm8-1': 26.68}",0.018000000000000682,201.28199999999998,inf,201.29399999999998,201.29399999999998,201.29399999999998
903,T2,BESTEFFORT,MISSED,m7-1,91.335,"{'m1-1': 159.58, 'm2-1': 96.45, 'm3-1': 10.57, 'm4-1': 10.59, 'm5-1': 156.72, 'm6-1': 155.62, 'm7-1': 1.16, 'm8-1': 27.92}",0.061499999999995225,201.29399999999998,inf,201.33499999999998,201.33499999999998,201.33499999999998
904,T2,BESTEFFORT,MISSED,m7-1,91.361,"{'m1-1': 157.45, 'm2-1': 100.88, 'm3-1': 11.14, 'm4-1': 10.48, 'm5-1': 149.24, 'm6-1': 176.77, 'm7-1': 1.16, 'm8-1': 27.32}",0.03900000000001569,201.33499999999998,inf,201.361,201.361,201.361
905,T2,BESTEFFORT,MISSED,m7-1,91.475,"{'m1-1': 154.62, 'm2-1': 100.93, 'm3-1': 9.84, 'm4-1': 10.5, 'm5-1': 146.48, 'm6-1': 171.12, 'm7-1': 1.18, 'm8-1': 27.55}",0.17100000000000648,201.361,inf,201.475,201.475,201.475
906,T7,BESTEFFORT,MISSED,m7-1,91.655,"{'m1-1': 166.6, 'm2-1': 104.48, 'm3-1': 11.68, 'm4-1': 10.1, 'm5-1': 158.35, 'm6-1': 168.78, 'm7-1': 0.96, 'm8-1': 26.93}",0.27000000000001023,201.475,inf,201.655,201.655,201.655
907,T6,BESTEFFORT,MISSED,m7-1,91.89,"{'m1-1': 175.51, 'm2-1': 100.51, 'm3-1': 9.93, 'm4-1': 11.63, 'm5-1': 159.65, 'm6-1': 165.76, 'm7-1': 1.0, 'm8-1': 28.02}",0.35249999999997783,201.655,inf,201.89,201.89,201.89
908,T1,BESTEFFORT,MISSED,m7-1,92.178,"{'m1-1': 164.02, 'm2-1': 113.08, 'm3-1': 10.77, 'm4-1': 11.3, 'm5-1': 141.17, 'm6-1': 157.63, 'm7-1': 1.03, 'm8-1': 25.6}",0.43200000000001637,201.89,inf,202.178,202.178,202.178
909,T5,BESTEFFORT,MISSED,m7-1,92.318,"{'m1-1': 165.6, 'm2-1': 106.65, 'm3-1': 10.0, 'm4-1': 10.91, 'm5-1': 154.19, 'm6-1': 153.24, 'm7-1': 1.01, 'm8-1': 23.8}",0.20999999999997954,202.178,inf,202.31799999999998,202.31799999999998,202.31799999999998
910,T4,BESTEFFORT,MISSED,m7-1,92.743,"{'m1-1': 150.08, 'm2-1': 103.26, 'm3-1': 11.16, 'm4-1': 9.41, 'm5-1': 139.91, 'm6-1': 147.99, 'm7-1': 1.06, 'm8-1': 26.06}",0.637500000000017,202.31799999999998,inf,202.743,202.743,202.743
911,T10,BESTEFFORT,MISSED,m7-1,92.923,"{'m1-1': 162.64, 'm2-1': 100.74, 'm3-1': 9.28, 'm4-1': 9.79, 'm5-1': 153.07, 'm6-1': 150.86, 'm7-1': 1.07, 'm8-1': 26.11}",0.27000000000001023,202.743,inf,202.923,202.923,202.923
912,T6,BESTEFFORT,MISSED,m7-1,93.021,"{'m1-1': 149.64, 'm2-1': 105.85, 'm3-1': 11.35, 'm4-1': 11.52, 'm5-1': 148.18, 'm6-1': 145.04, 'm7-1': 1.12, 'm8-1': 24.21}",0.14700000000001978,202.923,inf,203.02100000000002,203.02100000000002,203.02100000000002
913,T3,BESTEFFORT,MISSED,m7-1,93.074,"{'m1-1': 159.29, 'm2-1': 107.01, 'm3-1': 10.29, 'm4-1': 11.39, 'm5-1': 154.43, 'm6-1': 147.13, 'm7-1': 1.0, 'm8-1': 25.19}",0.07949999999999591,203.02100000000002,inf,203.074,203.074,203.074
914,T4,BESTEFFORT,MISSED,m7-1,93.09,"{'m1-1': 148.52, 'm2-1': 104.11, 'm3-1': 10.23, 'm4-1': 10.31, 'm5-1': 159.63, 'm6-1': 159.88, 'm7-1': 1.06, 'm8-1': 23.72}",0.0239999999999867,203.074,inf,203.09,203.09,203.09
915,T5,BESTEFFORT,MISSED,m7-1,93.227,"{'m1-1': 165.36, 'm2-1': 111.04, 'm3-1': 10.1, 'm4-1': 11.55, 'm5-1': 156.21, 'm6-1': 156.43, 'm7-1': 0.96, 'm8-1': 26.54}",0.20550000000000068,203.09,inf,203.227,203.227,203.227
916,T1,BESTEFFORT,MISSED,m7-1,93.244,"{'m1-1': 160.78, 'm2-1': 100.72, 'm3-1': 11.18, 'm4-1': 10.75, 'm5-1': 142.49, 'm6-1': 156.06, 'm7-1': 1.07, 'm8-1': 23.93}",0.02549999999999386,203.227,inf,203.244,203.244,203.244
917,T9,BESTEFFORT,MISSED,m7-1,93.279,"{'m1-1': 149.67, 'm2-1': 113.08, 'm3-1': 10.72, 'm4-1': 11.09, 'm5-1': 165.07, 'm6-1': 155.78, 'm7-1': 1.16, 'm8-1': 26.35}",0.052499999999994884,203.244,inf,203.279,203.279,203.279
918,T5,BESTEFFORT,MISSED,m7-1,93.326,"{'m1-1': 163.86, 'm2-1': 108.96, 'm3-1': 10.63, 'm4-1': 11.0, 'm5-1': 159.32, 'm6-1': 169.55, 'm7-1': 1.06, 'm8-1': 27.06}",0.07049999999999557,203.279,inf,203.326,203.326,203.326
919,T6,BESTEFFORT,MISSED,m7-1,93.367,"{'m1-1': 153.74, 'm2-1': 103.46, 'm3-1': 11.15, 'm4-1': 10.68, 'm5-1': 140.32, 'm6-1': 170.68, 'm7-1': 1.11, 'm8-1': 28.45}",0.06150000000003786,203.326,inf,203.36700000000002,203.36700000000002,203.36700000000002
920,T8,BESTEFFORT,MISSED,m7-1,93.457,"{'m1-1': 169.87, 'm2-1': 96.45, 'm3-1': 9.98, 'm4-1': 10.39, 'm5-1': 150.96, 'm6-1': 153.58, 'm7-1': 0.99, 'm8-1': 27.76}",0.13499999999996248,203.36700000000002,inf,203.457,203.457,203.457
921,T10,BESTEFFORT,MISSED,m7-1,93.554,"{'m1-1': 143.95, 'm2-1': 108.4, 'm3-1': 10.8, 'm4-1': 11.08, 'm5-1': 151.05, 'm6-1': 147.46, 'm7-1': 1.1, 'm8-1': 25.01}",0.14550000000001262,203.457,inf,203.554,203.554,203.554
922,T8,BESTEFFORT,MISSED,m7-1,93.683,"{'m1-1': 169.8, 'm2-1': 109.65, 'm3-1': 11.16, 'm4-1': 10.98, 'm5-1': 159.05, 'm6-1': 160.75, 'm7-1': 0.97, 'm8-1': 26.75}",0.19349999999998602,203.554,inf,203.683,203.683,203.683
923,T3,BESTEFFORT,MISSED,m7-1,93.786,"{'m1-1': 152.6, 'm2-1': 106.6, 'm3-1': 10.64, 'm4-1': 10.45, 'm5-1': 151.83, 'm6-1': 152.88, 'm7-1': 0.95, 'm8-1': 25.72}",0.15450000000001296,203.683,inf,203.786,203.786,203.786
924,T8,BESTEFFORT,MISSED,m7-1,93.808,"{'m1-1': 150.44, 'm2-1': 105.98, 'm3-1': 11.24, 'm4-1': 11.0, 'm5-1': 163.45, 'm6-1': 153.94, 'm7-1': 1.01, 'm8-1': 24.98}",0.03299999999998704,203.786,inf,203.808,203.808,203.808
925,T5,BESTEFFORT,MISSED,m7-1,93.84,"{'m1-1': 164.85, 'm2-1': 105.58, 'm3-1': 10.32, 'm4-1': 11.16, 'm5-1': 148.26, 'm6-1': 157.65, 'm7-1': 1.07, 'm8-1': 25.37}",0.04800000000001603,203.808,inf,203.84,203.84,203.84
926,T5,BESTEFFORT,MISSED,m7-1,93.922,"{'m1-1': 156.18, 'm2-1': 118.02, 'm3-1': 10.88, 'm4-1': 10.27, 'm5-1': 144.81, 'm6-1': 151.86, 'm7-1': 0.95, 'm8-1': 27.09}",0.12299999999999045,203.84,inf,203.922,203.922,203.922
927,T6,BESTEFFORT,MISSED,m7-1,94.009,"{'m1-1': 175.98, 'm2-1': 105.42, 'm3-1': 11.18, 'm4-1': 10.7, 'm5-1': 145.76, 'm6-1': 170.48, 'm7-1': 1.09, 'm8-1': 27.18}",0.13050000000002626,203.922,inf,204.00900000000001,204.00900000000001,204.00900000000001
928,T7,BESTEFFORT,MISSED,m7-1,94.131,"{'m1-1': 159.08, 'm2-1': 102.66, 'm3-1': 10.97, 'm4-1': 11.01, 'm5-1': 150.44, 'm6-1': 162.26, 'm7-1': 0.96, 'm8-1': 27.54}",0.1829999999999785,204.00900000000001,inf,204.131,204.131,204.131
929,T4,BESTEFFORT,MISSED,m7-1,94.132,"{'m1-1': 158.57, 'm2-1': 107.77, 'm3-1': 10.19, 'm4-1': 10.92, 'm5-1': 159.63, 'm6-1': 160.08, 'm7-1': 1.1, 'm8-1': 25.72}",0.0015000000000071623,204.131,inf,204.132,204.132,204.132
930,T9,BESTEFFORT,MISSED,m7-1,94.155,"{'m1-1': 146.38, 'm2-1': 100.37, 'm3-1': 9.56, 'm4-1': 10.36, 'm5-1': 151.09, 'm6-1': 158.32, 'm7-1': 1.01, 'm8-1': 24.94}",0.0344999999999942,204.132,inf,204.155,204.155,204.155
931,T9,BESTEFFORT,MISSED,m7-1,94.28,"{'m1-1': 147.31, 'm2-1': 108.89, 'm3-1': 9.76, 'm4-1': 11.18, 'm5-1': 170.33, 'm6-1': 166.03, 'm7-1': 1.09, 'm8-1': 27.2}",0.1875,204.155,inf,204.28,204.28,204.28
932,T4,BESTEFFORT,MISSED,m7-1,94.337,"{'m1-1': 152.0, 'm2-1': 107.2, 'm3-1': 10.93, 'm4-1': 9.61, 'm5-1': 141.22, 'm6-1': 147.75, 'm7-1': 1.03, 'm8-1': 24.28}",0.08549999999998192,204.28,inf,204.337,204.337,204.337
933,T9,BESTEFFORT,MISSED,m7-1,94.708,"{'m1-1': 157.96, 'm2-1': 100.7, 'm3-1': 10.0, 'm4-1': 10.94, 'm5-1': 145.79, 'm6-1': 149.99, 'm7-1': 1.18, 'm8-1': 24.94}",0.556500000000014,204.337,inf,204.708,204.708,204.708
934,T4,BESTEFFORT,MISSED,m7-1,94.823,"{'m1-1': 167.54, 'm2-1': 99.56, 'm3-1': 9.95, 'm4-1': 9.43, 'm5-1': 158.56, 'm6-1': 151.51, 'm7-1': 1.07, 'm8-1': 25.82}",0.172499999999971,204.708,inf,204.82299999999998,204.82299999999998,204.82299999999998
935,T4,BESTEFFORT,MISSED,m7-1,94.847,"{'m1-1': 160.18, 'm2-1': 108.18, 'm3-1': 9.96, 'm4-1': 9.7, 'm5-1': 152.26, 'm6-1': 162.18, 'm7-1': 1.16, 'm8-1': 27.24}",0.036000000000001364,204.82299999999998,inf,204.84699999999998,204.84699999999998,204.84699999999998
936,T5,BESTEFFORT,MISSED,m7-1,94.951,"{'m1-1': 174.87, 'm2-1': 108.66, 'm3-1': 10.32, 'm4-1': 10.68, 'm5-1': 157.5, 'm6-1': 167.76, 'm7-1': 1.06, 'm8-1': 27.69}",0.15600000000002012,204.84699999999998,inf,204.951,204.951,204.951
937,T8,BESTEFFORT,MISSED,m7-1,94.968,"{'m1-1': 169.42, 'm2-1': 103.52, 'm3-1': 10.08, 'm4-1': 10.52, 'm5-1': 166.77, 'm6-1': 167.77, 'm7-1': 1.06, 'm8-1': 26.8}",0.025500000000036493,204.951,inf,204.96800000000002,204.96800000000002,204.96800000000002
938,T8,BESTEFFORT,MISSED,m7-1,95.011,"{'m1-1': 161.34, 'm2-1': 96.37, 'm3-1': 11.42, 'm4-1': 10.15, 'm5-1': 163.1, 'm6-1': 169.58, 'm7-1': 1.03, 'm8-1': 25.14}",0.06449999999996692,204.96800000000002,inf,205.011,205.011,205.011
939,T3,BESTEFFORT,MISSED,m7-1,95.154,"{'m1-1': 156.5, 'm2-1': 106.84, 'm3-1': 11.0, 'm4-1': 10.0, 'm5-1': 166.61, 'm6-1': 154.26, 'm7-1': 0.94, 'm8-1': 25.1}",0.21450000000000102,205.011,inf,205.154,205.154,205.154
940,T3,BESTEFFORT,MISSED,m7-1,95.296,"{'m1-1': 148.75, 'm2-1': 101.63, 'm3-1': 9.56, 'm4-1': 10.34, 'm5-1': 149.34, 'm6-1': 163.09, 'm7-1': 1.09, 'm8-1': 26.19}",0.21299999999999386,205.154,inf,205.296,205.296,205.296
941,T10,BESTEFFORT,MISSED,m7-1,95.376,"{'m1-1': 149.88, 'm2-1': 101.07, 'm3-1': 10.71, 'm4-1': 10.01, 'm5-1': 143.92, 'm6-1': 149.95, 'm7-1': 1.13, 'm8-1': 27.8}",0.12000000000001876,205.296,inf,205.376,205.376,205.376
942,T5,BESTEFFORT,MISSED,m7-1,95.378,"{'m1-1': 154.75, 'm2-1': 105.09, 'm3-1': 10.15, 'm4-1': 10.62, 'm5-1': 157.2, 'm6-1': 166.4, 'm7-1': 1.01, 'm8-1': 28.05}",0.002999999999971692,205.376,inf,205.378,205.378,205.378
943,T10,BESTEFFORT,MISSED,m7-1,95.43,"{'m1-1': 170.12, 'm2-1': 105.2, 'm3-1': 10.06, 'm4-1': 10.14, 'm5-1': 150.71, 'm6-1': 156.85, 'm7-1': 1.06, 'm8-1': 26.72}",0.07800000000003138,205.378,inf,205.43,205.43,205.43
944,T5,BESTEFFORT,MISSED,m7-1,95.532,"{'m1-1': 171.28, 'm2-1': 115.99, 'm3-1': 9.81, 'm4-1': 11.53, 'm5-1': 144.89, 'm6-1': 143.72, 'm7-1': 0.94, 'm8-1': 25.22}",0.15299999999996317,205.43,inf,205.53199999999998,205.53199999999998,205.53199999999998
945,T4,BESTEFFORT,MISSED,m7-1,95.658,"{'m1-1': 154.55, 'm2-1': 93.7, 'm3-1': 9.87, 'm4-1': 10.9, 'm5-1': 159.11, 'm6-1': 155.09, 'm7-1': 1.03, 'm8-1': 23.64}",0.1890000000000498,205.53199999999998,inf,205.65800000000002,205.65800000000002,205.65800000000002
946,T10,BESTEFFORT,MISSED,m7-1,95.674,"{'m1-1': 146.78, 'm2-1': 103.35, 'm3-1': 10.74, 'm4-1': 9.71, 'm5-1': 142.87, 'm6-1': 152.02, 'm7-1': 1.19, 'm8-1': 27.98}",0.0239999999999867,205.65800000000002,inf,205.674,205.674,205.674
947,T3,BESTEFFORT,MISSED,m7-1,95.686,"{'m1-1': 161.74, 'm2-1': 111.54, 'm3-1': 10.16, 'm4-1': 9.85, 'm5-1': 148.9, 'm6-1': 172.88, 'm7-1': 0.95, 'm8-1': 28.88}",0.018000000000000682,205.674,inf,205.686,205.686,205.686
948,T10,BESTEFFORT,MISSED,m7-1,95.718,"{'m1-1': 143.21, 'm2-1': 99.1, 'm3-1': 10.68, 'm4-1': 10.54, 'm5-1': 153.44, 'm6-1': 153.35, 'm7-1': 1.05, 'm8-1': 28.25}",0.04800000000001603,205.686,inf,205.71800000000002,205.71800000000002,205.71800000000002
949,T5,BESTEFFORT,MISSED,m7-1,95.896,"{'m1-1': 164.76, 'm2-1': 110.6, 'm3-1': 9.63, 'm4-1': 10.8, 'm5-1': 153.68, 'm6-1': 164.17, 'm7-1': 0.92, 'm8-1': 27.41}",0.2669999999999959,205.71800000000002,inf,205.89600000000002,205.89600000000002,205.89600000000002
950,T7,BESTEFFORT,MISSED,m7-1,95.963,"{'m1-1': 143.14, 'm2-1': 100.22, 'm3-1': 10.11, 'm4-1': 10.51, 'm5-1': 150.78, 'm6-1': 160.7, 'm7-1': 1.01, 'm8-1': 27.94}",0.10049999999996828,205.89600000000002,inf,205.963,205.963,205.963
951,T7,BESTEFFORT,MISSED,m7-1,96.054,"{'m1-1': 165.71, 'm2-1': 98.56, 'm3-1': 11.53, 'm4-1': 11.03, 'm5-1': 172.62, 'm6-1': 144.65, 'm7-1': 0.95, 'm8-1': 29.22}",0.13650000000001228,205.963,inf,206.054,206.054,206.054
952,T6,BESTEFFORT,MISSED,m7-1,96.141,"{'m1-1': 162.71, 'm2-1': 109.39, 'm3-1': 10.96, 'm4-1': 11.3, 'm5-1': 142.09, 'm6-1': 150.17, 'm7-1': 1.12, 'm8-1': 26.11}",0.13050000000002626,206.054,inf,206.14100000000002,206.14100000000002,206.14100000000002
953,T6,BESTEFFORT,MISSED,m7-1,96.545,"{'m1-1': 173.48, 'm2-1': 98.96, 'm3-1': 9.91, 'm4-1': 11.49, 'm5-1': 162.33, 'm6-1': 162.1, 'm7-1': 0.98, 'm8-1': 26.16}",0.6059999999999945,206.14100000000002,inf,206.54500000000002,206.54500000000002,206.54500000000002
954,T9,BESTEFFORT,MISSED,m7-1,96.553,"{'m1-1': 160.17, 'm2-1': 101.08, 'm3-1': 9.4, 'm4-1': 10.27, 'm5-1': 157.9, 'm6-1': 151.29, 'm7-1': 1.02, 'm8-1': 27.27}",0.011999999999972033,206.54500000000002,inf,206.553,206.553,206.553
955,T10,BESTEFFORT,MISSED,m7-1,96.763,"{'m1-1': 170.17, 'm2-1': 110.91, 'm3-1': 10.39, 'm4-1': 10.21, 'm5-1': 144.19, 'm6-1': 152.14, 'm7-1': 1.01, 'm8-1': 24.6}",0.31500000000001194,206.553,inf,206.763,206.763,206.763
956,T6,BESTEFFORT,MISSED,m7-1,96.841,"{'m1-1': 173.54, 'm2-1': 94.77, 'm3-1': 11.48, 'm4-1': 10.72, 'm5-1': 141.08, 'm6-1': 156.07, 'm7-1': 0.98, 'm8-1': 27.39}",0.11700000000000443,206.763,inf,206.841,206.841,206.841
957,T7,BESTEFFORT,MISSED,m7-1,97.074,"{'m1-1': 157.22, 'm2-1': 97.72, 'm3-1': 11.51, 'm4-1': 10.53, 'm5-1': 155.83, 'm6-1': 150.64, 'm7-1': 1.03, 'm8-1': 28.79}",0.34950000000000614,206.841,inf,207.074,207.074,207.074
958,T4,BESTEFFORT,MISSED,m7-1,97.244,"{'m1-1': 143.04, 'm2-1': 96.18, 'm3-1': 9.83, 'm4-1': 9.46, 'm5-1': 142.13, 'm6-1': 150.99, 'm7-1': 1.08, 'm8-1': 25.11}",0.25499999999998124,207.074,inf,207.244,207.244,207.244
959,T5,BESTEFFORT,MISSED,m7-1,97.257,"{'m1-1': 168.63, 'm2-1': 115.03, 'm3-1': 9.81, 'm4-1': 10.55, 'm5-1': 150.59, 'm6-1': 145.14, 'm7-1': 1.04, 'm8-1': 23.96}",0.019500000000007844,207.244,inf,207.257,207.257,207.257
960,T7,BESTEFFORT,MISSED,m7-1,97.316,"{'m1-1': 143.24, 'm2-1': 99.94, 'm3-1': 11.2, 'm4-1': 10.41, 'm5-1': 166.12, 'm6-1': 155.66, 'm7-1': 1.1, 'm8-1': 26.14}",0.08849999999999625,207.257,inf,207.316,207.316,207.316
961,T9,BESTEFFORT,MISSED,m7-1,97.596,"{'m1-1': 148.68, 'm2-1': 108.05, 'm3-1': 10.68, 'm4-1': 11.13, 'm5-1': 161.8, 'm6-1': 158.02, 'm7-1': 1.02, 'm8-1': 28.5}",0.4200000000000017,207.316,inf,207.596,207.596,207.596
962,T7,BESTEFFORT,MISSED,m7-1,97.806,"{'m1-1': 152.19, 'm2-1': 107.04, 'm3-1': 11.14, 'm4-1': 11.04, 'm5-1': 156.33, 'm6-1': 155.36, 'm7-1': 0.98, 'm8-1': 28.47}",0.3149999999999693,207.596,inf,207.80599999999998,207.80599999999998,207.80599999999998
963,T4,BESTEFFORT,MISSED,m7-1,97.895,"{'m1-1': 143.05, 'm2-1': 100.98, 'm3-1': 9.66, 'm4-1': 9.57, 'm5-1': 153.27, 'm6-1': 140.98, 'm7-1': 1.02, 'm8-1': 24.92}",0.13349999999999795,207.80599999999998,inf,207.89499999999998,207.89499999999998,207.89499999999998
964,T4,BESTEFFORT,MISSED,m7-1,97.927,"{'m1-1': 162.18, 'm2-1': 94.09, 'm3-1': 11.28, 'm4-1': 10.39, 'm5-1': 154.37, 'm6-1': 149.76, 'm7-1': 1.1, 'm8-1': 25.55}",0.04800000000005866,207.89499999999998,inf,207.92700000000002,207.92700000000002,207.92700000000002
965,T4,BESTEFFORT,MISSED,m7-1,97.964,"{'m1-1': 166.28, 'm2-1': 106.56, 'm3-1': 10.85, 'm4-1': 10.81, 'm5-1': 143.11, 'm6-1': 160.81, 'm7-1': 1.1, 'm8-1': 23.53}",0.055499999999966576,207.92700000000002,inf,207.964,207.964,207.964
966,T3,BESTEFFORT,MISSED,m7-1,98.29,"{'m1-1': 150.46, 'm2-1': 99.55, 'm3-1': 10.1, 'm4-1': 11.35, 'm5-1': 162.18, 'm6-1': 164.38, 'm7-1': 0.98, 'm8-1': 25.13}",0.48900000000003274,207.964,inf,208.29000000000002,208.29000000000002,208.29000000000002
967,T9,BESTEFFORT,MISSED,m7-1,98.619,"{'m1-1': 162.7, 'm2-1': 116.68, 'm3-1': 10.49, 'm4-1': 10.95, 'm5-1': 160.57, 'm6-1': 165.94, 'm7-1': 1.12, 'm8-1': 25.31}",0.49349999999996896,208.29000000000002,inf,208.619,208.619,208.619
968,T7,BESTEFFORT,MISSED,m7-1,98.829,"{'m1-1': 167.63, 'm2-1': 105.21, 'm3-1': 10.83, 'm4-1': 9.62, 'm5-1': 157.16, 'm6-1': 159.05, 'm7-1': 1.02, 'm8-1': 27.06}",0.31500000000001194,208.619,inf,208.829,208.829,208.829
969,T10,BESTEFFORT,MISSED,m7-1,99.568,"{'m1-1': 169.52, 'm2-1': 102.76, 'm3-1': 10.87, 'm4-1': 10.04, 'm5-1': 141.65, 'm6-1': 159.85, 'm7-1': 1.09, 'm8-1': 28.21}",1.1084999999999638,208.829,inf,209.56799999999998,209.56799999999998,209.56799999999998
970,T10,BESTEFFORT,MISSED,m7-1,100.086,"{'m1-1': 150.29, 'm2-1': 101.66, 'm3-1': 10.94, 'm4-1': 10.56, 'm5-1': 155.45, 'm6-1': 158.56, 'm7-1': 1.13, 'm8-1': 27.44}",0.7770000000000437,209.56799999999998,inf,210.086,210.086,210.086
971,T9,BESTEFFORT,MISSED,m7-1,100.179,"{'m1-1': 162.14, 'm2-1': 116.68, 'm3-1': 9.48, 'm4-1': 10.24, 'm5-1': 156.24, 'm6-1': 174.21, 'm7-1': 1.15, 'm8-1': 27.37}",0.13949999999998397,210.086,inf,210.179,210.179,210.179
972,T9,BESTEFFORT,MISSED,m7-1,100.411,"{'m1-1': 159.95, 'm2-1': 107.23, 'm3-1': 9.21, 'm4-1': 11.09, 'm5-1': 170.24, 'm6-1': 164.31, 'm7-1': 1.02, 'm8-1': 25.14}",0.347999999999999,210.179,inf,210.411,210.411,210.411
973,T6,BESTEFFORT,MISSED,m7-1,100.928,"{'m1-1': 177.05, 'm2-1': 101.01, 'm3-1': 10.89, 'm4-1': 11.51, 'm5-1': 145.43, 'm6-1': 162.42, 'm7-1': 1.07, 'm8-1': 24.82}",0.7754999999999939,210.411,inf,210.928,210.928,210.928
974,T6,BESTEFFORT,MISSED,m7-1,101.133,"{'m1-1': 150.99, 'm2-1': 96.32, 'm3-1': 10.2, 'm4-1': 11.64, 'm5-1': 155.04, 'm6-1': 153.33, 'm7-1': 0.98, 'm8-1': 24.8}",0.3074999999999761,210.928,inf,211.13299999999998,211.13299999999998,211.13299999999998
975,T10,BESTEFFORT,MISSED,m7-1,101.216,"{'m1-1': 148.31, 'm2-1': 96.88, 'm3-1': 9.86, 'm4-1': 11.17, 'm5-1': 158.13, 'm6-1': 166.78, 'm7-1': 1.09, 'm8-1': 26.41}",0.12450000000004025,211.13299999999998,inf,211.216,211.216,211.216
976,T10,BESTEFFORT,MISSED,m7-1,101.98,"{'m1-1': 162.57, 'm2-1': 109.35, 'm3-1': 9.5, 'm4-1': 10.74, 'm5-1': 141.0, 'm6-1': 162.99, 'm7-1': 1.19, 'm8-1': 25.98}",1.146000000000015,211.216,inf,211.98000000000002,211.98000000000002,211.98000000000002
977,T10,BESTEFFORT,MISSED,m7-1,102.006,"{'m1-1': 167.67, 'm2-1': 98.46, 'm3-1': 9.99, 'm4-1': 10.83, 'm5-1': 143.33, 'm6-1': 155.45, 'm7-1': 1.11, 'm8-1': 28.3}",0.038999999999973056,211.98000000000002,inf,212.006,212.006,212.006
978,T4,BESTEFFORT,MISSED,m7-1,102.165,"{'m1-1': 154.79, 'm2-1': 104.24, 'm3-1': 10.91, 'm4-1': 10.98, 'm5-1': 162.2, 'm6-1': 162.99, 'm7-1': 1.07, 'm8-1': 25.37}",0.23850000000003035,212.006,inf,212.16500000000002,212.16500000000002,212.16500000000002
979,T4,BESTEFFORT,COMPLETED,m7-1,103.383,"{'m1-1': 147.23, 'm2-1': 106.18, 'm3-1': 10.12, 'm4-1': 9.51, 'm5-1': 157.76, 'm6-1': 159.1, 'm7-1': 1.04, 'm8-1': 23.58}",1.56,212.16500000000002,213.205,inf,213.38299999999998,213.38299999999998
980,T6,BESTEFFORT,COMPLETED,m7-1,104.667,"{'m1-1': 159.32, 'm2-1': 110.3, 'm3-1': 10.09, 'm4-1': 10.5, 'm5-1': 150.14, 'm6-1': 150.32, 'm7-1': 0.98, 'm8-1': 25.53}",1.47,213.205,214.185,inf,214.667,214.667
981,T6,BESTEFFORT,MISSED,m7-1,104.814,"{'m1-1': 171.68, 'm2-1': 96.22, 'm3-1': 10.95, 'm4-1': 10.74, 'm5-1': 144.94, 'm6-1': 162.75, 'm7-1': 1.0, 'm8-1': 24.07}",0.943499999999986,214.185,inf,214.814,214.814,214.814
982,T10,BESTEFFORT,COMPLETED,m7-1,106.069,"{'m1-1': 146.84, 'm2-1': 109.48, 'm3-1': 10.14, 'm4-1': 10.98, 'm5-1': 153.61, 'm6-1': 165.41, 'm7-1': 1.1, 'm8-1': 25.03}",1.6500000000000001,214.814,215.914,inf,216.06900000000002,216.06900000000002
983,T3,BESTEFFORT,MISSED,m7-1,106.081,"{'m1-1': 166.43, 'm2-1': 104.47, 'm3-1': 10.63, 'm4-1': 10.44, 'm5-1': 151.98, 'm6-1': 155.89, 'm7-1': 0.92, 'm8-1': 26.22}",0.250500000000045,215.914,inf,216.08100000000002,216.08100000000002,216.08100000000002
984,T10,BESTEFFORT,MISSED,m7-1,106.112,"{'m1-1': 153.66, 'm2-1': 105.1, 'm3-1': 9.99, 'm4-1': 10.46, 'm5-1': 158.66, 'm6-1': 167.52, 'm7-1': 1.03, 'm8-1': 26.88}",0.046499999999966235,216.08100000000002,inf,216.112,216.112,216.112
985,T3,BESTEFFORT,MISSED,m7-1,106.179,"{'m1-1': 173.95, 'm2-1': 112.67, 'm3-1': 10.82, 'm4-1': 10.78, 'm5-1': 152.95, 'm6-1': 164.7, 'm7-1': 1.06, 'm8-1': 25.64}",0.10050000000001091,216.112,inf,216.179,216.179,216.179
986,T10,BESTEFFORT,MISSED,m7-1,106.322,"{'m1-1': 146.6, 'm2-1': 97.37, 'm3-1': 9.76, 'm4-1': 10.43, 'm5-1': 150.5, 'm6-1': 150.99, 'm7-1': 1.18, 'm8-1': 28.54}",0.21450000000000102,216.179,inf,216.322,216.322,216.322
987,T3,BESTEFFORT,COMPLETED,m7-1,108.711,"{'m1-1': 170.66, 'm2-1': 103.96, 'm3-1': 10.94, 'm4-1': 10.99, 'm5-1': 147.09, 'm6-1': 155.62, 'm7-1': 0.99, 'm8-1': 26.79}",1.4849999999999999,216.322,217.312,inf,218.711,218.711
988,T3,BESTEFFORT,COMPLETED,m7-1,108.747,"{'m1-1': 149.56, 'm2-1': 107.3, 'm3-1': 11.28, 'm4-1': 11.45, 'm5-1': 161.96, 'm6-1': 160.35, 'm7-1': 1.01, 'm8-1': 25.65}",1.5150000000000001,217.312,218.322,inf,218.747,218.747
989,T3,BESTEFFORT,MISSED,m7-1,108.884,"{'m1-1': 166.34, 'm2-1': 111.18, 'm3-1': 10.17, 'm4-1': 9.86, 'm5-1': 148.51, 'm6-1': 166.46, 'm7-1': 1.08, 'm8-1': 29.03}",0.8430000000000177,218.322,inf,218.88400000000001,218.88400000000001,218.88400000000001
990,T6,BESTEFFORT,COMPLETED,m7-1,110.596,"{'m1-1': 154.09, 'm2-1': 104.57, 'm3-1': 10.83, 'm4-1': 10.6, 'm5-1': 153.88, 'm6-1': 151.17, 'm7-1': 1.07, 'm8-1': 26.71}",1.605,218.88400000000001,219.954,inf,220.596,220.596
991,T6,BESTEFFORT,MISSED,m7-1,110.606,"{'m1-1': 151.18, 'm2-1': 94.42, 'm3-1': 10.69, 'm4-1': 11.38, 'm5-1': 159.49, 'm6-1': 167.91, 'm7-1': 0.98, 'm8-1': 25.31}",0.9779999999999802,219.954,inf,220.606,220.606,220.606
992,T3,BESTEFFORT,MISSED,m7-1,111.017,"{'m1-1': 162.3, 'm2-1': 110.74, 'm3-1': 9.58, 'm4-1': 9.98, 'm5-1': 157.28, 'm6-1': 148.94, 'm7-1': 0.99, 'm8-1': 25.78}",0.616500000000002,220.606,inf,221.017,221.017,221.017
993,T6,BESTEFFORT,MISSED,m7-1,111.671,"{'m1-1': 149.24, 'm2-1': 108.23, 'm3-1': 10.43, 'm4-1': 10.58, 'm5-1': 139.74, 'm6-1': 168.5, 'm7-1': 0.97, 'm8-1': 28.27}",0.9809999999999945,221.017,inf,221.671,221.671,221.671
994,T6,BESTEFFORT,MISSED,m7-1,111.679,"{'m1-1': 151.26, 'm2-1': 100.83, 'm3-1': 10.85, 'm4-1': 11.21, 'm5-1': 155.72, 'm6-1': 152.07, 'm7-1': 1.15, 'm8-1': 24.43}",0.012000000000014666,221.671,inf,221.679,221.679,221.679
995,T6,BESTEFFORT,MISSED,m7-1,112.62,"{'m1-1': 166.71, 'm2-1': 103.75, 'm3-1': 10.34, 'm4-1': 11.24, 'm5-1': 146.4, 'm6-1': 168.7, 'm7-1': 0.98, 'm8-1': 28.11}",1.4115000000000038,221.679,inf,222.62,222.62,222.62
996,T3,BESTEFFORT,MISSED,m7-1,112.765,"{'m1-1': 148.17, 'm2-1': 112.76, 'm3-1': 9.85, 'm4-1': 11.07, 'm5-1': 156.74, 'm6-1': 154.99, 'm7-1': 1.05, 'm8-1': 25.3}",0.21749999999997272,222.62,inf,222.765,222.765,222.765
997,T3,BESTEFFORT,MISSED,m7-1,113.42,"{'m1-1': 148.58, 'm2-1': 103.75, 'm3-1': 10.34, 'm4-1': 11.55, 'm5-1': 150.57, 'm6-1': 167.62, 'm7-1': 1.06, 'm8-1': 27.08}",0.9825000000000443,222.765,inf,223.42000000000002,223.42000000000002,223.42000000000002
998,T3,BESTEFFORT,MISSED,m7-1,113.622,"{'m1-1': 173.81, 'm2-1': 111.3, 'm3-1': 9.59, 'm4-1': 10.6, 'm5-1': 166.97, 'm6-1': 165.99, 'm7-1': 0.93, 'm8-1': 25.1}",0.30299999999999727,223.42000000000002,inf,223.622,223.622,223.622
999,T3,BESTEFFORT,COMPLETED,m7-1,114.737,"{'m1-1': 152.89, 'm2-1': 112.39, 'm3-1': 10.48, 'm4-1': 10.6, 'm5-1': 148.9, 'm6-1': 153.91, 'm7-1': 0.94, 'm8-1': 27.42}",1.41,223.622,224.562,inf,224.737,224.737
