id,type,urgency,status,assigned_machine,arrival_time,execution_time,energy_usage,start_time,completion_time,missed_time,deadline,extended_deadline
0,T1,BESTEFFORT,COMPLETED,m1-1,0.229,"{'m1-1': 11.3, 'm2-1': 111.4, 'm3-1': 1.09, 'm4-1': 10.61, 'm5-1': 9.65, 'm6-1': 99.55, 'm7-1': 116.49, 'm8-1': 96.05}",16.950000000000003,0.229,11.529,inf,150.229,150.229
1,T1,BESTEFFORT,COMPLETED,m2-1,0.238,"{'m1-1': 11.13, 'm2-1': 96.61, 'm3-1': 0.97, 'm4-1': 10.58, 'm5-1': 9.82, 'm6-1': 103.46, 'm7-1': 101.35, 'm8-1': 107.7}",144.915,0.238,96.848,inf,150.238,150.238
2,T2,BESTEFFORT,COMPLETED,m3-1,0.294,"{'m1-1': 11.15, 'm2-1': 112.38, 'm3-1': 0.99, 'm4-1': 10.51, 'm5-1': 10.39, 'm6-1': 103.23, 'm7-1': 105.6, 'm8-1': 103.29}",1.4849999999999999,0.294,1.284,inf,150.294,150.294
3,T1,BESTEFFORT,COMPLETED,m4-1,0.323,"{'m1-1': 11.52, 'm2-1': 101.03, 'm3-1': 0.95, 'm4-1': 9.82, 'm5-1': 11.15, 'm6-1': 105.4, 'm7-1': 117.52, 'm8-1': 109.43}",14.73,0.323,10.143,inf,150.323,150.323
4,T3,BESTEFFORT,COMPLETED,m5-1,0.44,"{'m1-1': 10.66, 'm2-1': 110.52, 'm3-1': 0.95, 'm4-1': 11.63, 'm5-1': 11.36, 'm6-1': 95.64, 'm7-1': 105.63, 'm8-1': 116.79}",17.04,0.44,11.799999999999999,inf,150.44,150.44
5,T3,BESTEFFORT,COMPLETED,m6-1,1.385,"{'m1-1': 9.76, 'm2-1': 101.36, 'm3-1': 0.98, 'm4-1': 11.32, 'm5-1': 11.2, 'm6-1': 94.44, 'm7-1': 98.42, 'm8-1': 103.22}",141.66,1.385,95.825,inf,151.385,151.385
6,T1,BESTEFFORT,COMPLETED,m7-1,1.631,"{'m1-1': 10.53, 'm2-1': 112.01, 'm3-1': 0.94, 'm4-1': 10.41, 'm5-1': 9.79, 'm6-1': 112.46, 'm7-1': 106.13, 'm8-1': 106.66}",159.195,1.631,107.761,inf,151.631,151.631
7,T4,BESTEFFORT,COMPLETED,m8-1,2.015,"{'m1-1': 9.4, 'm2-1': 114.9, 'm3-1': 0.99, 'm4-1': 10.94, 'm5-1': 10.9, 'm6-1': 113.61, 'm7-1': 96.39, 'm8-1': 101.33}",151.995,2.015,103.345,inf,152.015,152.015
8,T3,BESTEFFORT,COMPLETED,m1-1,2.057,"{'m1-1': 10.88, 'm2-1': 106.36, 'm3-1': 1.0, 'm4-1': 11.4, 'm5-1': 10.03, 'm6-1': 92.68, 'm7-1': 104.12, 'm8-1': 108.02}",16.32,11.529,22.409,inf,152.057,152.057
9,T1,BESTEFFORT,MISSED,m2-1,2.46,"{'m1-1': 11.14, 'm2-1': 102.93, 'm3-1': 1.06, 'm4-1': 9.54, 'm5-1': 10.25, 'm6-1': 112.87, 'm7-1': 116.87, 'm8-1': 104.45}",83.418,96.848,inf,152.46,152.46,152.46
10,T3,BESTEFFORT,COMPLETED,m3-1,2.519,"{'m1-1': 10.07, 'm2-1': 110.11, 'm3-1': 1.09, 'm4-1': 10.03, 'm5-1': 11.18, 'm6-1': 109.56, 'm7-1': 104.93, 'm8-1': 105.62}",1.6350000000000002,2.519,3.609,inf,152.519,152.519
11,T1,BESTEFFORT,COMPLETED,m4-1,2.772,"{'m1-1': 10.3, 'm2-1': 104.7, 'm3-1': 1.03, 'm4-1': 10.74, 'm5-1': 11.21, 'm6-1': 110.4, 'm7-1': 105.28, 'm8-1': 110.26}",16.11,10.143,20.883000000000003,inf,152.772,152.772
12,T3,BESTEFFORT,COMPLETED,m5-1,3.063,"{'m1-1': 10.16, 'm2-1': 102.79, 'm3-1': 1.05, 'm4-1': 10.52, 'm5-1': 11.18, 'm6-1': 93.56, 'm7-1': 96.85, 'm8-1': 105.02}",16.77,11.799999999999999,22.979999999999997,inf,153.063,153.063
13,T3,BESTEFFORT,MISSED,m6-1,3.286,"{'m1-1': 9.98, 'm2-1': 115.14, 'm3-1': 1.05, 'm4-1': 10.64, 'm5-1': 11.66, 'm6-1': 94.33, 'm7-1': 111.44, 'm8-1': 103.35}",86.19149999999999,95.825,inf,153.286,153.286,153.286
14,T4,BESTEFFORT,MISSED,m7-1,3.39,"{'m1-1': 10.8, 'm2-1': 111.32, 'm3-1': 1.08, 'm4-1': 10.25, 'm5-1': 9.91, 'm6-1': 108.15, 'm7-1': 109.78, 'm8-1': 98.97}",68.44349999999999,107.761,inf,153.39,153.39,153.39
15,T3,BESTEFFORT,MISSED,m8-1,3.656,"{'m1-1': 9.66, 'm2-1': 98.07, 'm3-1': 1.05, 'm4-1': 10.21, 'm5-1': 10.01, 'm6-1': 108.45, 'm7-1': 98.53, 'm8-1': 107.32}",75.46650000000001,103.345,inf,153.656,153.656,153.656
16,T3,BESTEFFORT,COMPLETED,m1-1,3.67,"{'m1-1': 10.92, 'm2-1': 97.5, 'm3-1': 1.13, 'm4-1': 10.83, 'm5-1': 11.3, 'm6-1': 93.65, 'm7-1': 108.12, 'm8-1': 104.72}",16.38,22.409,33.329,inf,153.67,153.67
17,T1,BESTEFFORT,MISSED,m2-1,4.15,"{'m1-1': 10.95, 'm2-1': 111.18, 'm3-1': 0.96, 'm4-1': 10.35, 'm5-1': 9.82, 'm6-1': 98.42, 'm7-1': 111.22, 'm8-1': 105.64}",2.5349999999999966,152.46,inf,154.15,154.15,154.15
18,T2,BESTEFFORT,COMPLETED,m3-1,4.248,"{'m1-1': 10.3, 'm2-1': 115.83, 'm3-1': 1.03, 'm4-1': 10.7, 'm5-1': 10.73, 'm6-1': 112.53, 'm7-1': 106.4, 'm8-1': 109.22}",1.545,4.248,5.2780000000000005,inf,154.248,154.248
19,T4,BESTEFFORT,COMPLETED,m4-1,4.556,"{'m1-1': 9.33, 'm2-1': 109.35, 'm3-1': 1.02, 'm4-1': 11.56, 'm5-1': 9.94, 'm6-1': 101.91, 'm7-1': 97.45, 'm8-1': 102.2}",17.34,20.883000000000003,32.443000000000005,inf,154.556,154.556
20,T4,BESTEFFORT,COMPLETED,m5-1,4.596,"{'m1-1': 10.18, 'm2-1': 106.66, 'm3-1': 1.06, 'm4-1': 10.2, 'm5-1': 9.92, 'm6-1': 101.62, 'm7-1': 111.79, 'm8-1': 109.18}",14.879999999999999,22.979999999999997,32.9,inf,154.596,154.596
21,T3,BESTEFFORT,MISSED,m6-1,5.051,"{'m1-1': 10.41, 'm2-1': 98.76, 'm3-1': 1.09, 'm4-1': 9.9, 'm5-1': 11.37, 'm6-1': 108.23, 'm7-1': 100.36, 'm8-1': 107.53}",2.6474999999999795,153.286,inf,155.051,155.051,155.051
22,T1,BESTEFFORT,MISSED,m7-1,5.282,"{'m1-1': 11.03, 'm2-1': 100.08, 'm3-1': 0.96, 'm4-1': 9.22, 'm5-1': 11.04, 'm6-1': 96.66, 'm7-1': 117.52, 'm8-1': 109.32}",2.8380000000000365,153.39,inf,155.282,155.282,155.282
23,T3,BESTEFFORT,MISSED,m8-1,5.362,"{'m1-1': 10.34, 'm2-1': 106.97, 'm3-1': 1.07, 'm4-1': 11.48, 'm5-1': 11.54, 'm6-1': 104.89, 'm7-1': 108.26, 'm8-1': 112.26}",2.5589999999999833,153.656,inf,155.362,155.362,155.362
24,T3,BESTEFFORT,COMPLETED,m1-1,5.599,"{'m1-1': 10.69, 'm2-1': 99.06, 'm3-1': 1.03, 'm4-1': 10.7, 'm5-1': 9.95, 'm6-1': 101.23, 'm7-1': 97.98, 'm8-1': 115.74}",16.035,33.329,44.019,inf,155.599,155.599
25,T1,BESTEFFORT,MISSED,m2-1,5.676,"{'m1-1': 10.18, 'm2-1': 103.16, 'm3-1': 1.06, 'm4-1': 9.7, 'm5-1': 11.06, 'm6-1': 110.61, 'm7-1': 107.6, 'm8-1': 104.6}",2.288999999999973,154.15,inf,155.676,155.676,155.676
26,T2,BESTEFFORT,COMPLETED,m3-1,5.971,"{'m1-1': 10.67, 'm2-1': 106.35, 'm3-1': 1.0, 'm4-1': 11.19, 'm5-1': 10.29, 'm6-1': 102.39, 'm7-1': 106.59, 'm8-1': 107.59}",1.5,5.971,6.971,inf,155.971,155.971
27,T4,BESTEFFORT,COMPLETED,m4-1,6.255,"{'m1-1': 10.21, 'm2-1': 104.45, 'm3-1': 1.03, 'm4-1': 11.75, 'm5-1': 10.89, 'm6-1': 97.62, 'm7-1': 111.1, 'm8-1': 97.46}",17.625,32.443000000000005,44.193000000000005,inf,156.255,156.255
28,T4,BESTEFFORT,COMPLETED,m5-1,6.366,"{'m1-1': 9.95, 'm2-1': 116.43, 'm3-1': 0.99, 'm4-1': 11.89, 'm5-1': 11.0, 'm6-1': 101.78, 'm7-1': 112.96, 'm8-1': 111.77}",16.5,32.9,43.9,inf,156.36599999999999,156.36599999999999
29,T4,BESTEFFORT,MISSED,m6-1,6.614,"{'m1-1': 10.25, 'm2-1': 103.82, 'm3-1': 0.99, 'm4-1': 11.12, 'm5-1': 10.86, 'm6-1': 113.95, 'm7-1': 114.04, 'm8-1': 108.12}",2.344500000000025,155.051,inf,156.614,156.614,156.614
30,T3,BESTEFFORT,MISSED,m7-1,6.665,"{'m1-1': 10.32, 'm2-1': 103.53, 'm3-1': 1.01, 'm4-1': 10.86, 'm5-1': 9.94, 'm6-1': 100.25, 'm7-1': 100.66, 'm8-1': 115.04}",2.074499999999972,155.282,inf,156.665,156.665,156.665
31,T4,BESTEFFORT,MISSED,m8-1,6.951,"{'m1-1': 10.6, 'm2-1': 113.19, 'm3-1': 1.02, 'm4-1': 11.5, 'm5-1': 10.17, 'm6-1': 106.7, 'm7-1': 106.69, 'm8-1': 100.64}",2.383499999999998,155.362,inf,156.951,156.951,156.951
32,T1,BESTEFFORT,ARRIVING,m1-1,7.743,"{'m1-1': 10.16, 'm2-1': 104.43, 'm3-1': 0.97, 'm4-1': 10.63, 'm5-1': 11.36, 'm6-1': 104.74, 'm7-1': 107.16, 'm8-1': 104.5}",0.0,inf,inf,inf,157.743,157.743
33,T1,BESTEFFORT,ARRIVING,m2-1,7.757,"{'m1-1': 11.05, 'm2-1': 111.04, 'm3-1': 1.01, 'm4-1': 10.76, 'm5-1': 10.03, 'm6-1': 109.3, 'm7-1': 107.78, 'm8-1': 94.16}",0.0,inf,inf,inf,157.757,157.757
34,T4,BESTEFFORT,COMPLETED,m3-1,8.003,"{'m1-1': 10.69, 'm2-1': 118.27, 'm3-1': 1.0, 'm4-1': 11.72, 'm5-1': 9.35, 'm6-1': 100.32, 'm7-1': 97.24, 'm8-1': 99.31}",1.5,8.003,9.003,inf,158.003,158.003
35,T4,BESTEFFORT,ARRIVING,m4-1,8.137,"{'m1-1': 9.48, 'm2-1': 112.89, 'm3-1': 0.93, 'm4-1': 11.02, 'm5-1': 10.13, 'm6-1': 109.38, 'm7-1': 109.57, 'm8-1': 107.56}",0.0,inf,inf,inf,158.137,158.137
36,T2,BESTEFFORT,ARRIVING,m5-1,8.333,"{'m1-1': 9.77, 'm2-1': 100.45, 'm3-1': 0.94, 'm4-1': 9.8, 'm5-1': 11.29, 'm6-1': 113.21, 'm7-1': 96.92, 'm8-1': 92.7}",0.0,inf,inf,inf,158.333,158.333
37,T3,BESTEFFORT,ARRIVING,m6-1,8.656,"{'m1-1': 9.62, 'm2-1': 107.28, 'm3-1': 1.06, 'm4-1': 10.98, 'm5-1': 10.01, 'm6-1': 106.27, 'm7-1': 101.54, 'm8-1': 103.18}",0.0,inf,inf,inf,158.656,158.656
38,T1,BESTEFFORT,ARRIVING,m7-1,9.0,"{'m1-1': 10.96, 'm2-1': 108.66, 'm3-1': 1.01, 'm4-1': 10.91, 'm5-1': 11.44, 'm6-1': 104.74, 'm7-1': 111.64, 'm8-1': 103.0}",0.0,inf,inf,inf,159.0,159.0
39,T2,BESTEFFORT,ARRIVING,m8-1,9.298,"{'m1-1': 10.18, 'm2-1': 102.06, 'm3-1': 1.04, 'm4-1': 10.75, 'm5-1': 10.8, 'm6-1': 98.17, 'm7-1': 100.28, 'm8-1': 97.08}",0.0,inf,inf,inf,159.298,159.298
40,T2,BESTEFFORT,ARRIVING,m1-1,10.122,"{'m1-1': 10.14, 'm2-1': 114.3, 'm3-1': 0.96, 'm4-1': 9.67, 'm5-1': 11.19, 'm6-1': 112.41, 'm7-1': 106.05, 'm8-1': 108.81}",0.0,inf,inf,inf,160.122,160.122
41,T4,BESTEFFORT,ARRIVING,m2-1,10.211,"{'m1-1': 10.1, 'm2-1': 113.19, 'm3-1': 1.0, 'm4-1': 11.18, 'm5-1': 9.42, 'm6-1': 99.51, 'm7-1': 97.46, 'm8-1': 110.14}",0.0,inf,inf,inf,160.211,160.211
42,T2,BESTEFFORT,COMPLETED,m3-1,10.46,"{'m1-1': 9.79, 'm2-1': 112.09, 'm3-1': 1.0, 'm4-1': 10.48, 'm5-1': 10.61, 'm6-1': 96.06, 'm7-1': 101.03, 'm8-1': 103.12}",1.5,10.46,11.46,inf,160.46,160.46
43,T1,BESTEFFORT,COMPLETED,m4-1,10.576,"{'m1-1': 10.81, 'm2-1': 104.97, 'm3-1': 0.98, 'm4-1': 10.36, 'm5-1': 10.02, 'm6-1': 102.16, 'm7-1': 108.57, 'm8-1': 108.51}",15.54,44.193000000000005,54.553000000000004,inf,160.576,160.576
44,T1,BESTEFFORT,ARRIVING,m5-1,10.854,"{'m1-1': 11.59, 'm2-1': 108.6, 'm3-1': 1.0, 'm4-1': 10.7, 'm5-1': 9.72, 'm6-1': 99.33, 'm7-1': 102.99, 'm8-1': 101.71}",0.0,inf,inf,inf,160.85399999999998,160.85399999999998
45,T4,BESTEFFORT,ARRIVING,m6-1,11.237,"{'m1-1': 10.85, 'm2-1': 103.44, 'm3-1': 0.98, 'm4-1': 10.36, 'm5-1': 10.13, 'm6-1': 109.76, 'm7-1': 101.18, 'm8-1': 100.77}",0.0,inf,inf,inf,161.237,161.237
46,T4,BESTEFFORT,ARRIVING,m7-1,11.427,"{'m1-1': 10.07, 'm2-1': 110.87, 'm3-1': 1.02, 'm4-1': 10.06, 'm5-1': 10.47, 'm6-1': 110.94, 'm7-1': 112.23, 'm8-1': 98.28}",0.0,inf,inf,inf,161.427,161.427
47,T4,BESTEFFORT,ARRIVING,m8-1,11.509,"{'m1-1': 10.27, 'm2-1': 103.53, 'm3-1': 1.02, 'm4-1': 10.8, 'm5-1': 9.74, 'm6-1': 97.67, 'm7-1': 97.64, 'm8-1': 106.17}",0.0,inf,inf,inf,161.50900000000001,161.50900000000001
48,T1,BESTEFFORT,COMPLETED,m1-1,11.594,"{'m1-1': 11.47, 'm2-1': 104.22, 'm3-1': 0.97, 'm4-1': 9.69, 'm5-1': 11.37, 'm6-1': 101.25, 'm7-1': 112.03, 'm8-1': 104.24}",17.205000000000002,44.019,55.489,inf,161.594,161.594
49,T2,BESTEFFORT,ARRIVING,m2-1,12.407,"{'m1-1': 11.05, 'm2-1': 110.32, 'm3-1': 0.96, 'm4-1': 10.31, 'm5-1': 11.35, 'm6-1': 106.4, 'm7-1': 104.47, 'm8-1': 104.46}",0.0,inf,inf,inf,162.407,162.407
50,T1,BESTEFFORT,COMPLETED,m3-1,12.679,"{'m1-1': 10.47, 'm2-1': 112.26, 'm3-1': 1.08, 'm4-1': 10.73, 'm5-1': 10.3, 'm6-1': 97.86, 'm7-1': 117.69, 'm8-1': 97.51}",1.62,12.679,13.759,inf,162.679,162.679
51,T2,BESTEFFORT,ARRIVING,m4-1,12.789,"{'m1-1': 10.07, 'm2-1': 111.31, 'm3-1': 1.01, 'm4-1': 10.85, 'm5-1': 10.01, 'm6-1': 110.52, 'm7-1': 111.19, 'm8-1': 94.7}",0.0,inf,inf,inf,162.789,162.789
52,T4,BESTEFFORT,COMPLETED,m5-1,13.345,"{'m1-1': 9.52, 'm2-1': 117.2, 'm3-1': 1.08, 'm4-1': 10.01, 'm5-1': 9.35, 'm6-1': 97.37, 'm7-1': 109.54, 'm8-1': 105.63}",14.024999999999999,43.9,53.25,inf,163.345,163.345
53,T4,BESTEFFORT,ARRIVING,m6-1,13.648,"{'m1-1': 10.21, 'm2-1': 112.6, 'm3-1': 1.0, 'm4-1': 11.88, 'm5-1': 10.54, 'm6-1': 102.86, 'm7-1': 105.98, 'm8-1': 95.03}",0.0,inf,inf,inf,163.648,163.648
54,T1,BESTEFFORT,ARRIVING,m7-1,13.706,"{'m1-1': 11.28, 'm2-1': 100.42, 'm3-1': 1.0, 'm4-1': 9.99, 'm5-1': 10.06, 'm6-1': 108.99, 'm7-1': 113.96, 'm8-1': 94.56}",0.0,inf,inf,inf,163.706,163.706
55,T4,BESTEFFORT,ARRIVING,m8-1,14.288,"{'m1-1': 9.71, 'm2-1': 112.25, 'm3-1': 0.93, 'm4-1': 10.18, 'm5-1': 10.54, 'm6-1': 105.04, 'm7-1': 96.44, 'm8-1': 105.12}",0.0,inf,inf,inf,164.288,164.288
56,T3,BESTEFFORT,ARRIVING,m1-1,15.295,"{'m1-1': 10.67, 'm2-1': 103.39, 'm3-1': 1.01, 'm4-1': 11.61, 'm5-1': 10.27, 'm6-1': 108.96, 'm7-1': 109.67, 'm8-1': 105.97}",0.0,inf,inf,inf,165.295,165.295
57,T1,BESTEFFORT,ARRIVING,m2-1,15.374,"{'m1-1': 9.97, 'm2-1': 111.85, 'm3-1': 1.06, 'm4-1': 10.34, 'm5-1': 11.3, 'm6-1': 109.32, 'm7-1': 107.48, 'm8-1': 98.31}",0.0,inf,inf,inf,165.374,165.374
58,T4,BESTEFFORT,COMPLETED,m3-1,15.382,"{'m1-1': 10.92, 'm2-1': 115.61, 'm3-1': 1.02, 'm4-1': 11.27, 'm5-1': 9.79, 'm6-1': 104.62, 'm7-1': 106.6, 'm8-1': 109.41}",1.53,15.382,16.402,inf,165.382,165.382
59,T4,BESTEFFORT,ARRIVING,m4-1,15.512,"{'m1-1': 9.82, 'm2-1': 113.29, 'm3-1': 1.07, 'm4-1': 10.64, 'm5-1': 11.02, 'm6-1': 97.45, 'm7-1': 98.77, 'm8-1': 103.74}",0.0,inf,inf,inf,165.512,165.512
60,T4,BESTEFFORT,ARRIVING,m5-1,15.525,"{'m1-1': 9.61, 'm2-1': 114.0, 'm3-1': 1.07, 'm4-1': 10.13, 'm5-1': 9.6, 'm6-1': 97.88, 'm7-1': 112.63, 'm8-1': 103.96}",0.0,inf,inf,inf,165.525,165.525
61,T2,BESTEFFORT,ARRIVING,m6-1,15.55,"{'m1-1': 9.65, 'm2-1': 108.65, 'm3-1': 1.0, 'm4-1': 9.5, 'm5-1': 10.17, 'm6-1': 109.2, 'm7-1': 106.01, 'm8-1': 107.45}",0.0,inf,inf,inf,165.55,165.55
62,T3,BESTEFFORT,ARRIVING,m7-1,15.567,"{'m1-1': 11.04, 'm2-1': 99.08, 'm3-1': 1.1, 'm4-1': 11.61, 'm5-1': 10.08, 'm6-1': 106.91, 'm7-1': 106.04, 'm8-1': 117.49}",0.0,inf,inf,inf,165.567,165.567
63,T3,BESTEFFORT,ARRIVING,m8-1,15.688,"{'m1-1': 9.47, 'm2-1': 110.89, 'm3-1': 0.99, 'm4-1': 11.21, 'm5-1': 11.62, 'm6-1': 101.06, 'm7-1': 110.24, 'm8-1': 103.35}",0.0,inf,inf,inf,165.688,165.688
64,T4,BESTEFFORT,ARRIVING,m1-1,15.988,"{'m1-1': 10.43, 'm2-1': 104.59, 'm3-1': 0.93, 'm4-1': 11.51, 'm5-1': 9.46, 'm6-1': 97.75, 'm7-1': 103.38, 'm8-1': 110.73}",0.0,inf,inf,inf,165.988,165.988
65,T2,BESTEFFORT,ARRIVING,m2-1,16.434,"{'m1-1': 10.36, 'm2-1': 112.78, 'm3-1': 0.98, 'm4-1': 11.21, 'm5-1': 10.89, 'm6-1': 104.14, 'm7-1': 111.38, 'm8-1': 102.51}",0.0,inf,inf,inf,166.434,166.434
66,T2,BESTEFFORT,COMPLETED,m3-1,16.491,"{'m1-1': 9.88, 'm2-1': 102.0, 'm3-1': 1.04, 'm4-1': 10.15, 'm5-1': 10.45, 'm6-1': 98.91, 'm7-1': 111.6, 'm8-1': 102.52}",1.56,16.491,17.531,inf,166.49099999999999,166.49099999999999
67,T3,BESTEFFORT,ARRIVING,m4-1,16.629,"{'m1-1': 10.9, 'm2-1': 111.37, 'm3-1': 1.02, 'm4-1': 11.46, 'm5-1': 11.01, 'm6-1': 102.85, 'm7-1': 99.92, 'm8-1': 113.94}",0.0,inf,inf,inf,166.629,166.629
68,T3,BESTEFFORT,ARRIVING,m5-1,17.279,"{'m1-1': 10.03, 'm2-1': 112.17, 'm3-1': 1.12, 'm4-1': 10.61, 'm5-1': 10.74, 'm6-1': 93.29, 'm7-1': 109.28, 'm8-1': 114.38}",0.0,inf,inf,inf,167.279,167.279
69,T3,BESTEFFORT,ARRIVING,m6-1,17.572,"{'m1-1': 9.98, 'm2-1': 102.67, 'm3-1': 1.03, 'm4-1': 11.16, 'm5-1': 11.43, 'm6-1': 95.51, 'm7-1': 94.68, 'm8-1': 114.9}",0.0,inf,inf,inf,167.572,167.572
70,T4,BESTEFFORT,ARRIVING,m7-1,17.953,"{'m1-1': 9.85, 'm2-1': 114.94, 'm3-1': 1.07, 'm4-1': 10.16, 'm5-1': 10.21, 'm6-1': 108.15, 'm7-1': 111.96, 'm8-1': 99.72}",0.0,inf,inf,inf,167.953,167.953
71,T2,BESTEFFORT,ARRIVING,m8-1,18.015,"{'m1-1': 10.69, 'm2-1': 100.74, 'm3-1': 1.05, 'm4-1': 9.75, 'm5-1': 10.22, 'm6-1': 98.32, 'm7-1': 113.38, 'm8-1': 108.26}",0.0,inf,inf,inf,168.015,168.015
72,T3,BESTEFFORT,ARRIVING,m1-1,19.393,"{'m1-1': 10.59, 'm2-1': 102.1, 'm3-1': 1.13, 'm4-1': 10.49, 'm5-1': 11.05, 'm6-1': 98.91, 'm7-1': 104.67, 'm8-1': 104.05}",0.0,inf,inf,inf,169.393,169.393
73,T2,BESTEFFORT,ARRIVING,m2-1,20.308,"{'m1-1': 10.97, 'm2-1': 107.48, 'm3-1': 0.93, 'm4-1': 10.62, 'm5-1': 10.28, 'm6-1': 102.72, 'm7-1': 102.0, 'm8-1': 99.67}",0.0,inf,inf,inf,170.308,170.308
74,T3,BESTEFFORT,COMPLETED,m3-1,20.36,"{'m1-1': 9.69, 'm2-1': 100.72, 'm3-1': 1.1, 'm4-1': 11.08, 'm5-1': 10.81, 'm6-1': 98.68, 'm7-1': 101.62, 'm8-1': 103.72}",1.6500000000000001,20.36,21.46,inf,170.36,170.36
75,T4,BESTEFFORT,ARRIVING,m4-1,20.746,"{'m1-1': 11.0, 'm2-1': 115.41, 'm3-1': 0.96, 'm4-1': 11.7, 'm5-1': 10.6, 'm6-1': 99.39, 'm7-1': 112.77, 'm8-1': 112.48}",0.0,inf,inf,inf,170.746,170.746
76,T2,BESTEFFORT,ARRIVING,m5-1,20.871,"{'m1-1': 9.57, 'm2-1': 108.38, 'm3-1': 1.06, 'm4-1': 11.06, 'm5-1': 11.24, 'm6-1': 99.42, 'm7-1': 114.02, 'm8-1': 102.04}",0.0,inf,inf,inf,170.871,170.871
77,T1,BESTEFFORT,ARRIVING,m6-1,20.916,"{'m1-1': 11.61, 'm2-1': 95.11, 'm3-1': 0.94, 'm4-1': 10.58, 'm5-1': 9.84, 'm6-1': 111.07, 'm7-1': 102.01, 'm8-1': 102.6}",0.0,inf,inf,inf,170.916,170.916
78,T3,BESTEFFORT,ARRIVING,m7-1,20.942,"{'m1-1': 10.9, 'm2-1': 107.64, 'm3-1': 0.98, 'm4-1': 10.44, 'm5-1': 11.14, 'm6-1': 99.08, 'm7-1': 108.44, 'm8-1': 103.98}",0.0,inf,inf,inf,170.942,170.942
79,T4,BESTEFFORT,ARRIVING,m8-1,21.113,"{'m1-1': 9.99, 'm2-1': 112.43, 'm3-1': 1.0, 'm4-1': 10.18, 'm5-1': 9.63, 'm6-1': 103.34, 'm7-1': 104.59, 'm8-1': 97.83}",0.0,inf,inf,inf,171.113,171.113
80,T3,BESTEFFORT,ARRIVING,m1-1,21.42,"{'m1-1': 10.42, 'm2-1': 100.28, 'm3-1': 1.13, 'm4-1': 11.52, 'm5-1': 11.14, 'm6-1': 108.57, 'm7-1': 99.38, 'm8-1': 111.33}",0.0,inf,inf,inf,171.42000000000002,171.42000000000002
81,T4,BESTEFFORT,ARRIVING,m2-1,21.494,"{'m1-1': 10.09, 'm2-1': 113.81, 'm3-1': 0.93, 'm4-1': 11.79, 'm5-1': 10.32, 'm6-1': 105.77, 'm7-1': 108.25, 'm8-1': 101.88}",0.0,inf,inf,inf,171.494,171.494
82,T2,BESTEFFORT,COMPLETED,m3-1,21.512,"{'m1-1': 10.47, 'm2-1': 112.9, 'm3-1': 1.04, 'm4-1': 11.1, 'm5-1': 11.25, 'm6-1': 107.57, 'm7-1': 104.88, 'm8-1': 105.92}",1.56,21.512,22.552,inf,171.512,171.512
83,T1,BESTEFFORT,COMPLETED,m4-1,21.753,"{'m1-1': 10.99, 'm2-1': 109.02, 'm3-1': 1.1, 'm4-1': 9.24, 'm5-1': 10.48, 'm6-1': 107.0, 'm7-1': 105.28, 'm8-1': 108.99}",13.86,54.553000000000004,63.793000000000006,inf,171.753,171.753
84,T3,BESTEFFORT,ARRIVING,m5-1,21.78,"{'m1-1': 10.33, 'm2-1': 99.42, 'm3-1': 1.07, 'm4-1': 10.49, 'm5-1': 11.4, 'm6-1': 102.21, 'm7-1': 106.69, 'm8-1': 116.43}",0.0,inf,inf,inf,171.78,171.78
85,T1,BESTEFFORT,ARRIVING,m6-1,22.056,"{'m1-1': 10.63, 'm2-1': 104.43, 'm3-1': 1.09, 'm4-1': 10.1, 'm5-1': 9.76, 'm6-1': 97.51, 'm7-1': 101.46, 'm8-1': 109.44}",0.0,inf,inf,inf,172.056,172.056
86,T3,BESTEFFORT,ARRIVING,m7-1,22.151,"{'m1-1': 10.05, 'm2-1': 112.54, 'm3-1': 1.13, 'm4-1': 10.32, 'm5-1': 10.13, 'm6-1': 103.27, 'm7-1': 99.25, 'm8-1': 111.08}",0.0,inf,inf,inf,172.151,172.151
87,T2,BESTEFFORT,ARRIVING,m8-1,23.257,"{'m1-1': 10.1, 'm2-1': 101.52, 'm3-1': 0.93, 'm4-1': 9.68, 'm5-1': 11.36, 'm6-1': 108.74, 'm7-1': 113.64, 'm8-1': 95.76}",0.0,inf,inf,inf,173.257,173.257
88,T2,BESTEFFORT,COMPLETED,m1-1,23.258,"{'m1-1': 11.11, 'm2-1': 113.75, 'm3-1': 1.07, 'm4-1': 9.8, 'm5-1': 10.7, 'm6-1': 99.14, 'm7-1': 106.14, 'm8-1': 98.62}",16.665,55.489,66.59899999999999,inf,173.258,173.258
89,T3,BESTEFFORT,ARRIVING,m2-1,23.383,"{'m1-1': 10.95, 'm2-1': 102.59, 'm3-1': 0.95, 'm4-1': 10.88, 'm5-1': 10.54, 'm6-1': 97.88, 'm7-1': 105.03, 'm8-1': 102.87}",0.0,inf,inf,inf,173.383,173.383
90,T4,BESTEFFORT,COMPLETED,m3-1,23.825,"{'m1-1': 10.18, 'm2-1': 111.96, 'm3-1': 1.06, 'm4-1': 10.98, 'm5-1': 9.74, 'm6-1': 101.15, 'm7-1': 107.62, 'm8-1': 109.62}",1.59,23.825,24.884999999999998,inf,173.825,173.825
91,T4,BESTEFFORT,ARRIVING,m4-1,23.966,"{'m1-1': 9.52, 'm2-1': 102.82, 'm3-1': 1.04, 'm4-1': 11.09, 'm5-1': 11.05, 'm6-1': 100.73, 'm7-1': 103.64, 'm8-1': 111.64}",0.0,inf,inf,inf,173.966,173.966
92,T1,BESTEFFORT,COMPLETED,m5-1,24.055,"{'m1-1': 11.59, 'm2-1': 97.6, 'm3-1': 0.92, 'm4-1': 9.39, 'm5-1': 10.34, 'm6-1': 107.92, 'm7-1': 101.43, 'm8-1': 105.07}",15.51,53.25,63.59,inf,174.055,174.055
93,T4,BESTEFFORT,ARRIVING,m6-1,24.119,"{'m1-1': 9.63, 'm2-1': 108.09, 'm3-1': 1.01, 'm4-1': 11.62, 'm5-1': 9.88, 'm6-1': 113.55, 'm7-1': 107.52, 'm8-1': 110.47}",0.0,inf,inf,inf,174.119,174.119
94,T1,BESTEFFORT,ARRIVING,m7-1,24.23,"{'m1-1': 10.26, 'm2-1': 107.35, 'm3-1': 0.94, 'm4-1': 10.0, 'm5-1': 10.16, 'm6-1': 101.2, 'm7-1': 105.5, 'm8-1': 99.48}",0.0,inf,inf,inf,174.23,174.23
95,T2,BESTEFFORT,ARRIVING,m8-1,24.423,"{'m1-1': 10.15, 'm2-1': 101.4, 'm3-1': 0.92, 'm4-1': 10.21, 'm5-1': 10.11, 'm6-1': 101.5, 'm7-1': 96.53, 'm8-1': 98.15}",0.0,inf,inf,inf,174.423,174.423
96,T4,BESTEFFORT,ARRIVING,m1-1,24.584,"{'m1-1': 11.01, 'm2-1': 107.17, 'm3-1': 1.07, 'm4-1': 10.87, 'm5-1': 10.36, 'm6-1': 114.16, 'm7-1': 112.51, 'm8-1': 98.37}",0.0,inf,inf,inf,174.584,174.584
97,T2,BESTEFFORT,ARRIVING,m2-1,24.711,"{'m1-1': 10.89, 'm2-1': 109.85, 'm3-1': 1.01, 'm4-1': 10.79, 'm5-1': 11.58, 'm6-1': 109.11, 'm7-1': 112.16, 'm8-1': 100.12}",0.0,inf,inf,inf,174.711,174.711
98,T2,BESTEFFORT,COMPLETED,m3-1,25.004,"{'m1-1': 10.04, 'm2-1': 99.92, 'm3-1': 0.97, 'm4-1': 9.9, 'm5-1': 10.71, 'm6-1': 96.54, 'm7-1': 108.46, 'm8-1': 96.58}",1.455,25.004,25.974,inf,175.004,175.004
99,T3,BESTEFFORT,ARRIVING,m4-1,25.036,"{'m1-1': 9.68, 'm2-1': 115.6, 'm3-1': 0.97, 'm4-1': 11.22, 'm5-1': 10.24, 'm6-1': 93.4, 'm7-1': 104.34, 'm8-1': 105.74}",0.0,inf,inf,inf,175.036,175.036
100,T2,BESTEFFORT,ARRIVING,m5-1,25.431,"{'m1-1': 10.79, 'm2-1': 108.03, 'm3-1': 0.97, 'm4-1': 10.25, 'm5-1': 10.29, 'm6-1': 96.54, 'm7-1': 111.38, 'm8-1': 96.02}",0.0,inf,inf,inf,175.431,175.431
101,T1,BESTEFFORT,ARRIVING,m6-1,25.621,"{'m1-1': 9.92, 'm2-1': 107.3, 'm3-1': 1.04, 'm4-1': 10.49, 'm5-1': 11.42, 'm6-1': 105.06, 'm7-1': 116.87, 'm8-1': 109.48}",0.0,inf,inf,inf,175.621,175.621
102,T4,BESTEFFORT,ARRIVING,m7-1,26.258,"{'m1-1': 10.51, 'm2-1': 109.76, 'm3-1': 1.02, 'm4-1': 11.46, 'm5-1': 9.61, 'm6-1': 114.42, 'm7-1': 113.88, 'm8-1': 104.96}",0.0,inf,inf,inf,176.258,176.258
103,T4,BESTEFFORT,ARRIVING,m8-1,26.482,"{'m1-1': 9.29, 'm2-1': 117.66, 'm3-1': 1.08, 'm4-1': 11.01, 'm5-1': 9.79, 'm6-1': 106.2, 'm7-1': 99.62, 'm8-1': 103.71}",0.0,inf,inf,inf,176.482,176.482
104,T3,BESTEFFORT,ARRIVING,m1-1,26.549,"{'m1-1': 10.31, 'm2-1': 101.03, 'm3-1': 1.04, 'm4-1': 10.17, 'm5-1': 10.9, 'm6-1': 105.02, 'm7-1': 108.07, 'm8-1': 112.4}",0.0,inf,inf,inf,176.549,176.549
105,T2,BESTEFFORT,ARRIVING,m2-1,26.921,"{'m1-1': 9.61, 'm2-1': 101.89, 'm3-1': 1.08, 'm4-1': 10.8, 'm5-1': 10.58, 'm6-1': 105.76, 'm7-1': 105.16, 'm8-1': 109.24}",0.0,inf,inf,inf,176.921,176.921
106,T1,BESTEFFORT,COMPLETED,m3-1,27.252,"{'m1-1': 10.37, 'm2-1': 95.44, 'm3-1': 0.99, 'm4-1': 9.28, 'm5-1': 10.55, 'm6-1': 96.97, 'm7-1': 116.83, 'm8-1': 94.56}",1.4849999999999999,27.252,28.241999999999997,inf,177.252,177.252
107,T4,BESTEFFORT,ARRIVING,m4-1,27.267,"{'m1-1': 10.54, 'm2-1': 114.0, 'm3-1': 0.99, 'm4-1': 10.89, 'm5-1': 10.31, 'm6-1': 109.98, 'm7-1': 110.9, 'm8-1': 100.86}",0.0,inf,inf,inf,177.267,177.267
108,T2,BESTEFFORT,ARRIVING,m5-1,27.642,"{'m1-1': 10.35, 'm2-1': 109.38, 'm3-1': 0.94, 'm4-1': 10.74, 'm5-1': 11.44, 'm6-1': 109.28, 'm7-1': 98.82, 'm8-1': 109.24}",0.0,inf,inf,inf,177.642,177.642
109,T3,BESTEFFORT,ARRIVING,m6-1,27.674,"{'m1-1': 10.89, 'm2-1': 102.59, 'm3-1': 1.12, 'm4-1': 11.1, 'm5-1': 10.0, 'm6-1': 97.82, 'm7-1': 97.9, 'm8-1': 103.63}",0.0,inf,inf,inf,177.674,177.674
110,T4,BESTEFFORT,ARRIVING,m7-1,28.131,"{'m1-1': 11.01, 'm2-1': 117.75, 'm3-1': 0.99, 'm4-1': 11.15, 'm5-1': 9.76, 'm6-1': 105.4, 'm7-1': 99.38, 'm8-1': 102.43}",0.0,inf,inf,inf,178.131,178.131
111,T3,BESTEFFORT,ARRIVING,m8-1,28.227,"{'m1-1': 10.96, 'm2-1': 108.21, 'm3-1': 1.02, 'm4-1': 11.3, 'm5-1': 11.33, 'm6-1': 97.63, 'm7-1': 102.31, 'm8-1': 118.05}",0.0,inf,inf,inf,178.227,178.227
112,T4,BESTEFFORT,ARRIVING,m1-1,28.469,"{'m1-1': 10.76, 'm2-1': 111.16, 'm3-1': 1.04, 'm4-1': 10.4, 'm5-1': 10.84, 'm6-1': 97.66, 'm7-1': 106.6, 'm8-1': 98.21}",0.0,inf,inf,inf,178.469,178.469
113,T1,BESTEFFORT,ARRIVING,m2-1,28.537,"{'m1-1': 11.42, 'm2-1': 111.28, 'm3-1': 1.03, 'm4-1': 10.29, 'm5-1': 10.68, 'm6-1': 101.61, 'm7-1': 104.06, 'm8-1': 101.45}",0.0,inf,inf,inf,178.537,178.537
114,T2,BESTEFFORT,COMPLETED,m3-1,28.697,"{'m1-1': 10.44, 'm2-1': 108.57, 'm3-1': 1.07, 'm4-1': 9.72, 'm5-1': 10.22, 'm6-1': 107.1, 'm7-1': 100.68, 'm8-1': 106.26}",1.605,28.697,29.767,inf,178.697,178.697
115,T2,BESTEFFORT,ARRIVING,m4-1,29.168,"{'m1-1': 9.68, 'm2-1': 114.61, 'm3-1': 0.98, 'm4-1': 9.51, 'm5-1': 11.32, 'm6-1': 102.04, 'm7-1': 108.36, 'm8-1': 106.58}",0.0,inf,inf,inf,179.168,179.168
116,T2,BESTEFFORT,ARRIVING,m5-1,29.231,"{'m1-1': 10.44, 'm2-1': 99.45, 'm3-1': 1.03, 'm4-1': 10.11, 'm5-1': 10.3, 'm6-1': 98.78, 'm7-1': 112.53, 'm8-1': 102.82}",0.0,inf,inf,inf,179.231,179.231
117,T1,BESTEFFORT,ARRIVING,m6-1,29.315,"{'m1-1': 11.22, 'm2-1': 111.49, 'm3-1': 1.0, 'm4-1': 10.01, 'm5-1': 10.92, 'm6-1': 102.32, 'm7-1': 105.17, 'm8-1': 100.74}",0.0,inf,inf,inf,179.315,179.315
118,T1,BESTEFFORT,ARRIVING,m7-1,29.738,"{'m1-1': 10.05, 'm2-1': 98.5, 'm3-1': 1.02, 'm4-1': 10.83, 'm5-1': 10.19, 'm6-1': 96.65, 'm7-1': 116.94, 'm8-1': 105.27}",0.0,inf,inf,inf,179.738,179.738
119,T2,BESTEFFORT,ARRIVING,m8-1,30.519,"{'m1-1': 9.93, 'm2-1': 108.0, 'm3-1': 0.96, 'm4-1': 10.15, 'm5-1': 10.64, 'm6-1': 113.6, 'm7-1': 104.32, 'm8-1': 102.56}",0.0,inf,inf,inf,180.519,180.519
120,T4,BESTEFFORT,ARRIVING,m1-1,30.795,"{'m1-1': 10.78, 'm2-1': 110.07, 'm3-1': 1.07, 'm4-1': 11.21, 'm5-1': 9.57, 'm6-1': 100.73, 'm7-1': 109.49, 'm8-1': 109.11}",0.0,inf,inf,inf,180.79500000000002,180.79500000000002
121,T1,BESTEFFORT,ARRIVING,m2-1,31.036,"{'m1-1': 10.06, 'm2-1': 96.81, 'm3-1': 1.03, 'm4-1': 9.35, 'm5-1': 9.87, 'm6-1': 108.82, 'm7-1': 106.92, 'm8-1': 95.09}",0.0,inf,inf,inf,181.036,181.036
122,T2,BESTEFFORT,COMPLETED,m3-1,31.19,"{'m1-1': 10.72, 'm2-1': 100.17, 'm3-1': 0.93, 'm4-1': 10.98, 'm5-1': 11.46, 'm6-1': 96.99, 'm7-1': 103.72, 'm8-1': 100.52}",1.395,31.19,32.120000000000005,inf,181.19,181.19
123,T4,BESTEFFORT,ARRIVING,m4-1,31.296,"{'m1-1': 10.33, 'm2-1': 108.09, 'm3-1': 0.96, 'm4-1': 11.61, 'm5-1': 10.9, 'm6-1': 107.14, 'm7-1': 109.56, 'm8-1': 107.53}",0.0,inf,inf,inf,181.296,181.296
124,T3,BESTEFFORT,ARRIVING,m5-1,31.309,"{'m1-1': 11.1, 'm2-1': 107.59, 'm3-1': 1.03, 'm4-1': 10.41, 'm5-1': 9.86, 'm6-1': 109.72, 'm7-1': 98.52, 'm8-1': 117.99}",0.0,inf,inf,inf,181.309,181.309
125,T4,BESTEFFORT,ARRIVING,m6-1,31.363,"{'m1-1': 10.86, 'm2-1': 102.46, 'm3-1': 1.08, 'm4-1': 11.19, 'm5-1': 10.01, 'm6-1': 106.08, 'm7-1': 113.18, 'm8-1': 112.42}",0.0,inf,inf,inf,181.363,181.363
126,T2,BESTEFFORT,ARRIVING,m7-1,31.442,"{'m1-1': 10.19, 'm2-1': 102.16, 'm3-1': 0.96, 'm4-1': 10.62, 'm5-1': 10.12, 'm6-1': 106.93, 'm7-1': 109.65, 'm8-1': 93.78}",0.0,inf,inf,inf,181.442,181.442
127,T1,BESTEFFORT,ARRIVING,m8-1,31.543,"{'m1-1': 10.78, 'm2-1': 106.55, 'm3-1': 1.0, 'm4-1': 9.29, 'm5-1': 10.62, 'm6-1': 113.4, 'm7-1': 99.84, 'm8-1': 104.2}",0.0,inf,inf,inf,181.543,181.543
128,T2,BESTEFFORT,ARRIVING,m1-1,31.641,"{'m1-1': 10.58, 'm2-1': 105.27, 'm3-1': 0.98, 'm4-1': 10.78, 'm5-1': 11.79, 'm6-1': 101.86, 'm7-1': 99.87, 'm8-1': 97.33}",0.0,inf,inf,inf,181.641,181.641
129,T2,BESTEFFORT,ARRIVING,m2-1,31.805,"{'m1-1': 10.26, 'm2-1': 108.84, 'm3-1': 1.04, 'm4-1': 9.52, 'm5-1': 10.05, 'm6-1': 106.16, 'm7-1': 105.7, 'm8-1': 104.12}",0.0,inf,inf,inf,181.805,181.805
130,T1,BESTEFFORT,COMPLETED,m3-1,31.864,"{'m1-1': 10.74, 'm2-1': 109.05, 'm3-1': 0.99, 'm4-1': 9.5, 'm5-1': 10.46, 'm6-1': 112.59, 'm7-1': 116.83, 'm8-1': 99.39}",1.4849999999999999,32.120000000000005,33.11000000000001,inf,181.864,181.864
131,T2,BESTEFFORT,ARRIVING,m4-1,32.113,"{'m1-1': 9.79, 'm2-1': 115.81, 'm3-1': 1.01, 'm4-1': 10.11, 'm5-1': 11.65, 'm6-1': 100.96, 'm7-1': 98.31, 'm8-1': 107.77}",0.0,inf,inf,inf,182.113,182.113
132,T2,BESTEFFORT,ARRIVING,m5-1,32.178,"{'m1-1': 11.01, 'm2-1': 101.74, 'm3-1': 1.08, 'm4-1': 11.12, 'm5-1': 11.62, 'm6-1': 107.95, 'm7-1': 101.79, 'm8-1': 100.75}",0.0,inf,inf,inf,182.178,182.178
133,T1,BESTEFFORT,ARRIVING,m6-1,32.249,"{'m1-1': 9.96, 'm2-1': 108.42, 'm3-1': 1.06, 'm4-1': 9.54, 'm5-1': 10.8, 'm6-1': 103.25, 'm7-1': 109.49, 'm8-1': 98.54}",0.0,inf,inf,inf,182.249,182.249
134,T1,BESTEFFORT,ARRIVING,m7-1,32.478,"{'m1-1': 10.61, 'm2-1': 100.74, 'm3-1': 0.98, 'm4-1': 9.95, 'm5-1': 9.82, 'm6-1': 104.57, 'm7-1': 111.13, 'm8-1': 95.4}",0.0,inf,inf,inf,182.478,182.478
135,T2,BESTEFFORT,ARRIVING,m8-1,32.845,"{'m1-1': 11.11, 'm2-1': 105.36, 'm3-1': 0.97, 'm4-1': 10.08, 'm5-1': 10.07, 'm6-1': 111.64, 'm7-1': 96.28, 'm8-1': 98.16}",0.0,inf,inf,inf,182.845,182.845
136,T2,BESTEFFORT,ARRIVING,m1-1,33.053,"{'m1-1': 10.18, 'm2-1': 105.33, 'm3-1': 0.94, 'm4-1': 9.8, 'm5-1': 11.77, 'm6-1': 107.1, 'm7-1': 108.5, 'm8-1': 99.16}",0.0,inf,inf,inf,183.053,183.053
137,T3,BESTEFFORT,ARRIVING,m2-1,33.44,"{'m1-1': 9.8, 'm2-1': 103.14, 'm3-1': 1.03, 'm4-1': 10.09, 'm5-1': 11.53, 'm6-1': 102.85, 'm7-1': 96.63, 'm8-1': 102.66}",0.0,inf,inf,inf,183.44,183.44
138,T2,BESTEFFORT,COMPLETED,m3-1,33.48,"{'m1-1': 10.92, 'm2-1': 109.32, 'm3-1': 1.02, 'm4-1': 11.29, 'm5-1': 10.01, 'm6-1': 98.04, 'm7-1': 103.04, 'm8-1': 96.46}",1.53,33.48,34.5,inf,183.48,183.48
139,T3,BESTEFFORT,COMPLETED,m4-1,34.074,"{'m1-1': 9.47, 'm2-1': 112.51, 'm3-1': 0.99, 'm4-1': 10.26, 'm5-1': 11.19, 'm6-1': 95.77, 'm7-1': 96.63, 'm8-1': 105.46}",15.39,63.793000000000006,74.05300000000001,inf,184.074,184.074
140,T1,BESTEFFORT,COMPLETED,m5-1,34.133,"{'m1-1': 10.13, 'm2-1': 105.37, 'm3-1': 1.0, 'm4-1': 9.33, 'm5-1': 10.52, 'm6-1': 106.59, 'm7-1': 113.28, 'm8-1': 99.81}",15.78,63.59,74.11,inf,184.133,184.133
141,T3,BESTEFFORT,ARRIVING,m6-1,34.67,"{'m1-1': 10.84, 'm2-1': 114.1, 'm3-1': 1.01, 'm4-1': 10.27, 'm5-1': 11.33, 'm6-1': 101.19, 'm7-1': 99.33, 'm8-1': 114.35}",0.0,inf,inf,inf,184.67000000000002,184.67000000000002
142,T1,BESTEFFORT,ARRIVING,m7-1,35.221,"{'m1-1': 11.72, 'm2-1': 111.27, 'm3-1': 1.03, 'm4-1': 10.15, 'm5-1': 11.45, 'm6-1': 110.6, 'm7-1': 105.44, 'm8-1': 108.66}",0.0,inf,inf,inf,185.221,185.221
143,T4,BESTEFFORT,ARRIVING,m8-1,35.313,"{'m1-1': 11.04, 'm2-1': 114.09, 'm3-1': 1.02, 'm4-1': 11.81, 'm5-1': 10.9, 'm6-1': 103.66, 'm7-1': 98.64, 'm8-1': 98.96}",0.0,inf,inf,inf,185.313,185.313
144,T2,BESTEFFORT,COMPLETED,m1-1,35.474,"{'m1-1': 10.12, 'm2-1': 102.38, 'm3-1': 1.04, 'm4-1': 10.91, 'm5-1': 10.28, 'm6-1': 110.27, 'm7-1': 101.79, 'm8-1': 98.65}",15.18,66.59899999999999,76.719,inf,185.474,185.474
145,T2,BESTEFFORT,ARRIVING,m2-1,35.737,"{'m1-1': 10.9, 'm2-1': 99.82, 'm3-1': 1.08, 'm4-1': 9.9, 'm5-1': 10.15, 'm6-1': 102.01, 'm7-1': 112.13, 'm8-1': 104.34}",0.0,inf,inf,inf,185.737,185.737
146,T3,BESTEFFORT,ARRIVING,m4-1,36.088,"{'m1-1': 10.86, 'm2-1': 111.12, 'm3-1': 1.03, 'm4-1': 10.34, 'm5-1': 10.16, 'm6-1': 93.76, 'm7-1': 104.19, 'm8-1': 117.14}",0.0,inf,inf,inf,186.088,186.088
147,T1,BESTEFFORT,COMPLETED,m3-1,36.088,"{'m1-1': 10.12, 'm2-1': 100.84, 'm3-1': 0.93, 'm4-1': 10.82, 'm5-1': 10.99, 'm6-1': 108.0, 'm7-1': 112.8, 'm8-1': 106.22}",1.395,36.088,37.018,inf,186.088,186.088
148,T2,BESTEFFORT,ARRIVING,m5-1,36.119,"{'m1-1': 10.56, 'm2-1': 103.43, 'm3-1': 1.09, 'm4-1': 10.48, 'm5-1': 11.57, 'm6-1': 98.47, 'm7-1': 107.54, 'm8-1': 96.86}",0.0,inf,inf,inf,186.119,186.119
149,T3,BESTEFFORT,ARRIVING,m6-1,36.396,"{'m1-1': 9.71, 'm2-1': 109.72, 'm3-1': 1.05, 'm4-1': 9.94, 'm5-1': 10.2, 'm6-1': 93.84, 'm7-1': 96.69, 'm8-1': 118.19}",0.0,inf,inf,inf,186.39600000000002,186.39600000000002
150,T4,BESTEFFORT,ARRIVING,m7-1,36.529,"{'m1-1': 10.89, 'm2-1': 101.88, 'm3-1': 1.06, 'm4-1': 11.74, 'm5-1': 9.36, 'm6-1': 102.48, 'm7-1': 102.72, 'm8-1': 107.3}",0.0,inf,inf,inf,186.529,186.529
151,T3,BESTEFFORT,ARRIVING,m8-1,36.535,"{'m1-1': 10.42, 'm2-1': 110.66, 'm3-1': 1.02, 'm4-1': 10.5, 'm5-1': 9.95, 'm6-1': 102.21, 'm7-1': 95.28, 'm8-1': 112.7}",0.0,inf,inf,inf,186.535,186.535
152,T1,BESTEFFORT,ARRIVING,m1-1,36.551,"{'m1-1': 11.37, 'm2-1': 97.03, 'm3-1': 1.04, 'm4-1': 10.03, 'm5-1': 10.39, 'm6-1': 110.61, 'm7-1': 101.44, 'm8-1': 102.45}",0.0,inf,inf,inf,186.551,186.551
153,T2,BESTEFFORT,ARRIVING,m2-1,36.601,"{'m1-1': 9.93, 'm2-1': 101.63, 'm3-1': 1.01, 'm4-1': 9.86, 'm5-1': 10.31, 'm6-1': 111.64, 'm7-1': 112.39, 'm8-1': 105.58}",0.0,inf,inf,inf,186.601,186.601
154,T2,BESTEFFORT,COMPLETED,m3-1,37.761,"{'m1-1': 10.47, 'm2-1': 99.84, 'm3-1': 1.03, 'm4-1': 10.09, 'm5-1': 10.76, 'm6-1': 102.31, 'm7-1': 104.02, 'm8-1': 100.99}",1.545,37.761,38.791000000000004,inf,187.761,187.761
155,T3,BESTEFFORT,ARRIVING,m4-1,37.828,"{'m1-1': 10.37, 'm2-1': 109.42, 'm3-1': 0.97, 'm4-1': 10.41, 'm5-1': 9.85, 'm6-1': 104.23, 'm7-1': 98.46, 'm8-1': 110.36}",0.0,inf,inf,inf,187.828,187.828
156,T2,BESTEFFORT,ARRIVING,m5-1,37.96,"{'m1-1': 9.91, 'm2-1': 105.24, 'm3-1': 1.05, 'm4-1': 10.45, 'm5-1': 10.2, 'm6-1': 100.17, 'm7-1': 111.19, 'm8-1': 108.43}",0.0,inf,inf,inf,187.96,187.96
157,T1,BESTEFFORT,ARRIVING,m6-1,38.783,"{'m1-1': 10.38, 'm2-1': 111.27, 'm3-1': 0.94, 'm4-1': 10.6, 'm5-1': 11.17, 'm6-1': 110.13, 'm7-1': 113.46, 'm8-1': 97.96}",0.0,inf,inf,inf,188.78300000000002,188.78300000000002
158,T4,BESTEFFORT,ARRIVING,m7-1,38.986,"{'m1-1': 10.4, 'm2-1': 113.35, 'm3-1': 1.04, 'm4-1': 11.51, 'm5-1': 10.29, 'm6-1': 113.11, 'm7-1': 111.14, 'm8-1': 101.74}",0.0,inf,inf,inf,188.986,188.986
159,T4,BESTEFFORT,ARRIVING,m8-1,39.019,"{'m1-1': 9.68, 'm2-1': 113.61, 'm3-1': 1.06, 'm4-1': 10.7, 'm5-1': 9.37, 'm6-1': 110.41, 'm7-1': 102.57, 'm8-1': 96.8}",0.0,inf,inf,inf,189.019,189.019
160,T3,BESTEFFORT,ARRIVING,m1-1,39.091,"{'m1-1': 9.89, 'm2-1': 102.83, 'm3-1': 1.08, 'm4-1': 10.54, 'm5-1': 9.87, 'm6-1': 108.81, 'm7-1': 104.93, 'm8-1': 116.74}",0.0,inf,inf,inf,189.091,189.091
161,T1,BESTEFFORT,ARRIVING,m2-1,40.414,"{'m1-1': 11.6, 'm2-1': 111.68, 'm3-1': 1.03, 'm4-1': 9.35, 'm5-1': 10.37, 'm6-1': 113.17, 'm7-1': 117.86, 'm8-1': 99.04}",0.0,inf,inf,inf,190.414,190.414
162,T1,BESTEFFORT,COMPLETED,m3-1,40.599,"{'m1-1': 10.85, 'm2-1': 106.02, 'm3-1': 1.08, 'm4-1': 10.81, 'm5-1': 11.14, 'm6-1': 107.59, 'm7-1': 103.95, 'm8-1': 93.98}",1.62,40.599,41.678999999999995,inf,190.599,190.599
163,T3,BESTEFFORT,ARRIVING,m4-1,40.75,"{'m1-1': 10.51, 'm2-1': 109.4, 'm3-1': 0.97, 'm4-1': 9.82, 'm5-1': 11.39, 'm6-1': 101.93, 'm7-1': 107.21, 'm8-1': 107.73}",0.0,inf,inf,inf,190.75,190.75
164,T1,BESTEFFORT,ARRIVING,m5-1,40.879,"{'m1-1': 11.29, 'm2-1': 110.11, 'm3-1': 1.01, 'm4-1': 10.34, 'm5-1': 9.99, 'm6-1': 102.97, 'm7-1': 106.85, 'm8-1': 108.17}",0.0,inf,inf,inf,190.879,190.879
165,T4,BESTEFFORT,ARRIVING,m6-1,41.171,"{'m1-1': 10.78, 'm2-1': 117.02, 'm3-1': 0.97, 'm4-1': 10.45, 'm5-1': 11.09, 'm6-1': 108.85, 'm7-1': 105.52, 'm8-1': 102.89}",0.0,inf,inf,inf,191.171,191.171
166,T2,BESTEFFORT,ARRIVING,m7-1,41.815,"{'m1-1': 9.57, 'm2-1': 101.09, 'm3-1': 1.08, 'm4-1': 10.06, 'm5-1': 10.88, 'm6-1': 102.91, 'm7-1': 96.11, 'm8-1': 108.85}",0.0,inf,inf,inf,191.815,191.815
167,T2,BESTEFFORT,ARRIVING,m8-1,42.035,"{'m1-1': 9.51, 'm2-1': 105.87, 'm3-1': 0.96, 'm4-1': 9.9, 'm5-1': 11.71, 'm6-1': 109.14, 'm7-1': 97.4, 'm8-1': 109.44}",0.0,inf,inf,inf,192.035,192.035
168,T4,BESTEFFORT,ARRIVING,m1-1,42.09,"{'m1-1': 10.39, 'm2-1': 99.75, 'm3-1': 1.0, 'm4-1': 11.14, 'm5-1': 10.66, 'm6-1': 111.5, 'm7-1': 101.55, 'm8-1': 112.48}",0.0,inf,inf,inf,192.09,192.09
169,T4,BESTEFFORT,ARRIVING,m2-1,42.298,"{'m1-1': 9.81, 'm2-1': 108.05, 'm3-1': 0.97, 'm4-1': 10.75, 'm5-1': 10.67, 'm6-1': 105.76, 'm7-1': 101.93, 'm8-1': 105.5}",0.0,inf,inf,inf,192.298,192.298
170,T2,BESTEFFORT,COMPLETED,m3-1,42.349,"{'m1-1': 10.26, 'm2-1': 99.98, 'm3-1': 1.08, 'm4-1': 10.22, 'm5-1': 10.85, 'm6-1': 101.38, 'm7-1': 101.04, 'm8-1': 98.06}",1.62,42.349,43.428999999999995,inf,192.349,192.349
171,T4,BESTEFFORT,ARRIVING,m4-1,43.337,"{'m1-1': 9.84, 'm2-1': 113.8, 'm3-1': 0.98, 'm4-1': 11.15, 'm5-1': 10.03, 'm6-1': 105.71, 'm7-1': 105.17, 'm8-1': 97.96}",0.0,inf,inf,inf,193.337,193.337
172,T4,BESTEFFORT,ARRIVING,m5-1,43.442,"{'m1-1': 9.99, 'm2-1': 114.05, 'm3-1': 1.08, 'm4-1': 11.25, 'm5-1': 10.63, 'm6-1': 103.58, 'm7-1': 110.56, 'm8-1': 111.55}",0.0,inf,inf,inf,193.442,193.442
173,T1,BESTEFFORT,ARRIVING,m6-1,44.312,"{'m1-1': 11.4, 'm2-1': 109.02, 'm3-1': 0.95, 'm4-1': 10.53, 'm5-1': 10.15, 'm6-1': 111.45, 'm7-1': 117.52, 'm8-1': 107.01}",0.0,inf,inf,inf,194.312,194.312
174,T2,BESTEFFORT,ARRIVING,m7-1,44.483,"{'m1-1': 11.09, 'm2-1': 102.21, 'm3-1': 1.06, 'm4-1': 10.09, 'm5-1': 9.94, 'm6-1': 104.92, 'm7-1': 104.32, 'm8-1': 95.99}",0.0,inf,inf,inf,194.483,194.483
175,T3,BESTEFFORT,ARRIVING,m8-1,44.566,"{'m1-1': 9.44, 'm2-1': 113.53, 'm3-1': 0.97, 'm4-1': 10.94, 'm5-1': 10.15, 'm6-1': 94.05, 'm7-1': 104.46, 'm8-1': 114.96}",0.0,inf,inf,inf,194.566,194.566
176,T4,BESTEFFORT,COMPLETED,m1-1,44.614,"{'m1-1': 9.51, 'm2-1': 114.6, 'm3-1': 1.04, 'm4-1': 11.44, 'm5-1': 10.13, 'm6-1': 111.94, 'm7-1': 107.25, 'm8-1': 111.88}",14.265,76.719,86.229,inf,194.614,194.614
177,T2,BESTEFFORT,ARRIVING,m2-1,45.038,"{'m1-1': 10.4, 'm2-1': 106.33, 'm3-1': 1.08, 'm4-1': 10.77, 'm5-1': 11.0, 'm6-1': 108.23, 'm7-1': 97.04, 'm8-1': 95.8}",0.0,inf,inf,inf,195.038,195.038
178,T3,BESTEFFORT,COMPLETED,m3-1,45.237,"{'m1-1': 11.08, 'm2-1': 98.76, 'm3-1': 1.11, 'm4-1': 10.56, 'm5-1': 10.4, 'm6-1': 107.86, 'm7-1': 109.36, 'm8-1': 112.98}",1.665,45.237,46.347,inf,195.237,195.237
179,T4,BESTEFFORT,COMPLETED,m4-1,45.501,"{'m1-1': 9.46, 'm2-1': 102.84, 'm3-1': 0.95, 'm4-1': 10.95, 'm5-1': 9.48, 'm6-1': 112.31, 'm7-1': 101.53, 'm8-1': 111.57}",16.424999999999997,74.05300000000001,85.00300000000001,inf,195.501,195.501
180,T4,BESTEFFORT,COMPLETED,m5-1,45.663,"{'m1-1': 9.91, 'm2-1': 106.99, 'm3-1': 1.04, 'm4-1': 11.34, 'm5-1': 10.56, 'm6-1': 110.71, 'm7-1': 99.65, 'm8-1': 106.14}",15.84,74.11,84.67,inf,195.663,195.663
181,T3,BESTEFFORT,ARRIVING,m6-1,46.139,"{'m1-1': 9.72, 'm2-1': 105.08, 'm3-1': 1.06, 'm4-1': 9.84, 'm5-1': 11.14, 'm6-1': 106.84, 'm7-1': 94.47, 'm8-1': 102.78}",0.0,inf,inf,inf,196.139,196.139
182,T1,BESTEFFORT,ARRIVING,m7-1,46.28,"{'m1-1': 9.91, 'm2-1': 96.52, 'm3-1': 1.03, 'm4-1': 10.26, 'm5-1': 10.82, 'm6-1': 112.29, 'm7-1': 105.79, 'm8-1': 94.5}",0.0,inf,inf,inf,196.28,196.28
183,T2,BESTEFFORT,ARRIVING,m8-1,46.574,"{'m1-1': 9.88, 'm2-1': 102.23, 'm3-1': 0.99, 'm4-1': 9.93, 'm5-1': 11.03, 'm6-1': 113.68, 'm7-1': 111.05, 'm8-1': 106.24}",0.0,inf,inf,inf,196.574,196.574
184,T2,BESTEFFORT,ARRIVING,m1-1,46.871,"{'m1-1': 10.19, 'm2-1': 100.08, 'm3-1': 0.92, 'm4-1': 11.17, 'm5-1': 9.98, 'm6-1': 96.02, 'm7-1': 99.85, 'm8-1': 95.12}",0.0,inf,inf,inf,196.871,196.871
185,T2,BESTEFFORT,ARRIVING,m2-1,46.984,"{'m1-1': 10.39, 'm2-1': 106.01, 'm3-1': 1.04, 'm4-1': 10.58, 'm5-1': 10.57, 'm6-1': 99.05, 'm7-1': 101.64, 'm8-1': 104.18}",0.0,inf,inf,inf,196.984,196.984
186,T1,BESTEFFORT,COMPLETED,m3-1,47.114,"{'m1-1': 10.77, 'm2-1': 110.18, 'm3-1': 1.1, 'm4-1': 10.64, 'm5-1': 11.07, 'm6-1': 104.75, 'm7-1': 107.55, 'm8-1': 104.12}",1.6500000000000001,47.114,48.214,inf,197.114,197.114
187,T3,BESTEFFORT,ARRIVING,m4-1,47.31,"{'m1-1': 9.9, 'm2-1': 97.62, 'm3-1': 1.0, 'm4-1': 11.4, 'm5-1': 10.23, 'm6-1': 106.05, 'm7-1': 97.6, 'm8-1': 104.82}",0.0,inf,inf,inf,197.31,197.31
188,T4,BESTEFFORT,ARRIVING,m5-1,47.454,"{'m1-1': 10.32, 'm2-1': 108.55, 'm3-1': 0.93, 'm4-1': 10.18, 'm5-1': 10.99, 'm6-1': 97.84, 'm7-1': 110.15, 'm8-1': 106.0}",0.0,inf,inf,inf,197.454,197.454
189,T4,BESTEFFORT,ARRIVING,m6-1,47.636,"{'m1-1': 10.82, 'm2-1': 104.32, 'm3-1': 1.03, 'm4-1': 10.73, 'm5-1': 9.82, 'm6-1': 102.14, 'm7-1': 96.44, 'm8-1': 110.07}",0.0,inf,inf,inf,197.636,197.636
190,T3,BESTEFFORT,ARRIVING,m7-1,47.808,"{'m1-1': 10.79, 'm2-1': 106.78, 'm3-1': 1.0, 'm4-1': 10.0, 'm5-1': 10.91, 'm6-1': 104.89, 'm7-1': 108.29, 'm8-1': 117.74}",0.0,inf,inf,inf,197.808,197.808
191,T1,BESTEFFORT,ARRIVING,m8-1,48.342,"{'m1-1': 10.58, 'm2-1': 107.63, 'm3-1': 1.04, 'm4-1': 9.66, 'm5-1': 11.12, 'm6-1': 101.61, 'm7-1': 102.74, 'm8-1': 95.19}",0.0,inf,inf,inf,198.34199999999998,198.34199999999998
192,T2,BESTEFFORT,ARRIVING,m1-1,48.782,"{'m1-1': 9.81, 'm2-1': 99.4, 'm3-1': 1.07, 'm4-1': 10.09, 'm5-1': 10.76, 'm6-1': 101.13, 'm7-1': 111.66, 'm8-1': 93.59}",0.0,inf,inf,inf,198.78199999999998,198.78199999999998
193,T2,BESTEFFORT,ARRIVING,m2-1,48.872,"{'m1-1': 10.66, 'm2-1': 105.38, 'm3-1': 1.03, 'm4-1': 10.75, 'm5-1': 10.94, 'm6-1': 108.38, 'm7-1': 99.32, 'm8-1': 97.9}",0.0,inf,inf,inf,198.872,198.872
194,T2,BESTEFFORT,COMPLETED,m3-1,49.764,"{'m1-1': 10.91, 'm2-1': 116.13, 'm3-1': 1.02, 'm4-1': 11.04, 'm5-1': 11.5, 'm6-1': 99.15, 'm7-1': 98.68, 'm8-1': 93.78}",1.53,49.764,50.784000000000006,inf,199.764,199.764
195,T4,BESTEFFORT,ARRIVING,m4-1,49.819,"{'m1-1': 9.42, 'm2-1': 114.02, 'm3-1': 1.06, 'm4-1': 11.22, 'm5-1': 10.71, 'm6-1': 113.19, 'm7-1': 99.06, 'm8-1': 101.38}",0.0,inf,inf,inf,199.81900000000002,199.81900000000002
196,T3,BESTEFFORT,ARRIVING,m5-1,49.836,"{'m1-1': 10.4, 'm2-1': 106.86, 'm3-1': 1.08, 'm4-1': 10.66, 'm5-1': 10.6, 'm6-1': 99.04, 'm7-1': 110.36, 'm8-1': 110.68}",0.0,inf,inf,inf,199.836,199.836
197,T2,BESTEFFORT,ARRIVING,m6-1,51.236,"{'m1-1': 10.76, 'm2-1': 103.32, 'm3-1': 1.05, 'm4-1': 10.98, 'm5-1': 10.94, 'm6-1': 108.75, 'm7-1': 103.72, 'm8-1': 102.51}",0.0,inf,inf,inf,201.236,201.236
198,T2,BESTEFFORT,ARRIVING,m7-1,53.288,"{'m1-1': 10.77, 'm2-1': 97.85, 'm3-1': 0.98, 'm4-1': 10.91, 'm5-1': 11.54, 'm6-1': 105.0, 'm7-1': 98.18, 'm8-1': 106.22}",0.0,inf,inf,inf,203.288,203.288
199,T1,BESTEFFORT,ARRIVING,m8-1,53.924,"{'m1-1': 11.29, 'm2-1': 97.56, 'm3-1': 0.93, 'm4-1': 10.19, 'm5-1': 10.1, 'm6-1': 106.17, 'm7-1': 112.99, 'm8-1': 103.09}",0.0,inf,inf,inf,203.924,203.924
200,T4,BESTEFFORT,ARRIVING,m1-1,54.263,"{'m1-1': 9.74, 'm2-1': 100.46, 'm3-1': 1.07, 'm4-1': 11.44, 'm5-1': 9.78, 'm6-1': 109.26, 'm7-1': 112.46, 'm8-1': 112.93}",0.0,inf,inf,inf,204.263,204.263
201,T2,BESTEFFORT,ARRIVING,m2-1,55.087,"{'m1-1': 9.91, 'm2-1': 100.68, 'm3-1': 1.0, 'm4-1': 10.39, 'm5-1': 11.03, 'm6-1': 97.76, 'm7-1': 111.55, 'm8-1': 100.95}",0.0,inf,inf,inf,205.087,205.087
202,T4,BESTEFFORT,COMPLETED,m3-1,55.472,"{'m1-1': 9.42, 'm2-1': 105.75, 'm3-1': 0.92, 'm4-1': 10.7, 'm5-1': 9.37, 'm6-1': 103.32, 'm7-1': 106.79, 'm8-1': 97.98}",1.3800000000000001,55.472,56.392,inf,205.472,205.472
203,T1,BESTEFFORT,COMPLETED,m4-1,55.844,"{'m1-1': 10.26, 'm2-1': 103.13, 'm3-1': 1.01, 'm4-1': 9.3, 'm5-1': 10.9, 'm6-1': 107.92, 'm7-1': 103.9, 'm8-1': 108.17}",13.950000000000001,85.00300000000001,94.30300000000001,inf,205.844,205.844
204,T4,BESTEFFORT,COMPLETED,m5-1,56.252,"{'m1-1': 10.43, 'm2-1': 103.56, 'm3-1': 0.95, 'm4-1': 10.23, 'm5-1': 11.08, 'm6-1': 108.29, 'm7-1': 99.78, 'm8-1': 104.82}",16.62,84.67,95.75,inf,206.252,206.252
205,T3,BESTEFFORT,ARRIVING,m6-1,56.347,"{'m1-1': 9.97, 'm2-1': 107.91, 'm3-1': 1.09, 'm4-1': 9.99, 'm5-1': 10.45, 'm6-1': 98.64, 'm7-1': 104.22, 'm8-1': 105.28}",0.0,inf,inf,inf,206.347,206.347
206,T4,BESTEFFORT,ARRIVING,m7-1,56.675,"{'m1-1': 10.2, 'm2-1': 118.27, 'm3-1': 1.06, 'm4-1': 11.12, 'm5-1': 9.96, 'm6-1': 110.99, 'm7-1': 98.22, 'm8-1': 103.99}",0.0,inf,inf,inf,206.675,206.675
207,T1,BESTEFFORT,ARRIVING,m8-1,57.18,"{'m1-1': 11.11, 'm2-1': 99.25, 'm3-1': 1.1, 'm4-1': 9.48, 'm5-1': 10.24, 'm6-1': 101.28, 'm7-1': 117.56, 'm8-1': 102.6}",0.0,inf,inf,inf,207.18,207.18
208,T4,BESTEFFORT,COMPLETED,m1-1,57.914,"{'m1-1': 10.01, 'm2-1': 102.96, 'm3-1': 0.98, 'm4-1': 10.87, 'm5-1': 9.8, 'm6-1': 107.76, 'm7-1': 95.99, 'm8-1': 108.12}",15.015,86.229,96.239,inf,207.914,207.914
209,T2,BESTEFFORT,ARRIVING,m2-1,58.021,"{'m1-1': 9.89, 'm2-1': 113.08, 'm3-1': 0.98, 'm4-1': 11.17, 'm5-1': 11.56, 'm6-1': 96.68, 'm7-1': 112.39, 'm8-1': 106.24}",0.0,inf,inf,inf,208.02100000000002,208.02100000000002
210,T2,BESTEFFORT,COMPLETED,m3-1,58.164,"{'m1-1': 10.83, 'm2-1': 113.77, 'm3-1': 0.98, 'm4-1': 10.58, 'm5-1': 11.09, 'm6-1': 100.12, 'm7-1': 103.21, 'm8-1': 107.54}",1.47,58.164,59.144,inf,208.164,208.164
211,T2,BESTEFFORT,ARRIVING,m4-1,58.456,"{'m1-1': 10.19, 'm2-1': 110.58, 'm3-1': 1.02, 'm4-1': 10.54, 'm5-1': 11.56, 'm6-1': 113.55, 'm7-1': 100.69, 'm8-1': 100.2}",0.0,inf,inf,inf,208.45600000000002,208.45600000000002
212,T4,BESTEFFORT,ARRIVING,m5-1,58.497,"{'m1-1': 10.54, 'm2-1': 110.93, 'm3-1': 1.08, 'm4-1': 10.65, 'm5-1': 10.04, 'm6-1': 109.7, 'm7-1': 105.41, 'm8-1': 95.06}",0.0,inf,inf,inf,208.497,208.497
213,T2,BESTEFFORT,ARRIVING,m6-1,58.632,"{'m1-1': 10.04, 'm2-1': 111.35, 'm3-1': 0.96, 'm4-1': 10.52, 'm5-1': 10.2, 'm6-1': 104.75, 'm7-1': 105.95, 'm8-1': 109.13}",0.0,inf,inf,inf,208.632,208.632
214,T1,BESTEFFORT,ARRIVING,m7-1,58.703,"{'m1-1': 10.5, 'm2-1': 96.74, 'm3-1': 0.93, 'm4-1': 10.35, 'm5-1': 11.04, 'm6-1': 111.59, 'm7-1': 117.0, 'm8-1': 100.28}",0.0,inf,inf,inf,208.703,208.703
215,T1,BESTEFFORT,ARRIVING,m8-1,58.748,"{'m1-1': 10.08, 'm2-1': 105.38, 'm3-1': 1.09, 'm4-1': 9.83, 'm5-1': 10.39, 'm6-1': 109.77, 'm7-1': 116.16, 'm8-1': 105.21}",0.0,inf,inf,inf,208.748,208.748
216,T2,BESTEFFORT,ARRIVING,m1-1,59.016,"{'m1-1': 11.16, 'm2-1': 106.65, 'm3-1': 0.92, 'm4-1': 9.54, 'm5-1': 10.83, 'm6-1': 107.42, 'm7-1': 100.22, 'm8-1': 107.32}",0.0,inf,inf,inf,209.016,209.016
217,T1,BESTEFFORT,ARRIVING,m2-1,59.053,"{'m1-1': 11.15, 'm2-1': 95.33, 'm3-1': 0.94, 'm4-1': 10.46, 'm5-1': 11.45, 'm6-1': 110.27, 'm7-1': 102.15, 'm8-1': 97.16}",0.0,inf,inf,inf,209.053,209.053
218,T2,BESTEFFORT,COMPLETED,m3-1,59.421,"{'m1-1': 10.52, 'm2-1': 115.3, 'm3-1': 1.07, 'm4-1': 9.62, 'm5-1': 10.99, 'm6-1': 106.16, 'm7-1': 98.0, 'm8-1': 98.75}",1.605,59.421,60.491,inf,209.421,209.421
219,T1,BESTEFFORT,ARRIVING,m4-1,59.56,"{'m1-1': 10.68, 'm2-1': 106.86, 'm3-1': 1.09, 'm4-1': 10.46, 'm5-1': 10.88, 'm6-1': 99.82, 'm7-1': 108.34, 'm8-1': 106.7}",0.0,inf,inf,inf,209.56,209.56
220,T1,BESTEFFORT,ARRIVING,m5-1,59.758,"{'m1-1': 11.24, 'm2-1': 110.18, 'm3-1': 0.98, 'm4-1': 10.06, 'm5-1': 10.47, 'm6-1': 108.52, 'm7-1': 117.97, 'm8-1': 100.43}",0.0,inf,inf,inf,209.758,209.758
221,T3,BESTEFFORT,ARRIVING,m6-1,59.786,"{'m1-1': 10.42, 'm2-1': 110.26, 'm3-1': 1.0, 'm4-1': 10.64, 'm5-1': 11.02, 'm6-1': 95.98, 'm7-1': 103.95, 'm8-1': 105.08}",0.0,inf,inf,inf,209.786,209.786
222,T3,BESTEFFORT,ARRIVING,m7-1,59.821,"{'m1-1': 9.79, 'm2-1': 109.4, 'm3-1': 0.95, 'm4-1': 11.36, 'm5-1': 10.9, 'm6-1': 92.95, 'm7-1': 102.72, 'm8-1': 114.3}",0.0,inf,inf,inf,209.821,209.821
223,T3,BESTEFFORT,ARRIVING,m8-1,60.084,"{'m1-1': 9.73, 'm2-1': 99.72, 'm3-1': 1.0, 'm4-1': 11.58, 'm5-1': 11.28, 'm6-1': 96.19, 'm7-1': 102.94, 'm8-1': 108.89}",0.0,inf,inf,inf,210.084,210.084
224,T3,BESTEFFORT,ARRIVING,m1-1,60.497,"{'m1-1': 10.87, 'm2-1': 113.19, 'm3-1': 1.08, 'm4-1': 9.96, 'm5-1': 10.5, 'm6-1': 93.38, 'm7-1': 106.71, 'm8-1': 115.69}",0.0,inf,inf,inf,210.497,210.497
225,T3,BESTEFFORT,ARRIVING,m2-1,61.814,"{'m1-1': 10.3, 'm2-1': 101.97, 'm3-1': 1.1, 'm4-1': 10.64, 'm5-1': 10.89, 'm6-1': 109.28, 'm7-1': 98.8, 'm8-1': 118.41}",0.0,inf,inf,inf,211.814,211.814
226,T3,BESTEFFORT,COMPLETED,m3-1,62.082,"{'m1-1': 9.41, 'm2-1': 112.48, 'm3-1': 1.05, 'm4-1': 10.84, 'm5-1': 10.04, 'm6-1': 109.29, 'm7-1': 102.07, 'm8-1': 111.25}",1.5750000000000002,62.082,63.132,inf,212.082,212.082
227,T2,BESTEFFORT,ARRIVING,m4-1,62.169,"{'m1-1': 10.73, 'm2-1': 108.96, 'm3-1': 1.04, 'm4-1': 9.59, 'm5-1': 10.05, 'm6-1': 112.99, 'm7-1': 103.69, 'm8-1': 93.83}",0.0,inf,inf,inf,212.16899999999998,212.16899999999998
228,T2,BESTEFFORT,ARRIVING,m5-1,62.358,"{'m1-1': 9.81, 'm2-1': 113.17, 'm3-1': 1.02, 'm4-1': 9.88, 'm5-1': 10.56, 'm6-1': 109.49, 'm7-1': 100.84, 'm8-1': 94.89}",0.0,inf,inf,inf,212.358,212.358
229,T4,BESTEFFORT,ARRIVING,m6-1,63.433,"{'m1-1': 9.59, 'm2-1': 105.35, 'm3-1': 1.06, 'm4-1': 10.41, 'm5-1': 9.96, 'm6-1': 106.16, 'm7-1': 98.4, 'm8-1': 108.1}",0.0,inf,inf,inf,213.433,213.433
230,T3,BESTEFFORT,ARRIVING,m7-1,63.442,"{'m1-1': 10.53, 'm2-1': 103.47, 'm3-1': 0.99, 'm4-1': 10.62, 'm5-1': 11.0, 'm6-1': 108.76, 'm7-1': 102.04, 'm8-1': 103.72}",0.0,inf,inf,inf,213.442,213.442
231,T1,BESTEFFORT,ARRIVING,m8-1,63.776,"{'m1-1': 11.16, 'm2-1': 97.54, 'm3-1': 1.07, 'm4-1': 10.42, 'm5-1': 9.91, 'm6-1': 114.02, 'm7-1': 100.01, 'm8-1': 111.21}",0.0,inf,inf,inf,213.776,213.776
232,T3,BESTEFFORT,ARRIVING,m1-1,63.881,"{'m1-1': 11.13, 'm2-1': 109.38, 'm3-1': 0.95, 'm4-1': 11.5, 'm5-1': 10.13, 'm6-1': 109.75, 'm7-1': 108.95, 'm8-1': 115.62}",0.0,inf,inf,inf,213.881,213.881
233,T3,BESTEFFORT,ARRIVING,m2-1,63.936,"{'m1-1': 9.42, 'm2-1': 101.46, 'm3-1': 1.06, 'm4-1': 10.38, 'm5-1': 9.93, 'm6-1': 104.28, 'm7-1': 108.32, 'm8-1': 103.1}",0.0,inf,inf,inf,213.936,213.936
234,T2,BESTEFFORT,COMPLETED,m3-1,64.816,"{'m1-1': 10.8, 'm2-1': 111.46, 'm3-1': 1.05, 'm4-1': 10.02, 'm5-1': 10.02, 'm6-1': 112.8, 'm7-1': 96.46, 'm8-1': 107.94}",1.5750000000000002,64.816,65.866,inf,214.816,214.816
235,T4,BESTEFFORT,COMPLETED,m4-1,66.05,"{'m1-1': 10.32, 'm2-1': 115.56, 'm3-1': 1.05, 'm4-1': 11.78, 'm5-1': 10.29, 'm6-1': 106.37, 'm7-1': 96.43, 'm8-1': 107.47}",17.669999999999998,94.30300000000001,106.08300000000001,inf,216.05,216.05
236,T3,BESTEFFORT,COMPLETED,m5-1,66.202,"{'m1-1': 10.89, 'm2-1': 111.61, 'm3-1': 1.02, 'm4-1': 11.2, 'm5-1': 10.32, 'm6-1': 108.9, 'm7-1': 108.25, 'm8-1': 101.45}",15.48,95.75,106.07,inf,216.202,216.202
237,T1,BESTEFFORT,ARRIVING,m6-1,66.24,"{'m1-1': 11.75, 'm2-1': 104.36, 'm3-1': 1.04, 'm4-1': 10.36, 'm5-1': 10.76, 'm6-1': 111.06, 'm7-1': 110.16, 'm8-1': 111.46}",0.0,inf,inf,inf,216.24,216.24
238,T1,BESTEFFORT,ARRIVING,m8-1,66.496,"{'m1-1': 11.65, 'm2-1': 104.29, 'm3-1': 1.07, 'm4-1': 9.44, 'm5-1': 11.17, 'm6-1': 110.91, 'm7-1': 99.77, 'm8-1': 105.73}",0.0,inf,inf,inf,216.49599999999998,216.49599999999998
239,T4,BESTEFFORT,ARRIVING,m7-1,66.496,"{'m1-1': 9.63, 'm2-1': 100.75, 'm3-1': 0.94, 'm4-1': 10.44, 'm5-1': 9.35, 'm6-1': 107.33, 'm7-1': 101.83, 'm8-1': 108.04}",0.0,inf,inf,inf,216.49599999999998,216.49599999999998
240,T4,BESTEFFORT,COMPLETED,m1-1,66.765,"{'m1-1': 9.94, 'm2-1': 107.82, 'm3-1': 1.04, 'm4-1': 11.31, 'm5-1': 11.05, 'm6-1': 100.73, 'm7-1': 105.02, 'm8-1': 103.8}",14.91,96.239,106.179,inf,216.765,216.765
241,T1,BESTEFFORT,ARRIVING,m2-1,67.657,"{'m1-1': 11.7, 'm2-1': 102.05, 'm3-1': 0.97, 'm4-1': 10.71, 'm5-1': 10.43, 'm6-1': 103.26, 'm7-1': 102.43, 'm8-1': 110.87}",0.0,inf,inf,inf,217.65699999999998,217.65699999999998
242,T2,BESTEFFORT,COMPLETED,m3-1,68.089,"{'m1-1': 11.13, 'm2-1': 102.21, 'm3-1': 0.99, 'm4-1': 10.42, 'm5-1': 10.8, 'm6-1': 112.8, 'm7-1': 111.66, 'm8-1': 98.62}",1.4849999999999999,68.089,69.079,inf,218.089,218.089
243,T4,BESTEFFORT,ARRIVING,m4-1,68.14,"{'m1-1': 10.93, 'm2-1': 105.09, 'm3-1': 1.0, 'm4-1': 11.32, 'm5-1': 9.44, 'm6-1': 114.1, 'm7-1': 111.89, 'm8-1': 110.35}",0.0,inf,inf,inf,218.14,218.14
244,T3,BESTEFFORT,ARRIVING,m5-1,68.238,"{'m1-1': 10.87, 'm2-1': 105.02, 'm3-1': 1.08, 'm4-1': 10.35, 'm5-1': 11.18, 'm6-1': 98.64, 'm7-1': 106.15, 'm8-1': 117.44}",0.0,inf,inf,inf,218.238,218.238
245,T2,BESTEFFORT,ARRIVING,m6-1,68.318,"{'m1-1': 10.23, 'm2-1': 112.85, 'm3-1': 0.94, 'm4-1': 9.61, 'm5-1': 9.95, 'm6-1': 114.09, 'm7-1': 103.17, 'm8-1': 109.77}",0.0,inf,inf,inf,218.31799999999998,218.31799999999998
246,T1,BESTEFFORT,ARRIVING,m7-1,68.515,"{'m1-1': 10.0, 'm2-1': 106.15, 'm3-1': 0.94, 'm4-1': 9.2, 'm5-1': 10.49, 'm6-1': 103.16, 'm7-1': 107.46, 'm8-1': 98.9}",0.0,inf,inf,inf,218.515,218.515
247,T3,BESTEFFORT,ARRIVING,m8-1,68.521,"{'m1-1': 9.8, 'm2-1': 105.77, 'm3-1': 1.07, 'm4-1': 11.58, 'm5-1': 10.12, 'm6-1': 97.84, 'm7-1': 105.39, 'm8-1': 100.92}",0.0,inf,inf,inf,218.52100000000002,218.52100000000002
248,T1,BESTEFFORT,ARRIVING,m1-1,68.836,"{'m1-1': 10.17, 'm2-1': 100.7, 'm3-1': 1.0, 'm4-1': 10.44, 'm5-1': 9.66, 'm6-1': 96.46, 'm7-1': 103.02, 'm8-1': 97.39}",0.0,inf,inf,inf,218.836,218.836
249,T3,BESTEFFORT,ARRIVING,m2-1,68.924,"{'m1-1': 11.02, 'm2-1': 99.03, 'm3-1': 1.1, 'm4-1': 10.91, 'm5-1': 11.36, 'm6-1': 109.47, 'm7-1': 110.05, 'm8-1': 106.9}",0.0,inf,inf,inf,218.924,218.924
250,T3,BESTEFFORT,COMPLETED,m3-1,69.018,"{'m1-1': 10.97, 'm2-1': 113.61, 'm3-1': 0.96, 'm4-1': 10.76, 'm5-1': 10.49, 'm6-1': 93.16, 'm7-1': 108.38, 'm8-1': 101.01}",1.44,69.079,70.03899999999999,inf,219.018,219.018
251,T1,BESTEFFORT,ARRIVING,m4-1,69.297,"{'m1-1': 10.25, 'm2-1': 100.24, 'm3-1': 0.99, 'm4-1': 9.93, 'm5-1': 11.41, 'm6-1': 112.29, 'm7-1': 100.78, 'm8-1': 96.1}",0.0,inf,inf,inf,219.297,219.297
252,T2,BESTEFFORT,ARRIVING,m5-1,69.392,"{'m1-1': 11.03, 'm2-1': 110.29, 'm3-1': 0.94, 'm4-1': 10.93, 'm5-1': 11.74, 'm6-1': 109.66, 'm7-1': 111.82, 'm8-1': 107.56}",0.0,inf,inf,inf,219.392,219.392
253,T3,BESTEFFORT,ARRIVING,m6-1,69.626,"{'m1-1': 11.12, 'm2-1': 98.4, 'm3-1': 1.09, 'm4-1': 9.86, 'm5-1': 10.45, 'm6-1': 104.91, 'm7-1': 111.31, 'm8-1': 109.86}",0.0,inf,inf,inf,219.626,219.626
254,T3,BESTEFFORT,ARRIVING,m7-1,69.65,"{'m1-1': 11.05, 'm2-1': 100.0, 'm3-1': 0.96, 'm4-1': 10.0, 'm5-1': 11.3, 'm6-1': 97.82, 'm7-1': 106.24, 'm8-1': 99.96}",0.0,inf,inf,inf,219.65,219.65
255,T4,BESTEFFORT,ARRIVING,m8-1,70.271,"{'m1-1': 10.13, 'm2-1': 116.14, 'm3-1': 0.96, 'm4-1': 11.44, 'm5-1': 9.8, 'm6-1': 106.34, 'm7-1': 101.32, 'm8-1': 101.72}",0.0,inf,inf,inf,220.27100000000002,220.27100000000002
256,T1,BESTEFFORT,ARRIVING,m1-1,70.386,"{'m1-1': 10.63, 'm2-1': 97.64, 'm3-1': 0.93, 'm4-1': 9.22, 'm5-1': 11.44, 'm6-1': 106.76, 'm7-1': 115.92, 'm8-1': 109.66}",0.0,inf,inf,inf,220.386,220.386
257,T3,BESTEFFORT,ARRIVING,m2-1,70.481,"{'m1-1': 10.9, 'm2-1': 111.54, 'm3-1': 1.03, 'm4-1': 11.15, 'm5-1': 10.52, 'm6-1': 97.09, 'm7-1': 96.1, 'm8-1': 114.98}",0.0,inf,inf,inf,220.481,220.481
258,T3,BESTEFFORT,COMPLETED,m3-1,70.587,"{'m1-1': 10.15, 'm2-1': 98.13, 'm3-1': 1.13, 'm4-1': 9.93, 'm5-1': 11.62, 'm6-1': 98.29, 'm7-1': 108.76, 'm8-1': 105.97}",1.6949999999999998,70.587,71.717,inf,220.587,220.587
259,T3,BESTEFFORT,ARRIVING,m4-1,70.73,"{'m1-1': 10.75, 'm2-1': 97.51, 'm3-1': 1.1, 'm4-1': 10.68, 'm5-1': 11.06, 'm6-1': 94.66, 'm7-1': 95.06, 'm8-1': 108.11}",0.0,inf,inf,inf,220.73000000000002,220.73000000000002
260,T2,BESTEFFORT,ARRIVING,m5-1,71.918,"{'m1-1': 10.77, 'm2-1': 108.98, 'm3-1': 0.99, 'm4-1': 10.83, 'm5-1': 10.86, 'm6-1': 102.54, 'm7-1': 108.28, 'm8-1': 103.86}",0.0,inf,inf,inf,221.918,221.918
261,T1,BESTEFFORT,ARRIVING,m6-1,72.286,"{'m1-1': 10.81, 'm2-1': 108.79, 'm3-1': 0.94, 'm4-1': 10.31, 'm5-1': 11.13, 'm6-1': 100.35, 'm7-1': 117.31, 'm8-1': 101.25}",0.0,inf,inf,inf,222.286,222.286
262,T2,BESTEFFORT,ARRIVING,m7-1,72.435,"{'m1-1': 10.8, 'm2-1': 99.66, 'm3-1': 1.0, 'm4-1': 9.6, 'm5-1': 11.82, 'm6-1': 109.43, 'm7-1': 109.43, 'm8-1': 105.32}",0.0,inf,inf,inf,222.435,222.435
263,T4,BESTEFFORT,ARRIVING,m8-1,72.482,"{'m1-1': 10.49, 'm2-1': 114.25, 'm3-1': 0.95, 'm4-1': 10.89, 'm5-1': 9.8, 'm6-1': 113.03, 'm7-1': 105.26, 'm8-1': 96.84}",0.0,inf,inf,inf,222.482,222.482
264,T4,BESTEFFORT,ARRIVING,m1-1,72.643,"{'m1-1': 10.98, 'm2-1': 107.86, 'm3-1': 0.97, 'm4-1': 10.41, 'm5-1': 10.51, 'm6-1': 112.53, 'm7-1': 96.7, 'm8-1': 100.94}",0.0,inf,inf,inf,222.643,222.643
265,T1,BESTEFFORT,ARRIVING,m2-1,72.768,"{'m1-1': 10.3, 'm2-1': 103.6, 'm3-1': 1.07, 'm4-1': 10.03, 'm5-1': 10.0, 'm6-1': 99.96, 'm7-1': 115.7, 'm8-1': 103.31}",0.0,inf,inf,inf,222.768,222.768
266,T2,BESTEFFORT,COMPLETED,m3-1,72.988,"{'m1-1': 10.24, 'm2-1': 98.67, 'm3-1': 0.98, 'm4-1': 9.52, 'm5-1': 10.4, 'm6-1': 103.06, 'm7-1': 96.87, 'm8-1': 104.41}",1.47,72.988,73.968,inf,222.988,222.988
267,T2,BESTEFFORT,ARRIVING,m4-1,73.197,"{'m1-1': 10.56, 'm2-1': 111.26, 'm3-1': 1.1, 'm4-1': 9.75, 'm5-1': 10.02, 'm6-1': 99.46, 'm7-1': 108.69, 'm8-1': 103.3}",0.0,inf,inf,inf,223.197,223.197
268,T1,BESTEFFORT,ARRIVING,m5-1,73.493,"{'m1-1': 10.89, 'm2-1': 106.67, 'm3-1': 0.99, 'm4-1': 9.75, 'm5-1': 9.93, 'm6-1': 98.74, 'm7-1': 104.96, 'm8-1': 95.63}",0.0,inf,inf,inf,223.493,223.493
269,T2,BESTEFFORT,ARRIVING,m6-1,73.814,"{'m1-1': 10.71, 'm2-1': 99.02, 'm3-1': 0.96, 'm4-1': 10.88, 'm5-1': 10.58, 'm6-1': 107.44, 'm7-1': 113.67, 'm8-1': 99.75}",0.0,inf,inf,inf,223.814,223.814
270,T4,BESTEFFORT,ARRIVING,m7-1,74.082,"{'m1-1': 11.01, 'm2-1': 118.4, 'm3-1': 1.03, 'm4-1': 11.43, 'm5-1': 10.8, 'm6-1': 100.58, 'm7-1': 99.94, 'm8-1': 105.59}",0.0,inf,inf,inf,224.082,224.082
271,T3,BESTEFFORT,ARRIVING,m8-1,74.3,"{'m1-1': 10.23, 'm2-1': 111.62, 'm3-1': 1.12, 'm4-1': 10.86, 'm5-1': 10.42, 'm6-1': 102.16, 'm7-1': 106.56, 'm8-1': 114.62}",0.0,inf,inf,inf,224.3,224.3
272,T3,BESTEFFORT,ARRIVING,m1-1,74.632,"{'m1-1': 10.35, 'm2-1': 99.06, 'm3-1': 0.97, 'm4-1': 9.94, 'm5-1': 10.7, 'm6-1': 92.34, 'm7-1': 105.74, 'm8-1': 112.15}",0.0,inf,inf,inf,224.632,224.632
273,T1,BESTEFFORT,ARRIVING,m2-1,74.657,"{'m1-1': 10.22, 'm2-1': 109.89, 'm3-1': 1.05, 'm4-1': 10.92, 'm5-1': 10.01, 'm6-1': 101.78, 'm7-1': 102.08, 'm8-1': 99.24}",0.0,inf,inf,inf,224.65699999999998,224.65699999999998
274,T3,BESTEFFORT,COMPLETED,m3-1,74.899,"{'m1-1': 11.03, 'm2-1': 106.06, 'm3-1': 1.1, 'm4-1': 10.48, 'm5-1': 10.34, 'm6-1': 100.01, 'm7-1': 97.92, 'm8-1': 113.32}",1.6500000000000001,74.899,75.999,inf,224.899,224.899
275,T1,BESTEFFORT,COMPLETED,m4-1,75.047,"{'m1-1': 10.62, 'm2-1': 96.97, 'm3-1': 0.93, 'm4-1': 10.79, 'm5-1': 11.4, 'm6-1': 100.46, 'm7-1': 102.14, 'm8-1': 100.81}",16.185,106.08300000000001,116.87300000000002,inf,225.047,225.047
276,T1,BESTEFFORT,COMPLETED,m5-1,75.311,"{'m1-1': 11.29, 'm2-1': 94.84, 'm3-1': 1.1, 'm4-1': 9.81, 'm5-1': 11.02, 'm6-1': 100.05, 'm7-1': 117.25, 'm8-1': 96.48}",16.53,106.07,117.08999999999999,inf,225.311,225.311
277,T1,BESTEFFORT,ARRIVING,m6-1,75.388,"{'m1-1': 10.7, 'm2-1': 98.26, 'm3-1': 0.95, 'm4-1': 9.26, 'm5-1': 10.0, 'm6-1': 109.58, 'm7-1': 113.46, 'm8-1': 107.76}",0.0,inf,inf,inf,225.388,225.388
278,T3,BESTEFFORT,ARRIVING,m7-1,75.556,"{'m1-1': 10.02, 'm2-1': 102.94, 'm3-1': 1.11, 'm4-1': 9.83, 'm5-1': 10.91, 'm6-1': 93.4, 'm7-1': 96.26, 'm8-1': 107.35}",0.0,inf,inf,inf,225.55599999999998,225.55599999999998
279,T2,BESTEFFORT,ARRIVING,m8-1,75.658,"{'m1-1': 11.02, 'm2-1': 107.35, 'm3-1': 0.94, 'm4-1': 9.85, 'm5-1': 10.79, 'm6-1': 113.14, 'm7-1': 113.13, 'm8-1': 96.2}",0.0,inf,inf,inf,225.65800000000002,225.65800000000002
280,T3,BESTEFFORT,ARRIVING,m1-1,75.814,"{'m1-1': 10.54, 'm2-1': 103.25, 'm3-1': 1.02, 'm4-1': 10.96, 'm5-1': 10.29, 'm6-1': 103.76, 'm7-1': 108.88, 'm8-1': 109.42}",0.0,inf,inf,inf,225.814,225.814
281,T3,BESTEFFORT,ARRIVING,m2-1,76.43,"{'m1-1': 10.9, 'm2-1': 112.21, 'm3-1': 1.04, 'm4-1': 11.62, 'm5-1': 10.29, 'm6-1': 104.38, 'm7-1': 106.33, 'm8-1': 114.72}",0.0,inf,inf,inf,226.43,226.43
282,T1,BESTEFFORT,COMPLETED,m3-1,76.637,"{'m1-1': 11.51, 'm2-1': 103.25, 'm3-1': 0.99, 'm4-1': 9.69, 'm5-1': 10.21, 'm6-1': 111.14, 'm7-1': 113.31, 'm8-1': 108.52}",1.4849999999999999,76.637,77.627,inf,226.637,226.637
283,T4,BESTEFFORT,ARRIVING,m4-1,76.655,"{'m1-1': 10.44, 'm2-1': 100.74, 'm3-1': 1.08, 'm4-1': 11.6, 'm5-1': 10.75, 'm6-1': 97.58, 'm7-1': 101.7, 'm8-1': 95.38}",0.0,inf,inf,inf,226.655,226.655
284,T2,BESTEFFORT,ARRIVING,m5-1,76.77,"{'m1-1': 10.64, 'm2-1': 107.24, 'm3-1': 0.98, 'm4-1': 11.17, 'm5-1': 10.04, 'm6-1': 98.74, 'm7-1': 101.79, 'm8-1': 98.19}",0.0,inf,inf,inf,226.76999999999998,226.76999999999998
285,T2,BESTEFFORT,ARRIVING,m6-1,76.862,"{'m1-1': 10.76, 'm2-1': 110.92, 'm3-1': 1.01, 'm4-1': 10.09, 'm5-1': 11.49, 'm6-1': 102.39, 'm7-1': 101.98, 'm8-1': 94.42}",0.0,inf,inf,inf,226.862,226.862
286,T4,BESTEFFORT,ARRIVING,m7-1,76.87,"{'m1-1': 10.62, 'm2-1': 100.57, 'm3-1': 1.03, 'm4-1': 10.09, 'm5-1': 9.86, 'm6-1': 110.42, 'm7-1': 108.8, 'm8-1': 104.61}",0.0,inf,inf,inf,226.87,226.87
287,T2,BESTEFFORT,ARRIVING,m8-1,76.952,"{'m1-1': 10.17, 'm2-1': 109.96, 'm3-1': 1.09, 'm4-1': 9.68, 'm5-1': 10.16, 'm6-1': 103.67, 'm7-1': 100.98, 'm8-1': 107.44}",0.0,inf,inf,inf,226.952,226.952
288,T3,BESTEFFORT,COMPLETED,m1-1,77.908,"{'m1-1': 11.13, 'm2-1': 102.28, 'm3-1': 1.08, 'm4-1': 10.54, 'm5-1': 10.19, 'm6-1': 103.09, 'm7-1': 108.76, 'm8-1': 111.12}",16.695,106.179,117.309,inf,227.90800000000002,227.90800000000002
289,T2,BESTEFFORT,ARRIVING,m2-1,77.946,"{'m1-1': 9.8, 'm2-1': 111.35, 'm3-1': 1.04, 'm4-1': 10.23, 'm5-1': 11.11, 'm6-1': 108.58, 'm7-1': 113.44, 'm8-1': 104.48}",0.0,inf,inf,inf,227.946,227.946
290,T3,BESTEFFORT,COMPLETED,m3-1,78.137,"{'m1-1': 10.04, 'm2-1': 102.08, 'm3-1': 1.12, 'm4-1': 10.63, 'm5-1': 10.19, 'm6-1': 98.7, 'm7-1': 102.53, 'm8-1': 104.21}",1.6800000000000002,78.137,79.257,inf,228.137,228.137
291,T3,BESTEFFORT,ARRIVING,m4-1,78.415,"{'m1-1': 9.71, 'm2-1': 102.89, 'm3-1': 1.01, 'm4-1': 10.69, 'm5-1': 11.51, 'm6-1': 103.04, 'm7-1': 104.46, 'm8-1': 103.8}",0.0,inf,inf,inf,228.41500000000002,228.41500000000002
292,T2,BESTEFFORT,ARRIVING,m5-1,78.462,"{'m1-1': 11.13, 'm2-1': 111.21, 'm3-1': 1.07, 'm4-1': 11.02, 'm5-1': 11.74, 'm6-1': 104.85, 'm7-1': 104.89, 'm8-1': 94.12}",0.0,inf,inf,inf,228.462,228.462
293,T1,BESTEFFORT,ARRIVING,m6-1,78.553,"{'m1-1': 10.38, 'm2-1': 100.24, 'm3-1': 1.06, 'm4-1': 10.68, 'm5-1': 10.74, 'm6-1': 111.17, 'm7-1': 102.53, 'm8-1': 102.3}",0.0,inf,inf,inf,228.553,228.553
294,T3,BESTEFFORT,ARRIVING,m7-1,79.221,"{'m1-1': 10.52, 'm2-1': 103.66, 'm3-1': 1.02, 'm4-1': 10.9, 'm5-1': 10.42, 'm6-1': 99.52, 'm7-1': 99.74, 'm8-1': 105.84}",0.0,inf,inf,inf,229.221,229.221
295,T4,BESTEFFORT,ARRIVING,m8-1,79.28,"{'m1-1': 9.69, 'm2-1': 101.88, 'm3-1': 1.01, 'm4-1': 10.79, 'm5-1': 10.35, 'm6-1': 113.65, 'm7-1': 103.69, 'm8-1': 101.33}",0.0,inf,inf,inf,229.28,229.28
296,T4,BESTEFFORT,ARRIVING,m1-1,79.943,"{'m1-1': 9.46, 'm2-1': 101.34, 'm3-1': 0.94, 'm4-1': 10.4, 'm5-1': 9.96, 'm6-1': 101.01, 'm7-1': 106.69, 'm8-1': 98.5}",0.0,inf,inf,inf,229.94299999999998,229.94299999999998
297,T1,BESTEFFORT,ARRIVING,m2-1,79.963,"{'m1-1': 11.57, 'm2-1': 102.35, 'm3-1': 1.04, 'm4-1': 9.29, 'm5-1': 11.05, 'm6-1': 106.8, 'm7-1': 111.67, 'm8-1': 102.96}",0.0,inf,inf,inf,229.963,229.963
298,T4,BESTEFFORT,COMPLETED,m3-1,80.135,"{'m1-1': 10.89, 'm2-1': 109.01, 'm3-1': 1.04, 'm4-1': 11.63, 'm5-1': 9.5, 'm6-1': 103.72, 'm7-1': 106.78, 'm8-1': 103.84}",1.56,80.135,81.17500000000001,inf,230.135,230.135
299,T3,BESTEFFORT,ARRIVING,m4-1,80.245,"{'m1-1': 9.65, 'm2-1': 109.94, 'm3-1': 1.02, 'm4-1': 9.86, 'm5-1': 10.14, 'm6-1': 105.16, 'm7-1': 95.44, 'm8-1': 117.08}",0.0,inf,inf,inf,230.245,230.245
300,T1,BESTEFFORT,ARRIVING,m5-1,80.315,"{'m1-1': 11.01, 'm2-1': 108.15, 'm3-1': 1.09, 'm4-1': 10.19, 'm5-1': 10.81, 'm6-1': 97.19, 'm7-1': 111.83, 'm8-1': 110.89}",0.0,inf,inf,inf,230.315,230.315
301,T4,BESTEFFORT,ARRIVING,m6-1,80.782,"{'m1-1': 9.42, 'm2-1': 113.84, 'm3-1': 0.94, 'm4-1': 11.68, 'm5-1': 9.78, 'm6-1': 102.36, 'm7-1': 104.06, 'm8-1': 111.03}",0.0,inf,inf,inf,230.78199999999998,230.78199999999998
302,T1,BESTEFFORT,ARRIVING,m7-1,80.842,"{'m1-1': 10.26, 'm2-1': 110.79, 'm3-1': 1.04, 'm4-1': 9.35, 'm5-1': 11.43, 'm6-1': 106.06, 'm7-1': 109.39, 'm8-1': 96.55}",0.0,inf,inf,inf,230.84199999999998,230.84199999999998
303,T3,BESTEFFORT,ARRIVING,m8-1,81.626,"{'m1-1': 10.3, 'm2-1': 108.85, 'm3-1': 0.96, 'm4-1': 11.24, 'm5-1': 10.27, 'm6-1': 108.99, 'm7-1': 102.2, 'm8-1': 107.25}",0.0,inf,inf,inf,231.626,231.626
304,T4,BESTEFFORT,ARRIVING,m1-1,81.94,"{'m1-1': 10.83, 'm2-1': 110.27, 'm3-1': 0.92, 'm4-1': 10.72, 'm5-1': 10.16, 'm6-1': 102.98, 'm7-1': 97.44, 'm8-1': 107.68}",0.0,inf,inf,inf,231.94,231.94
305,T3,BESTEFFORT,ARRIVING,m2-1,81.98,"{'m1-1': 10.03, 'm2-1': 107.69, 'm3-1': 0.97, 'm4-1': 11.0, 'm5-1': 10.97, 'm6-1': 106.47, 'm7-1': 95.67, 'm8-1': 109.05}",0.0,inf,inf,inf,231.98000000000002,231.98000000000002
306,T3,BESTEFFORT,COMPLETED,m3-1,82.083,"{'m1-1': 10.77, 'm2-1': 97.89, 'm3-1': 1.11, 'm4-1': 10.78, 'm5-1': 11.14, 'm6-1': 103.5, 'm7-1': 103.69, 'm8-1': 116.18}",1.665,82.083,83.193,inf,232.083,232.083
307,T4,BESTEFFORT,ARRIVING,m4-1,82.113,"{'m1-1': 9.76, 'm2-1': 111.57, 'm3-1': 0.93, 'm4-1': 11.13, 'm5-1': 9.4, 'm6-1': 114.1, 'm7-1': 104.29, 'm8-1': 101.16}",0.0,inf,inf,inf,232.113,232.113
308,T1,BESTEFFORT,ARRIVING,m5-1,82.172,"{'m1-1': 10.96, 'm2-1': 104.38, 'm3-1': 0.93, 'm4-1': 10.44, 'm5-1': 10.15, 'm6-1': 107.82, 'm7-1': 110.2, 'm8-1': 98.96}",0.0,inf,inf,inf,232.172,232.172
309,T4,BESTEFFORT,ARRIVING,m6-1,82.186,"{'m1-1': 9.56, 'm2-1': 104.12, 'm3-1': 0.98, 'm4-1': 10.99, 'm5-1': 10.09, 'm6-1': 110.42, 'm7-1': 110.63, 'm8-1': 109.53}",0.0,inf,inf,inf,232.186,232.186
310,T4,BESTEFFORT,ARRIVING,m7-1,82.2,"{'m1-1': 10.67, 'm2-1': 103.35, 'm3-1': 0.95, 'm4-1': 11.11, 'm5-1': 10.16, 'm6-1': 101.33, 'm7-1': 99.56, 'm8-1': 95.14}",0.0,inf,inf,inf,232.2,232.2
311,T2,BESTEFFORT,ARRIVING,m8-1,82.246,"{'m1-1': 10.45, 'm2-1': 99.23, 'm3-1': 1.01, 'm4-1': 9.59, 'm5-1': 11.25, 'm6-1': 105.15, 'm7-1': 101.26, 'm8-1': 109.24}",0.0,inf,inf,inf,232.24599999999998,232.24599999999998
312,T3,BESTEFFORT,ARRIVING,m1-1,82.538,"{'m1-1': 10.71, 'm2-1': 100.23, 'm3-1': 1.03, 'm4-1': 10.22, 'm5-1': 11.05, 'm6-1': 98.03, 'm7-1': 103.32, 'm8-1': 110.76}",0.0,inf,inf,inf,232.538,232.538
313,T3,BESTEFFORT,ARRIVING,m2-1,82.604,"{'m1-1': 10.9, 'm2-1': 107.62, 'm3-1': 1.01, 'm4-1': 10.56, 'm5-1': 11.28, 'm6-1': 99.49, 'm7-1': 100.04, 'm8-1': 106.11}",0.0,inf,inf,inf,232.60399999999998,232.60399999999998
314,T2,BESTEFFORT,COMPLETED,m3-1,83.133,"{'m1-1': 10.49, 'm2-1': 99.58, 'm3-1': 0.98, 'm4-1': 10.89, 'm5-1': 10.17, 'm6-1': 105.6, 'm7-1': 106.61, 'm8-1': 101.5}",1.47,83.193,84.173,inf,233.13299999999998,233.13299999999998
315,T1,BESTEFFORT,ARRIVING,m4-1,84.042,"{'m1-1': 10.25, 'm2-1': 110.43, 'm3-1': 1.07, 'm4-1': 9.31, 'm5-1': 10.01, 'm6-1': 110.52, 'm7-1': 116.9, 'm8-1': 103.72}",0.0,inf,inf,inf,234.042,234.042
316,T2,BESTEFFORT,ARRIVING,m5-1,84.196,"{'m1-1': 10.92, 'm2-1': 99.35, 'm3-1': 1.0, 'm4-1': 9.53, 'm5-1': 11.68, 'm6-1': 107.46, 'm7-1': 102.9, 'm8-1': 99.59}",0.0,inf,inf,inf,234.196,234.196
317,T3,BESTEFFORT,ARRIVING,m6-1,84.61,"{'m1-1': 10.16, 'm2-1': 114.37, 'm3-1': 1.07, 'm4-1': 11.54, 'm5-1': 10.36, 'm6-1': 104.96, 'm7-1': 103.48, 'm8-1': 114.56}",0.0,inf,inf,inf,234.61,234.61
318,T3,BESTEFFORT,ARRIVING,m7-1,84.635,"{'m1-1': 9.56, 'm2-1': 114.42, 'm3-1': 1.1, 'm4-1': 10.4, 'm5-1': 11.28, 'm6-1': 98.92, 'm7-1': 111.37, 'm8-1': 101.26}",0.0,inf,inf,inf,234.635,234.635
319,T2,BESTEFFORT,ARRIVING,m8-1,84.669,"{'m1-1': 9.94, 'm2-1': 99.47, 'm3-1': 1.03, 'm4-1': 10.23, 'm5-1': 10.88, 'm6-1': 104.21, 'm7-1': 109.85, 'm8-1': 97.35}",0.0,inf,inf,inf,234.66899999999998,234.66899999999998
320,T3,BESTEFFORT,ARRIVING,m1-1,85.045,"{'m1-1': 9.56, 'm2-1': 109.42, 'm3-1': 1.08, 'm4-1': 10.63, 'm5-1': 11.29, 'm6-1': 103.11, 'm7-1': 96.17, 'm8-1': 110.1}",0.0,inf,inf,inf,235.04500000000002,235.04500000000002
321,T1,BESTEFFORT,ARRIVING,m2-1,85.545,"{'m1-1': 10.3, 'm2-1': 102.42, 'm3-1': 1.03, 'm4-1': 9.89, 'm5-1': 10.3, 'm6-1': 114.22, 'm7-1': 117.4, 'm8-1': 93.93}",0.0,inf,inf,inf,235.54500000000002,235.54500000000002
322,T3,BESTEFFORT,COMPLETED,m3-1,85.622,"{'m1-1': 10.54, 'm2-1': 104.76, 'm3-1': 1.08, 'm4-1': 11.67, 'm5-1': 10.04, 'm6-1': 96.42, 'm7-1': 94.22, 'm8-1': 105.62}",1.62,85.622,86.702,inf,235.622,235.622
323,T2,BESTEFFORT,COMPLETED,m4-1,85.815,"{'m1-1': 10.02, 'm2-1': 105.81, 'm3-1': 1.04, 'm4-1': 10.82, 'm5-1': 11.72, 'm6-1': 107.12, 'm7-1': 107.4, 'm8-1': 97.77}",16.23,116.87300000000002,127.69300000000001,inf,235.815,235.815
324,T4,BESTEFFORT,COMPLETED,m5-1,86.152,"{'m1-1': 10.04, 'm2-1': 104.12, 'm3-1': 1.04, 'm4-1': 10.83, 'm5-1': 10.35, 'm6-1': 100.18, 'm7-1': 113.48, 'm8-1': 103.71}",15.524999999999999,117.08999999999999,127.43999999999998,inf,236.152,236.152
325,T3,BESTEFFORT,ARRIVING,m6-1,86.386,"{'m1-1': 10.9, 'm2-1': 114.42, 'm3-1': 1.05, 'm4-1': 10.7, 'm5-1': 11.43, 'm6-1': 94.52, 'm7-1': 95.43, 'm8-1': 100.7}",0.0,inf,inf,inf,236.386,236.386
326,T1,BESTEFFORT,ARRIVING,m7-1,86.699,"{'m1-1': 9.94, 'm2-1': 103.01, 'm3-1': 1.04, 'm4-1': 9.4, 'm5-1': 10.02, 'm6-1': 98.83, 'm7-1': 109.5, 'm8-1': 98.59}",0.0,inf,inf,inf,236.699,236.699
327,T2,BESTEFFORT,ARRIVING,m8-1,86.932,"{'m1-1': 10.52, 'm2-1': 99.34, 'm3-1': 1.08, 'm4-1': 10.02, 'm5-1': 10.96, 'm6-1': 96.73, 'm7-1': 113.98, 'm8-1': 105.38}",0.0,inf,inf,inf,236.93200000000002,236.93200000000002
328,T2,BESTEFFORT,COMPLETED,m1-1,87.29,"{'m1-1': 9.46, 'm2-1': 103.89, 'm3-1': 0.99, 'm4-1': 10.72, 'm5-1': 11.7, 'm6-1': 99.82, 'm7-1': 106.92, 'm8-1': 106.85}",14.190000000000001,117.309,126.769,inf,237.29000000000002,237.29000000000002
329,T1,BESTEFFORT,ARRIVING,m2-1,87.62,"{'m1-1': 11.23, 'm2-1': 97.56, 'm3-1': 1.02, 'm4-1': 10.81, 'm5-1': 11.46, 'm6-1': 96.94, 'm7-1': 115.71, 'm8-1': 108.99}",0.0,inf,inf,inf,237.62,237.62
330,T3,BESTEFFORT,COMPLETED,m3-1,87.655,"{'m1-1': 9.9, 'm2-1': 97.76, 'm3-1': 1.03, 'm4-1': 11.52, 'm5-1': 10.98, 'm6-1': 107.24, 'm7-1': 98.8, 'm8-1': 113.22}",1.545,87.655,88.685,inf,237.655,237.655
331,T3,BESTEFFORT,ARRIVING,m4-1,87.886,"{'m1-1': 9.79, 'm2-1': 107.21, 'm3-1': 1.0, 'm4-1': 11.0, 'm5-1': 11.54, 'm6-1': 106.94, 'm7-1': 101.24, 'm8-1': 111.08}",0.0,inf,inf,inf,237.886,237.886
332,T4,BESTEFFORT,ARRIVING,m5-1,87.965,"{'m1-1': 10.9, 'm2-1': 109.3, 'm3-1': 1.06, 'm4-1': 10.43, 'm5-1': 9.69, 'm6-1': 115.06, 'm7-1': 103.1, 'm8-1': 95.14}",0.0,inf,inf,inf,237.965,237.965
333,T4,BESTEFFORT,ARRIVING,m6-1,88.094,"{'m1-1': 9.35, 'm2-1': 102.34, 'm3-1': 0.99, 'm4-1': 10.42, 'm5-1': 10.31, 'm6-1': 113.94, 'm7-1': 113.59, 'm8-1': 105.5}",0.0,inf,inf,inf,238.094,238.094
334,T3,BESTEFFORT,ARRIVING,m7-1,88.213,"{'m1-1': 10.96, 'm2-1': 114.96, 'm3-1': 1.12, 'm4-1': 11.64, 'm5-1': 10.19, 'm6-1': 92.47, 'm7-1': 106.56, 'm8-1': 117.68}",0.0,inf,inf,inf,238.213,238.213
335,T4,BESTEFFORT,ARRIVING,m8-1,89.307,"{'m1-1': 9.76, 'm2-1': 114.41, 'm3-1': 1.03, 'm4-1': 10.71, 'm5-1': 9.63, 'm6-1': 111.67, 'm7-1': 113.39, 'm8-1': 110.14}",0.0,inf,inf,inf,239.30700000000002,239.30700000000002
336,T3,BESTEFFORT,ARRIVING,m1-1,89.326,"{'m1-1': 11.02, 'm2-1': 109.74, 'm3-1': 0.96, 'm4-1': 10.12, 'm5-1': 10.38, 'm6-1': 94.48, 'm7-1': 111.44, 'm8-1': 112.4}",0.0,inf,inf,inf,239.326,239.326
337,T1,BESTEFFORT,ARRIVING,m2-1,89.407,"{'m1-1': 10.88, 'm2-1': 98.8, 'm3-1': 1.01, 'm4-1': 9.23, 'm5-1': 11.44, 'm6-1': 102.84, 'm7-1': 102.95, 'm8-1': 108.38}",0.0,inf,inf,inf,239.40699999999998,239.40699999999998
338,T3,BESTEFFORT,COMPLETED,m3-1,89.725,"{'m1-1': 10.6, 'm2-1': 109.48, 'm3-1': 0.98, 'm4-1': 10.21, 'm5-1': 10.25, 'm6-1': 100.15, 'm7-1': 99.33, 'm8-1': 106.59}",1.47,89.725,90.705,inf,239.725,239.725
339,T4,BESTEFFORT,ARRIVING,m4-1,90.028,"{'m1-1': 9.38, 'm2-1': 100.59, 'm3-1': 1.06, 'm4-1': 11.39, 'm5-1': 9.94, 'm6-1': 97.38, 'm7-1': 101.75, 'm8-1': 103.87}",0.0,inf,inf,inf,240.02800000000002,240.02800000000002
340,T1,BESTEFFORT,ARRIVING,m5-1,90.456,"{'m1-1': 10.58, 'm2-1': 100.77, 'm3-1': 1.04, 'm4-1': 10.19, 'm5-1': 11.32, 'm6-1': 102.04, 'm7-1': 115.42, 'm8-1': 103.47}",0.0,inf,inf,inf,240.45600000000002,240.45600000000002
341,T3,BESTEFFORT,ARRIVING,m6-1,90.548,"{'m1-1': 10.79, 'm2-1': 107.83, 'm3-1': 1.03, 'm4-1': 10.94, 'm5-1': 10.91, 'm6-1': 103.16, 'm7-1': 109.65, 'm8-1': 101.65}",0.0,inf,inf,inf,240.548,240.548
342,T4,BESTEFFORT,ARRIVING,m7-1,90.707,"{'m1-1': 10.62, 'm2-1': 99.75, 'm3-1': 1.03, 'm4-1': 10.74, 'm5-1': 9.34, 'm6-1': 111.1, 'm7-1': 95.94, 'm8-1': 104.95}",0.0,inf,inf,inf,240.707,240.707
343,T4,BESTEFFORT,ARRIVING,m8-1,90.955,"{'m1-1': 9.43, 'm2-1': 118.04, 'm3-1': 0.96, 'm4-1': 11.59, 'm5-1': 10.01, 'm6-1': 106.08, 'm7-1': 111.27, 'm8-1': 108.12}",0.0,inf,inf,inf,240.95499999999998,240.95499999999998
344,T2,BESTEFFORT,ARRIVING,m1-1,91.636,"{'m1-1': 10.98, 'm2-1': 111.23, 'm3-1': 0.94, 'm4-1': 9.59, 'm5-1': 11.44, 'm6-1': 109.11, 'm7-1': 98.65, 'm8-1': 99.62}",0.0,inf,inf,inf,241.636,241.636
345,T4,BESTEFFORT,ARRIVING,m2-1,91.78,"{'m1-1': 9.47, 'm2-1': 110.87, 'm3-1': 1.04, 'm4-1': 10.92, 'm5-1': 10.44, 'm6-1': 103.72, 'm7-1': 105.02, 'm8-1': 112.52}",0.0,inf,inf,inf,241.78,241.78
346,T3,BESTEFFORT,COMPLETED,m3-1,91.907,"{'m1-1': 9.41, 'm2-1': 100.3, 'm3-1': 1.0, 'm4-1': 11.42, 'm5-1': 11.57, 'm6-1': 99.49, 'm7-1': 101.01, 'm8-1': 112.7}",1.5,91.907,92.907,inf,241.90699999999998,241.90699999999998
347,T1,BESTEFFORT,ARRIVING,m4-1,92.315,"{'m1-1': 10.9, 'm2-1': 104.77, 'm3-1': 0.93, 'm4-1': 9.59, 'm5-1': 10.77, 'm6-1': 97.42, 'm7-1': 112.07, 'm8-1': 103.98}",0.0,inf,inf,inf,242.315,242.315
348,T1,BESTEFFORT,ARRIVING,m5-1,92.414,"{'m1-1': 11.66, 'm2-1': 95.82, 'm3-1': 1.05, 'm4-1': 10.08, 'm5-1': 9.8, 'm6-1': 112.53, 'm7-1': 112.35, 'm8-1': 102.3}",0.0,inf,inf,inf,242.414,242.414
349,T4,BESTEFFORT,ARRIVING,m6-1,92.452,"{'m1-1': 10.78, 'm2-1': 100.31, 'm3-1': 0.94, 'm4-1': 10.57, 'm5-1': 10.89, 'm6-1': 114.92, 'm7-1': 103.99, 'm8-1': 98.33}",0.0,inf,inf,inf,242.452,242.452
350,T4,BESTEFFORT,ARRIVING,m7-1,92.476,"{'m1-1': 10.57, 'm2-1': 118.2, 'm3-1': 0.93, 'm4-1': 10.38, 'm5-1': 10.5, 'm6-1': 105.79, 'm7-1': 107.59, 'm8-1': 105.4}",0.0,inf,inf,inf,242.476,242.476
351,T1,BESTEFFORT,ARRIVING,m8-1,93.078,"{'m1-1': 11.27, 'm2-1': 111.96, 'm3-1': 1.06, 'm4-1': 9.67, 'm5-1': 9.82, 'm6-1': 113.37, 'm7-1': 107.2, 'm8-1': 103.64}",0.0,inf,inf,inf,243.078,243.078
352,T4,BESTEFFORT,ARRIVING,m1-1,93.11,"{'m1-1': 11.02, 'm2-1': 105.26, 'm3-1': 1.02, 'm4-1': 10.07, 'm5-1': 10.94, 'm6-1': 110.99, 'm7-1': 111.18, 'm8-1': 101.59}",0.0,inf,inf,inf,243.11,243.11
353,T1,BESTEFFORT,ARRIVING,m2-1,93.17,"{'m1-1': 11.2, 'm2-1': 98.89, 'm3-1': 1.05, 'm4-1': 9.45, 'm5-1': 11.16, 'm6-1': 105.72, 'm7-1': 112.39, 'm8-1': 96.79}",0.0,inf,inf,inf,243.17000000000002,243.17000000000002
354,T3,BESTEFFORT,COMPLETED,m3-1,93.236,"{'m1-1': 11.12, 'm2-1': 112.31, 'm3-1': 1.08, 'm4-1': 11.14, 'm5-1': 10.52, 'm6-1': 109.74, 'm7-1': 105.43, 'm8-1': 111.72}",1.62,93.236,94.316,inf,243.236,243.236
355,T1,BESTEFFORT,ARRIVING,m4-1,93.378,"{'m1-1': 10.28, 'm2-1': 100.35, 'm3-1': 1.01, 'm4-1': 9.85, 'm5-1': 10.83, 'm6-1': 96.81, 'm7-1': 107.28, 'm8-1': 105.24}",0.0,inf,inf,inf,243.378,243.378
356,T1,BESTEFFORT,ARRIVING,m5-1,93.771,"{'m1-1': 10.37, 'm2-1': 108.76, 'm3-1': 1.0, 'm4-1': 10.92, 'm5-1': 10.59, 'm6-1': 107.79, 'm7-1': 109.21, 'm8-1': 107.92}",0.0,inf,inf,inf,243.77100000000002,243.77100000000002
357,T3,BESTEFFORT,ARRIVING,m6-1,93.957,"{'m1-1': 10.4, 'm2-1': 110.78, 'm3-1': 1.08, 'm4-1': 10.1, 'm5-1': 10.9, 'm6-1': 96.09, 'm7-1': 104.93, 'm8-1': 101.74}",0.0,inf,inf,inf,243.957,243.957
358,T2,BESTEFFORT,ARRIVING,m7-1,94.016,"{'m1-1': 10.1, 'm2-1': 99.98, 'm3-1': 0.97, 'm4-1': 11.02, 'm5-1': 10.41, 'm6-1': 113.03, 'm7-1': 106.08, 'm8-1': 107.44}",0.0,inf,inf,inf,244.01600000000002,244.01600000000002
359,T1,BESTEFFORT,ARRIVING,m8-1,94.03,"{'m1-1': 11.33, 'm2-1': 105.43, 'm3-1': 1.07, 'm4-1': 10.47, 'm5-1': 10.04, 'm6-1': 98.98, 'm7-1': 103.86, 'm8-1': 100.06}",0.0,inf,inf,inf,244.03,244.03
360,T2,BESTEFFORT,ARRIVING,m1-1,94.543,"{'m1-1': 10.28, 'm2-1': 111.26, 'm3-1': 1.0, 'm4-1': 10.86, 'm5-1': 10.04, 'm6-1': 97.66, 'm7-1': 111.13, 'm8-1': 100.5}",0.0,inf,inf,inf,244.543,244.543
361,T4,BESTEFFORT,ARRIVING,m2-1,94.906,"{'m1-1': 10.55, 'm2-1': 115.94, 'm3-1': 0.97, 'm4-1': 11.01, 'm5-1': 10.56, 'm6-1': 106.51, 'm7-1': 111.6, 'm8-1': 105.31}",0.0,inf,inf,inf,244.906,244.906
362,T3,BESTEFFORT,COMPLETED,m3-1,95.222,"{'m1-1': 10.66, 'm2-1': 105.21, 'm3-1': 1.1, 'm4-1': 9.99, 'm5-1': 11.58, 'm6-1': 105.93, 'm7-1': 95.58, 'm8-1': 117.02}",1.6500000000000001,95.222,96.32199999999999,inf,245.22199999999998,245.22199999999998
363,T4,BESTEFFORT,COMPLETED,m4-1,95.704,"{'m1-1': 9.45, 'm2-1': 115.36, 'm3-1': 0.99, 'm4-1': 10.71, 'm5-1': 9.62, 'm6-1': 111.99, 'm7-1': 102.79, 'm8-1': 104.92}",16.065,127.69300000000001,138.40300000000002,inf,245.704,245.704
364,T4,BESTEFFORT,COMPLETED,m5-1,95.84,"{'m1-1': 10.06, 'm2-1': 103.7, 'm3-1': 0.98, 'm4-1': 10.34, 'm5-1': 10.47, 'm6-1': 97.42, 'm7-1': 102.86, 'm8-1': 101.47}",15.705000000000002,127.43999999999998,137.91,inf,245.84,245.84
365,T2,BESTEFFORT,MISSED,m6-1,95.903,"{'m1-1': 9.76, 'm2-1': 111.3, 'm3-1': 1.09, 'm4-1': 11.03, 'm5-1': 11.5, 'm6-1': 101.56, 'm7-1': 98.54, 'm8-1': 93.02}",133.93350000000004,156.614,inf,245.90300000000002,245.90300000000002,245.90300000000002
366,T1,BESTEFFORT,ARRIVING,m7-1,96.022,"{'m1-1': 10.58, 'm2-1': 111.94, 'm3-1': 0.94, 'm4-1': 9.49, 'm5-1': 10.48, 'm6-1': 108.89, 'm7-1': 102.02, 'm8-1': 97.51}",0.0,inf,inf,inf,246.022,246.022
367,T1,BESTEFFORT,ARRIVING,m8-1,96.3,"{'m1-1': 10.63, 'm2-1': 102.33, 'm3-1': 0.97, 'm4-1': 10.28, 'm5-1': 10.21, 'm6-1': 104.83, 'm7-1': 113.79, 'm8-1': 108.66}",0.0,inf,inf,inf,246.3,246.3
368,T1,BESTEFFORT,COMPLETED,m1-1,96.582,"{'m1-1': 11.04, 'm2-1': 104.47, 'm3-1': 0.96, 'm4-1': 10.11, 'm5-1': 11.08, 'm6-1': 105.06, 'm7-1': 101.62, 'm8-1': 98.06}",16.56,126.769,137.809,inf,246.582,246.582
369,T3,BESTEFFORT,ARRIVING,m2-1,96.747,"{'m1-1': 10.83, 'm2-1': 99.32, 'm3-1': 0.99, 'm4-1': 11.3, 'm5-1': 9.89, 'm6-1': 94.91, 'm7-1': 97.9, 'm8-1': 114.08}",0.0,inf,inf,inf,246.747,246.747
370,T1,BESTEFFORT,COMPLETED,m3-1,97.926,"{'m1-1': 10.05, 'm2-1': 109.16, 'm3-1': 1.0, 'm4-1': 10.56, 'm5-1': 10.53, 'm6-1': 104.95, 'm7-1': 107.48, 'm8-1': 93.89}",1.5,97.926,98.926,inf,247.926,247.926
371,T2,BESTEFFORT,ARRIVING,m4-1,98.55,"{'m1-1': 9.49, 'm2-1': 100.68, 'm3-1': 0.94, 'm4-1': 10.54, 'm5-1': 10.97, 'm6-1': 96.0, 'm7-1': 110.04, 'm8-1': 94.9}",0.0,inf,inf,inf,248.55,248.55
372,T2,BESTEFFORT,ARRIVING,m5-1,99.368,"{'m1-1': 10.45, 'm2-1': 114.16, 'm3-1': 1.08, 'm4-1': 9.52, 'm5-1': 10.75, 'm6-1': 97.33, 'm7-1': 99.08, 'm8-1': 99.01}",0.0,inf,inf,inf,249.368,249.368
373,T4,BESTEFFORT,ARRIVING,m6-1,99.608,"{'m1-1': 10.0, 'm2-1': 108.91, 'm3-1': 0.95, 'm4-1': 10.67, 'm5-1': 9.54, 'm6-1': 97.53, 'm7-1': 112.46, 'm8-1': 99.42}",0.0,inf,inf,inf,249.608,249.608
374,T1,BESTEFFORT,ARRIVING,m7-1,99.898,"{'m1-1': 10.6, 'm2-1': 96.99, 'm3-1': 1.05, 'm4-1': 9.54, 'm5-1': 11.47, 'm6-1': 110.79, 'm7-1': 109.64, 'm8-1': 108.17}",0.0,inf,inf,inf,249.898,249.898
375,T2,BESTEFFORT,ARRIVING,m8-1,99.953,"{'m1-1': 10.74, 'm2-1': 109.68, 'm3-1': 0.94, 'm4-1': 11.1, 'm5-1': 10.24, 'm6-1': 114.01, 'm7-1': 105.11, 'm8-1': 105.94}",0.0,inf,inf,inf,249.953,249.953
376,T3,BESTEFFORT,ARRIVING,m1-1,100.048,"{'m1-1': 10.37, 'm2-1': 113.0, 'm3-1': 1.1, 'm4-1': 11.65, 'm5-1': 10.08, 'm6-1': 101.1, 'm7-1': 109.87, 'm8-1': 108.26}",0.0,inf,inf,inf,250.048,250.048
377,T2,BESTEFFORT,MISSED,m2-1,100.078,"{'m1-1': 9.94, 'm2-1': 105.82, 'm3-1': 1.07, 'm4-1': 10.32, 'm5-1': 11.43, 'm6-1': 111.42, 'm7-1': 98.24, 'm8-1': 100.24}",141.603,155.676,inf,250.078,250.078,250.078
378,T4,BESTEFFORT,COMPLETED,m3-1,100.085,"{'m1-1': 10.48, 'm2-1': 118.02, 'm3-1': 0.96, 'm4-1': 11.77, 'm5-1': 9.57, 'm6-1': 109.32, 'm7-1': 97.64, 'm8-1': 104.55}",1.44,100.085,101.04499999999999,inf,250.08499999999998,250.08499999999998
379,T3,BESTEFFORT,ARRIVING,m4-1,100.091,"{'m1-1': 9.97, 'm2-1': 102.08, 'm3-1': 0.95, 'm4-1': 10.22, 'm5-1': 10.29, 'm6-1': 95.86, 'm7-1': 108.07, 'm8-1': 107.08}",0.0,inf,inf,inf,250.091,250.091
380,T4,BESTEFFORT,ARRIVING,m5-1,100.247,"{'m1-1': 9.84, 'm2-1': 104.98, 'm3-1': 1.0, 'm4-1': 10.56, 'm5-1': 10.88, 'm6-1': 107.49, 'm7-1': 108.44, 'm8-1': 100.64}",0.0,inf,inf,inf,250.247,250.247
381,T2,BESTEFFORT,ARRIVING,m6-1,100.355,"{'m1-1': 10.92, 'm2-1': 104.36, 'm3-1': 1.07, 'm4-1': 10.01, 'm5-1': 11.24, 'm6-1': 113.21, 'm7-1': 101.35, 'm8-1': 100.97}",0.0,inf,inf,inf,250.35500000000002,250.35500000000002
382,T3,BESTEFFORT,ARRIVING,m7-1,100.814,"{'m1-1': 10.3, 'm2-1': 115.55, 'm3-1': 0.99, 'm4-1': 11.57, 'm5-1': 10.08, 'm6-1': 98.08, 'm7-1': 110.93, 'm8-1': 107.17}",0.0,inf,inf,inf,250.814,250.814
383,T4,BESTEFFORT,ARRIVING,m8-1,100.902,"{'m1-1': 10.47, 'm2-1': 112.94, 'm3-1': 1.0, 'm4-1': 11.27, 'm5-1': 9.62, 'm6-1': 108.1, 'm7-1': 100.75, 'm8-1': 103.8}",0.0,inf,inf,inf,250.902,250.902
384,T2,BESTEFFORT,ARRIVING,m1-1,100.991,"{'m1-1': 9.91, 'm2-1': 115.32, 'm3-1': 0.94, 'm4-1': 9.67, 'm5-1': 10.37, 'm6-1': 107.13, 'm7-1': 98.62, 'm8-1': 104.75}",0.0,inf,inf,inf,250.99099999999999,250.99099999999999
385,T3,BESTEFFORT,ARRIVING,m2-1,101.35,"{'m1-1': 10.72, 'm2-1': 115.25, 'm3-1': 0.98, 'm4-1': 11.52, 'm5-1': 9.99, 'm6-1': 103.45, 'm7-1': 101.96, 'm8-1': 107.32}",0.0,inf,inf,inf,251.35,251.35
386,T4,BESTEFFORT,COMPLETED,m3-1,101.466,"{'m1-1': 10.19, 'm2-1': 104.42, 'm3-1': 1.02, 'm4-1': 11.83, 'm5-1': 9.6, 'm6-1': 105.13, 'm7-1': 108.06, 'm8-1': 102.78}",1.53,101.466,102.48599999999999,inf,251.466,251.466
387,T3,BESTEFFORT,ARRIVING,m4-1,101.825,"{'m1-1': 9.83, 'm2-1': 98.34, 'm3-1': 1.09, 'm4-1': 10.63, 'm5-1': 11.3, 'm6-1': 109.59, 'm7-1': 95.4, 'm8-1': 115.88}",0.0,inf,inf,inf,251.825,251.825
388,T3,BESTEFFORT,ARRIVING,m5-1,101.94,"{'m1-1': 10.98, 'm2-1': 98.77, 'm3-1': 1.08, 'm4-1': 11.01, 'm5-1': 10.36, 'm6-1': 99.35, 'm7-1': 108.5, 'm8-1': 104.1}",0.0,inf,inf,inf,251.94,251.94
389,T3,BESTEFFORT,ARRIVING,m6-1,102.188,"{'m1-1': 10.02, 'm2-1': 105.26, 'm3-1': 1.01, 'm4-1': 11.35, 'm5-1': 10.74, 'm6-1': 102.27, 'm7-1': 100.54, 'm8-1': 113.05}",0.0,inf,inf,inf,252.188,252.188
390,T1,BESTEFFORT,ARRIVING,m7-1,102.383,"{'m1-1': 9.99, 'm2-1': 102.98, 'm3-1': 1.03, 'm4-1': 10.24, 'm5-1': 11.18, 'm6-1': 112.44, 'm7-1': 108.25, 'm8-1': 110.15}",0.0,inf,inf,inf,252.38299999999998,252.38299999999998
391,T4,BESTEFFORT,ARRIVING,m8-1,102.777,"{'m1-1': 10.05, 'm2-1': 115.04, 'm3-1': 1.07, 'm4-1': 11.74, 'm5-1': 10.87, 'm6-1': 111.29, 'm7-1': 107.62, 'm8-1': 110.93}",0.0,inf,inf,inf,252.777,252.777
392,T3,BESTEFFORT,ARRIVING,m1-1,103.089,"{'m1-1': 10.36, 'm2-1': 97.51, 'm3-1': 1.04, 'm4-1': 10.84, 'm5-1': 10.89, 'm6-1': 99.96, 'm7-1': 106.3, 'm8-1': 105.2}",0.0,inf,inf,inf,253.089,253.089
393,T4,BESTEFFORT,ARRIVING,m2-1,103.301,"{'m1-1': 10.57, 'm2-1': 114.14, 'm3-1': 1.05, 'm4-1': 11.47, 'm5-1': 9.89, 'm6-1': 112.17, 'm7-1': 105.96, 'm8-1': 112.46}",0.0,inf,inf,inf,253.301,253.301
394,T2,BESTEFFORT,COMPLETED,m3-1,103.526,"{'m1-1': 9.58, 'm2-1': 103.59, 'm3-1': 1.06, 'm4-1': 10.1, 'm5-1': 10.81, 'm6-1': 104.94, 'm7-1': 97.23, 'm8-1': 103.23}",1.59,103.526,104.586,inf,253.526,253.526
395,T3,BESTEFFORT,ARRIVING,m4-1,103.741,"{'m1-1': 9.72, 'm2-1': 112.78, 'm3-1': 0.99, 'm4-1': 10.49, 'm5-1': 10.53, 'm6-1': 104.23, 'm7-1': 96.08, 'm8-1': 116.28}",0.0,inf,inf,inf,253.74099999999999,253.74099999999999
396,T4,BESTEFFORT,ARRIVING,m5-1,104.437,"{'m1-1': 10.06, 'm2-1': 116.41, 'm3-1': 0.96, 'm4-1': 11.21, 'm5-1': 9.53, 'm6-1': 101.01, 'm7-1': 106.45, 'm8-1': 95.27}",0.0,inf,inf,inf,254.437,254.437
397,T2,BESTEFFORT,ARRIVING,m6-1,104.456,"{'m1-1': 9.65, 'm2-1': 105.56, 'm3-1': 1.03, 'm4-1': 10.24, 'm5-1': 11.26, 'm6-1': 111.14, 'm7-1': 105.06, 'm8-1': 95.53}",0.0,inf,inf,inf,254.45600000000002,254.45600000000002
398,T3,BESTEFFORT,ARRIVING,m7-1,104.496,"{'m1-1': 10.84, 'm2-1': 110.66, 'm3-1': 1.0, 'm4-1': 10.14, 'm5-1': 11.09, 'm6-1': 96.85, 'm7-1': 96.94, 'm8-1': 101.66}",0.0,inf,inf,inf,254.49599999999998,254.49599999999998
399,T3,BESTEFFORT,MISSED,m8-1,104.694,"{'m1-1': 11.12, 'm2-1': 115.6, 'm3-1': 1.06, 'm4-1': 11.36, 'm5-1': 11.07, 'm6-1': 102.96, 'm7-1': 102.89, 'm8-1': 116.18}",146.61450000000002,156.951,inf,254.69400000000002,254.69400000000002,254.69400000000002
400,T1,BESTEFFORT,ARRIVING,m1-1,104.79,"{'m1-1': 11.11, 'm2-1': 97.54, 'm3-1': 0.99, 'm4-1': 10.42, 'm5-1': 10.19, 'm6-1': 108.89, 'm7-1': 112.22, 'm8-1': 98.83}",0.0,inf,inf,inf,254.79000000000002,254.79000000000002
401,T3,BESTEFFORT,ARRIVING,m2-1,104.942,"{'m1-1': 10.91, 'm2-1': 101.69, 'm3-1': 1.12, 'm4-1': 10.64, 'm5-1': 9.99, 'm6-1': 103.99, 'm7-1': 95.07, 'm8-1': 117.46}",0.0,inf,inf,inf,254.942,254.942
402,T2,BESTEFFORT,COMPLETED,m3-1,104.991,"{'m1-1': 10.29, 'm2-1': 106.65, 'm3-1': 1.01, 'm4-1': 9.77, 'm5-1': 10.14, 'm6-1': 99.73, 'm7-1': 98.31, 'm8-1': 104.88}",1.5150000000000001,104.991,106.001,inf,254.99099999999999,254.99099999999999
403,T3,BESTEFFORT,ARRIVING,m4-1,105.075,"{'m1-1': 9.53, 'm2-1': 98.14, 'm3-1': 1.12, 'm4-1': 11.64, 'm5-1': 11.64, 'm6-1': 103.78, 'm7-1': 102.86, 'm8-1': 109.72}",0.0,inf,inf,inf,255.075,255.075
404,T4,BESTEFFORT,ARRIVING,m5-1,105.182,"{'m1-1': 9.93, 'm2-1': 105.38, 'm3-1': 0.96, 'm4-1': 10.24, 'm5-1': 10.8, 'm6-1': 104.93, 'm7-1': 98.2, 'm8-1': 106.36}",0.0,inf,inf,inf,255.18200000000002,255.18200000000002
405,T4,BESTEFFORT,ARRIVING,m6-1,105.369,"{'m1-1': 9.4, 'm2-1': 105.61, 'm3-1': 0.96, 'm4-1': 11.88, 'm5-1': 10.33, 'm6-1': 110.8, 'm7-1': 96.89, 'm8-1': 101.41}",0.0,inf,inf,inf,255.369,255.369
406,T3,BESTEFFORT,ARRIVING,m7-1,106.263,"{'m1-1': 9.66, 'm2-1': 103.39, 'm3-1': 1.07, 'm4-1': 10.27, 'm5-1': 11.23, 'm6-1': 96.24, 'm7-1': 94.15, 'm8-1': 102.66}",0.0,inf,inf,inf,256.26300000000003,256.26300000000003
407,T3,BESTEFFORT,ARRIVING,m8-1,106.415,"{'m1-1': 10.88, 'm2-1': 106.06, 'm3-1': 1.01, 'm4-1': 10.83, 'm5-1': 10.21, 'm6-1': 107.0, 'm7-1': 107.06, 'm8-1': 113.54}",0.0,inf,inf,inf,256.415,256.415
408,T4,BESTEFFORT,COMPLETED,m1-1,107.124,"{'m1-1': 10.57, 'm2-1': 101.05, 'm3-1': 1.09, 'm4-1': 10.22, 'm5-1': 10.69, 'm6-1': 98.26, 'm7-1': 106.34, 'm8-1': 112.27}",15.855,137.809,148.379,inf,257.124,257.124
409,T2,BESTEFFORT,ARRIVING,m2-1,107.339,"{'m1-1': 10.68, 'm2-1': 112.28, 'm3-1': 0.94, 'm4-1': 10.33, 'm5-1': 11.11, 'm6-1': 106.03, 'm7-1': 113.69, 'm8-1': 102.92}",0.0,inf,inf,inf,257.339,257.339
410,T3,BESTEFFORT,COMPLETED,m3-1,108.0,"{'m1-1': 10.41, 'm2-1': 99.32, 'm3-1': 1.12, 'm4-1': 10.87, 'm5-1': 10.33, 'm6-1': 94.57, 'm7-1': 103.1, 'm8-1': 115.55}",1.6800000000000002,108.0,109.12,inf,258.0,258.0
411,T3,BESTEFFORT,COMPLETED,m4-1,108.083,"{'m1-1': 9.95, 'm2-1': 103.86, 'm3-1': 0.97, 'm4-1': 9.83, 'm5-1': 10.35, 'm6-1': 99.14, 'm7-1': 107.53, 'm8-1': 104.16}",14.745000000000001,138.40300000000002,148.23300000000003,inf,258.08299999999997,258.08299999999997
412,T1,BESTEFFORT,COMPLETED,m5-1,108.327,"{'m1-1': 10.63, 'm2-1': 96.8, 'm3-1': 1.0, 'm4-1': 9.25, 'm5-1': 11.11, 'm6-1': 114.23, 'm7-1': 112.21, 'm8-1': 96.53}",16.665,137.91,149.01999999999998,inf,258.327,258.327
413,T1,BESTEFFORT,ARRIVING,m6-1,108.439,"{'m1-1': 10.61, 'm2-1': 108.62, 'm3-1': 1.05, 'm4-1': 10.19, 'm5-1': 10.0, 'm6-1': 101.06, 'm7-1': 113.79, 'm8-1': 102.31}",0.0,inf,inf,inf,258.43899999999996,258.43899999999996
414,T1,BESTEFFORT,MISSED,m7-1,108.686,"{'m1-1': 11.35, 'm2-1': 95.16, 'm3-1': 1.1, 'm4-1': 9.44, 'm5-1': 11.45, 'm6-1': 112.23, 'm7-1': 108.24, 'm8-1': 109.51}",153.03150000000005,156.665,inf,258.68600000000004,258.68600000000004,258.68600000000004
415,T4,BESTEFFORT,ARRIVING,m8-1,108.844,"{'m1-1': 10.19, 'm2-1': 105.14, 'm3-1': 0.96, 'm4-1': 10.54, 'm5-1': 10.36, 'm6-1': 98.73, 'm7-1': 110.29, 'm8-1': 105.49}",0.0,inf,inf,inf,258.844,258.844
416,T1,BESTEFFORT,ARRIVING,m1-1,108.873,"{'m1-1': 10.09, 'm2-1': 109.55, 'm3-1': 1.0, 'm4-1': 10.46, 'm5-1': 11.25, 'm6-1': 103.75, 'm7-1': 107.85, 'm8-1': 95.66}",0.0,inf,inf,inf,258.873,258.873
417,T1,BESTEFFORT,ARRIVING,m2-1,109.029,"{'m1-1': 11.4, 'm2-1': 106.74, 'm3-1': 1.09, 'm4-1': 9.28, 'm5-1': 10.5, 'm6-1': 106.53, 'm7-1': 108.6, 'm8-1': 104.37}",0.0,inf,inf,inf,259.029,259.029
418,T2,BESTEFFORT,COMPLETED,m3-1,109.181,"{'m1-1': 9.46, 'm2-1': 109.12, 'm3-1': 0.94, 'm4-1': 9.63, 'm5-1': 10.31, 'm6-1': 108.44, 'm7-1': 101.3, 'm8-1': 103.15}",1.41,109.181,110.121,inf,259.181,259.181
419,T4,BESTEFFORT,ARRIVING,m4-1,109.238,"{'m1-1': 9.7, 'm2-1': 111.75, 'm3-1': 1.05, 'm4-1': 10.5, 'm5-1': 10.18, 'm6-1': 107.77, 'm7-1': 104.71, 'm8-1': 111.67}",0.0,inf,inf,inf,259.238,259.238
420,T1,BESTEFFORT,ARRIVING,m5-1,109.654,"{'m1-1': 10.12, 'm2-1': 100.0, 'm3-1': 1.08, 'm4-1': 9.49, 'm5-1': 10.62, 'm6-1': 101.95, 'm7-1': 101.12, 'm8-1': 102.31}",0.0,inf,inf,inf,259.654,259.654
421,T2,BESTEFFORT,ARRIVING,m6-1,111.104,"{'m1-1': 10.49, 'm2-1': 99.11, 'm3-1': 1.08, 'm4-1': 11.07, 'm5-1': 11.73, 'm6-1': 100.36, 'm7-1': 101.3, 'm8-1': 92.88}",0.0,inf,inf,inf,261.104,261.104
422,T4,BESTEFFORT,ARRIVING,m7-1,111.144,"{'m1-1': 10.28, 'm2-1': 116.36, 'm3-1': 1.0, 'm4-1': 10.9, 'm5-1': 10.94, 'm6-1': 111.83, 'm7-1': 113.18, 'm8-1': 109.99}",0.0,inf,inf,inf,261.144,261.144
423,T1,BESTEFFORT,ARRIVING,m8-1,111.616,"{'m1-1': 10.56, 'm2-1': 110.29, 'm3-1': 0.95, 'm4-1': 9.57, 'm5-1': 9.87, 'm6-1': 108.12, 'm7-1': 104.98, 'm8-1': 107.29}",0.0,inf,inf,inf,261.616,261.616
424,T4,BESTEFFORT,ARRIVING,m1-1,111.69,"{'m1-1': 10.67, 'm2-1': 116.48, 'm3-1': 1.03, 'm4-1': 11.48, 'm5-1': 10.2, 'm6-1': 111.91, 'm7-1': 106.44, 'm8-1': 97.96}",0.0,inf,inf,inf,261.69,261.69
425,T1,BESTEFFORT,ARRIVING,m2-1,111.944,"{'m1-1': 11.18, 'm2-1': 97.49, 'm3-1': 1.08, 'm4-1': 10.39, 'm5-1': 9.85, 'm6-1': 99.54, 'm7-1': 106.94, 'm8-1': 97.07}",0.0,inf,inf,inf,261.944,261.944
426,T1,BESTEFFORT,COMPLETED,m3-1,111.951,"{'m1-1': 10.23, 'm2-1': 97.08, 'm3-1': 0.96, 'm4-1': 10.39, 'm5-1': 10.58, 'm6-1': 96.06, 'm7-1': 105.75, 'm8-1': 106.09}",1.44,111.951,112.91099999999999,inf,261.951,261.951
427,T3,BESTEFFORT,ARRIVING,m4-1,112.175,"{'m1-1': 9.66, 'm2-1': 99.62, 'm3-1': 1.1, 'm4-1': 9.92, 'm5-1': 10.81, 'm6-1': 103.84, 'm7-1': 110.46, 'm8-1': 105.76}",0.0,inf,inf,inf,262.175,262.175
428,T3,BESTEFFORT,ARRIVING,m5-1,112.249,"{'m1-1': 9.4, 'm2-1': 115.07, 'm3-1': 1.0, 'm4-1': 10.72, 'm5-1': 10.29, 'm6-1': 107.31, 'm7-1': 110.72, 'm8-1': 104.97}",0.0,inf,inf,inf,262.249,262.249
429,T3,BESTEFFORT,ARRIVING,m6-1,112.301,"{'m1-1': 11.14, 'm2-1': 104.08, 'm3-1': 1.11, 'm4-1': 9.99, 'm5-1': 11.25, 'm6-1': 94.63, 'm7-1': 111.43, 'm8-1': 107.56}",0.0,inf,inf,inf,262.301,262.301
430,T2,BESTEFFORT,ARRIVING,m7-1,112.47,"{'m1-1': 10.52, 'm2-1': 111.89, 'm3-1': 0.99, 'm4-1': 10.15, 'm5-1': 11.52, 'm6-1': 99.44, 'm7-1': 104.12, 'm8-1': 100.24}",0.0,inf,inf,inf,262.47,262.47
431,T3,BESTEFFORT,ARRIVING,m8-1,112.879,"{'m1-1': 10.78, 'm2-1': 97.68, 'm3-1': 0.96, 'm4-1': 10.08, 'm5-1': 11.15, 'm6-1': 107.52, 'm7-1': 97.65, 'm8-1': 113.38}",0.0,inf,inf,inf,262.879,262.879
432,T1,BESTEFFORT,ARRIVING,m1-1,113.014,"{'m1-1': 10.73, 'm2-1': 111.08, 'm3-1': 1.03, 'm4-1': 10.56, 'm5-1': 11.44, 'm6-1': 101.55, 'm7-1': 114.7, 'm8-1': 107.61}",0.0,inf,inf,inf,263.014,263.014
433,T1,BESTEFFORT,ARRIVING,m2-1,113.058,"{'m1-1': 11.39, 'm2-1': 106.74, 'm3-1': 1.05, 'm4-1': 9.78, 'm5-1': 9.91, 'm6-1': 112.47, 'm7-1': 102.76, 'm8-1': 104.24}",0.0,inf,inf,inf,263.058,263.058
434,T1,BESTEFFORT,COMPLETED,m3-1,113.847,"{'m1-1': 10.58, 'm2-1': 98.1, 'm3-1': 1.02, 'm4-1': 10.01, 'm5-1': 9.87, 'm6-1': 100.19, 'm7-1': 108.07, 'm8-1': 96.21}",1.53,113.847,114.86699999999999,inf,263.847,263.847
435,T2,BESTEFFORT,ARRIVING,m4-1,113.968,"{'m1-1': 10.77, 'm2-1': 108.4, 'm3-1': 0.99, 'm4-1': 11.1, 'm5-1': 11.0, 'm6-1': 113.11, 'm7-1': 109.11, 'm8-1': 96.62}",0.0,inf,inf,inf,263.968,263.968
436,T2,BESTEFFORT,ARRIVING,m5-1,114.181,"{'m1-1': 9.72, 'm2-1': 109.82, 'm3-1': 1.06, 'm4-1': 9.77, 'm5-1': 11.11, 'm6-1': 97.65, 'm7-1': 106.21, 'm8-1': 100.6}",0.0,inf,inf,inf,264.181,264.181
437,T2,BESTEFFORT,ARRIVING,m6-1,114.251,"{'m1-1': 10.82, 'm2-1': 103.07, 'm3-1': 1.02, 'm4-1': 11.27, 'm5-1': 11.47, 'm6-1': 112.15, 'm7-1': 100.98, 'm8-1': 96.41}",0.0,inf,inf,inf,264.251,264.251
438,T2,BESTEFFORT,ARRIVING,m7-1,114.492,"{'m1-1': 10.89, 'm2-1': 102.18, 'm3-1': 0.97, 'm4-1': 9.72, 'm5-1': 11.16, 'm6-1': 107.84, 'm7-1': 108.81, 'm8-1': 107.81}",0.0,inf,inf,inf,264.492,264.492
439,T4,BESTEFFORT,ARRIVING,m8-1,114.81,"{'m1-1': 10.4, 'm2-1': 110.77, 'm3-1': 1.01, 'm4-1': 10.67, 'm5-1': 10.47, 'm6-1': 97.66, 'm7-1': 95.97, 'm8-1': 105.96}",0.0,inf,inf,inf,264.81,264.81
440,T2,BESTEFFORT,ARRIVING,m1-1,115.149,"{'m1-1': 10.34, 'm2-1': 105.32, 'm3-1': 0.92, 'm4-1': 10.15, 'm5-1': 10.63, 'm6-1': 102.16, 'm7-1': 96.32, 'm8-1': 103.86}",0.0,inf,inf,inf,265.149,265.149
441,T3,BESTEFFORT,ARRIVING,m2-1,115.171,"{'m1-1': 10.25, 'm2-1': 110.44, 'm3-1': 1.04, 'm4-1': 11.42, 'm5-1': 11.47, 'm6-1': 97.68, 'm7-1': 94.16, 'm8-1': 116.98}",0.0,inf,inf,inf,265.171,265.171
442,T2,BESTEFFORT,COMPLETED,m3-1,115.302,"{'m1-1': 9.98, 'm2-1': 103.64, 'm3-1': 1.07, 'm4-1': 9.9, 'm5-1': 11.67, 'm6-1': 100.36, 'm7-1': 110.33, 'm8-1': 105.07}",1.605,115.302,116.372,inf,265.302,265.302
443,T1,BESTEFFORT,ARRIVING,m4-1,115.718,"{'m1-1': 10.14, 'm2-1': 108.28, 'm3-1': 1.0, 'm4-1': 9.25, 'm5-1': 11.16, 'm6-1': 99.56, 'm7-1': 115.99, 'm8-1': 103.07}",0.0,inf,inf,inf,265.718,265.718
444,T2,BESTEFFORT,ARRIVING,m5-1,115.951,"{'m1-1': 9.66, 'm2-1': 113.53, 'm3-1': 1.04, 'm4-1': 10.55, 'm5-1': 11.14, 'm6-1': 111.37, 'm7-1': 105.26, 'm8-1': 106.75}",0.0,inf,inf,inf,265.951,265.951
445,T3,BESTEFFORT,ARRIVING,m6-1,116.25,"{'m1-1': 10.25, 'm2-1': 110.11, 'm3-1': 0.97, 'm4-1': 11.0, 'm5-1': 11.05, 'm6-1': 99.98, 'm7-1': 97.34, 'm8-1': 117.26}",0.0,inf,inf,inf,266.25,266.25
446,T3,BESTEFFORT,ARRIVING,m7-1,116.645,"{'m1-1': 9.81, 'm2-1': 98.26, 'm3-1': 1.04, 'm4-1': 11.45, 'm5-1': 9.92, 'm6-1': 102.63, 'm7-1': 99.15, 'm8-1': 114.26}",0.0,inf,inf,inf,266.645,266.645
447,T3,BESTEFFORT,ARRIVING,m8-1,116.817,"{'m1-1': 10.42, 'm2-1': 109.14, 'm3-1': 1.11, 'm4-1': 10.57, 'm5-1': 10.38, 'm6-1': 95.28, 'm7-1': 98.82, 'm8-1': 116.61}",0.0,inf,inf,inf,266.817,266.817
448,T4,BESTEFFORT,ARRIVING,m1-1,116.897,"{'m1-1': 10.69, 'm2-1': 117.04, 'm3-1': 0.94, 'm4-1': 11.19, 'm5-1': 10.71, 'm6-1': 115.05, 'm7-1': 111.89, 'm8-1': 103.8}",0.0,inf,inf,inf,266.897,266.897
449,T4,BESTEFFORT,ARRIVING,m2-1,116.939,"{'m1-1': 10.37, 'm2-1': 108.18, 'm3-1': 1.02, 'm4-1': 10.26, 'm5-1': 9.35, 'm6-1': 105.15, 'm7-1': 96.89, 'm8-1': 104.28}",0.0,inf,inf,inf,266.93899999999996,266.93899999999996
450,T1,BESTEFFORT,COMPLETED,m3-1,117.303,"{'m1-1': 10.13, 'm2-1': 101.7, 'm3-1': 1.07, 'm4-1': 9.72, 'm5-1': 11.18, 'm6-1': 113.27, 'm7-1': 106.86, 'm8-1': 100.52}",1.605,117.303,118.37299999999999,inf,267.303,267.303
451,T4,BESTEFFORT,COMPLETED,m4-1,117.599,"{'m1-1': 10.58, 'm2-1': 117.58, 'm3-1': 0.94, 'm4-1': 10.66, 'm5-1': 10.97, 'm6-1': 110.99, 'm7-1': 107.99, 'm8-1': 107.34}",15.99,148.23300000000003,158.89300000000003,inf,267.599,267.599
452,T3,BESTEFFORT,COMPLETED,m5-1,117.63,"{'m1-1': 10.81, 'm2-1': 110.79, 'm3-1': 1.11, 'm4-1': 10.85, 'm5-1': 11.55, 'm6-1': 95.98, 'm7-1': 105.15, 'm8-1': 105.62}",17.325000000000003,149.01999999999998,160.57,inf,267.63,267.63
453,T1,BESTEFFORT,ARRIVING,m6-1,117.743,"{'m1-1': 11.23, 'm2-1': 110.11, 'm3-1': 0.99, 'm4-1': 10.45, 'm5-1': 10.12, 'm6-1': 107.15, 'm7-1': 102.43, 'm8-1': 105.09}",0.0,inf,inf,inf,267.743,267.743
454,T2,BESTEFFORT,ARRIVING,m7-1,117.792,"{'m1-1': 9.68, 'm2-1': 102.46, 'm3-1': 0.94, 'm4-1': 10.0, 'm5-1': 11.58, 'm6-1': 99.6, 'm7-1': 113.04, 'm8-1': 107.11}",0.0,inf,inf,inf,267.79200000000003,267.79200000000003
455,T4,BESTEFFORT,ARRIVING,m8-1,117.931,"{'m1-1': 10.87, 'm2-1': 113.6, 'm3-1': 0.92, 'm4-1': 10.52, 'm5-1': 9.56, 'm6-1': 108.56, 'm7-1': 101.89, 'm8-1': 104.62}",0.0,inf,inf,inf,267.931,267.931
456,T4,BESTEFFORT,COMPLETED,m1-1,117.978,"{'m1-1': 9.42, 'm2-1': 114.09, 'm3-1': 0.92, 'm4-1': 10.9, 'm5-1': 10.36, 'm6-1': 106.98, 'm7-1': 108.9, 'm8-1': 101.6}",14.129999999999999,148.379,157.79899999999998,inf,267.978,267.978
457,T1,BESTEFFORT,ARRIVING,m2-1,118.586,"{'m1-1': 10.31, 'm2-1': 110.71, 'm3-1': 0.97, 'm4-1': 10.26, 'm5-1': 10.14, 'm6-1': 98.04, 'm7-1': 99.52, 'm8-1': 111.04}",0.0,inf,inf,inf,268.586,268.586
458,T1,BESTEFFORT,COMPLETED,m3-1,119.411,"{'m1-1': 10.27, 'm2-1': 103.73, 'm3-1': 1.03, 'm4-1': 9.26, 'm5-1': 10.49, 'm6-1': 98.85, 'm7-1': 102.28, 'm8-1': 105.97}",1.545,119.411,120.441,inf,269.411,269.411
459,T4,BESTEFFORT,ARRIVING,m4-1,119.445,"{'m1-1': 9.86, 'm2-1': 111.78, 'm3-1': 0.95, 'm4-1': 10.9, 'm5-1': 11.05, 'm6-1': 99.05, 'm7-1': 98.75, 'm8-1': 109.02}",0.0,inf,inf,inf,269.445,269.445
460,T2,BESTEFFORT,ARRIVING,m5-1,119.651,"{'m1-1': 9.46, 'm2-1': 110.15, 'm3-1': 0.98, 'm4-1': 9.75, 'm5-1': 10.47, 'm6-1': 111.7, 'm7-1': 96.59, 'm8-1': 107.85}",0.0,inf,inf,inf,269.651,269.651
461,T2,BESTEFFORT,ARRIVING,m6-1,119.793,"{'m1-1': 10.01, 'm2-1': 112.09, 'm3-1': 0.96, 'm4-1': 9.84, 'm5-1': 10.87, 'm6-1': 109.97, 'm7-1': 98.28, 'm8-1': 104.88}",0.0,inf,inf,inf,269.793,269.793
462,T4,BESTEFFORT,ARRIVING,m7-1,120.315,"{'m1-1': 9.7, 'm2-1': 115.44, 'm3-1': 0.93, 'm4-1': 11.3, 'm5-1': 10.22, 'm6-1': 103.93, 'm7-1': 113.71, 'm8-1': 96.95}",0.0,inf,inf,inf,270.315,270.315
463,T4,BESTEFFORT,ARRIVING,m8-1,120.375,"{'m1-1': 9.42, 'm2-1': 100.64, 'm3-1': 0.93, 'm4-1': 10.97, 'm5-1': 10.3, 'm6-1': 114.85, 'm7-1': 96.8, 'm8-1': 109.53}",0.0,inf,inf,inf,270.375,270.375
464,T4,BESTEFFORT,ARRIVING,m1-1,120.414,"{'m1-1': 10.95, 'm2-1': 99.63, 'm3-1': 1.04, 'm4-1': 11.18, 'm5-1': 10.94, 'm6-1': 98.77, 'm7-1': 107.52, 'm8-1': 110.05}",0.0,inf,inf,inf,270.414,270.414
465,T4,BESTEFFORT,ARRIVING,m2-1,120.709,"{'m1-1': 10.74, 'm2-1': 111.18, 'm3-1': 1.04, 'm4-1': 10.67, 'm5-1': 10.92, 'm6-1': 110.27, 'm7-1': 99.52, 'm8-1': 109.01}",0.0,inf,inf,inf,270.709,270.709
466,T2,BESTEFFORT,COMPLETED,m3-1,121.293,"{'m1-1': 10.78, 'm2-1': 105.36, 'm3-1': 1.08, 'm4-1': 10.23, 'm5-1': 10.88, 'm6-1': 108.05, 'm7-1': 108.9, 'm8-1': 101.34}",1.62,121.293,122.373,inf,271.293,271.293
467,T1,BESTEFFORT,ARRIVING,m4-1,122.35,"{'m1-1': 10.45, 'm2-1': 104.18, 'm3-1': 1.1, 'm4-1': 10.8, 'm5-1': 10.51, 'm6-1': 101.69, 'm7-1': 102.35, 'm8-1': 102.24}",0.0,inf,inf,inf,272.35,272.35
468,T2,BESTEFFORT,ARRIVING,m5-1,122.366,"{'m1-1': 10.45, 'm2-1': 98.22, 'm3-1': 1.0, 'm4-1': 10.28, 'm5-1': 10.5, 'm6-1': 102.56, 'm7-1': 106.24, 'm8-1': 107.16}",0.0,inf,inf,inf,272.366,272.366
469,T4,BESTEFFORT,ARRIVING,m6-1,122.489,"{'m1-1': 10.73, 'm2-1': 100.97, 'm3-1': 1.0, 'm4-1': 10.14, 'm5-1': 10.13, 'm6-1': 104.77, 'm7-1': 102.84, 'm8-1': 106.6}",0.0,inf,inf,inf,272.48900000000003,272.48900000000003
470,T4,BESTEFFORT,ARRIVING,m7-1,122.592,"{'m1-1': 9.63, 'm2-1': 101.34, 'm3-1': 1.02, 'm4-1': 11.44, 'm5-1': 9.34, 'm6-1': 103.11, 'm7-1': 99.78, 'm8-1': 105.86}",0.0,inf,inf,inf,272.592,272.592
471,T3,BESTEFFORT,ARRIVING,m8-1,122.602,"{'m1-1': 10.4, 'm2-1': 107.91, 'm3-1': 0.97, 'm4-1': 10.28, 'm5-1': 10.7, 'm6-1': 93.0, 'm7-1': 97.95, 'm8-1': 100.66}",0.0,inf,inf,inf,272.602,272.602
472,T2,BESTEFFORT,ARRIVING,m1-1,122.759,"{'m1-1': 10.1, 'm2-1': 98.64, 'm3-1': 1.03, 'm4-1': 11.3, 'm5-1': 11.37, 'm6-1': 109.89, 'm7-1': 105.49, 'm8-1': 101.54}",0.0,inf,inf,inf,272.759,272.759
473,T1,BESTEFFORT,ARRIVING,m2-1,123.658,"{'m1-1': 10.56, 'm2-1': 104.99, 'm3-1': 1.08, 'm4-1': 10.18, 'm5-1': 11.02, 'm6-1': 109.82, 'm7-1': 116.98, 'm8-1': 95.27}",0.0,inf,inf,inf,273.658,273.658
474,T1,BESTEFFORT,COMPLETED,m3-1,124.054,"{'m1-1': 11.11, 'm2-1': 99.88, 'm3-1': 1.06, 'm4-1': 9.33, 'm5-1': 9.82, 'm6-1': 99.58, 'm7-1': 102.73, 'm8-1': 99.7}",1.59,124.054,125.114,inf,274.054,274.054
475,T4,BESTEFFORT,ARRIVING,m4-1,124.154,"{'m1-1': 9.49, 'm2-1': 107.74, 'm3-1': 0.98, 'm4-1': 11.09, 'm5-1': 10.73, 'm6-1': 112.31, 'm7-1': 112.12, 'm8-1': 100.54}",0.0,inf,inf,inf,274.154,274.154
476,T4,BESTEFFORT,ARRIVING,m5-1,124.603,"{'m1-1': 10.83, 'm2-1': 117.44, 'm3-1': 0.99, 'm4-1': 11.74, 'm5-1': 9.73, 'm6-1': 108.12, 'm7-1': 100.62, 'm8-1': 105.21}",0.0,inf,inf,inf,274.603,274.603
477,T1,BESTEFFORT,ARRIVING,m6-1,124.721,"{'m1-1': 10.46, 'm2-1': 100.54, 'm3-1': 1.0, 'm4-1': 10.22, 'm5-1': 9.72, 'm6-1': 112.4, 'm7-1': 112.79, 'm8-1': 102.93}",0.0,inf,inf,inf,274.721,274.721
478,T2,BESTEFFORT,ARRIVING,m7-1,124.755,"{'m1-1': 10.0, 'm2-1': 107.34, 'm3-1': 1.05, 'm4-1': 10.18, 'm5-1': 11.0, 'm6-1': 109.18, 'm7-1': 98.56, 'm8-1': 94.98}",0.0,inf,inf,inf,274.755,274.755
479,T2,BESTEFFORT,ARRIVING,m8-1,124.763,"{'m1-1': 10.03, 'm2-1': 100.74, 'm3-1': 1.04, 'm4-1': 11.17, 'm5-1': 11.32, 'm6-1': 102.39, 'm7-1': 96.53, 'm8-1': 104.17}",0.0,inf,inf,inf,274.76300000000003,274.76300000000003
480,T2,BESTEFFORT,ARRIVING,m1-1,124.9,"{'m1-1': 9.81, 'm2-1': 97.7, 'm3-1': 1.01, 'm4-1': 10.46, 'm5-1': 10.75, 'm6-1': 107.95, 'm7-1': 97.04, 'm8-1': 99.13}",0.0,inf,inf,inf,274.9,274.9
481,T4,BESTEFFORT,ARRIVING,m2-1,125.231,"{'m1-1': 11.0, 'm2-1': 110.37, 'm3-1': 1.01, 'm4-1': 10.88, 'm5-1': 9.86, 'm6-1': 97.15, 'm7-1': 113.59, 'm8-1': 108.71}",0.0,inf,inf,inf,275.231,275.231
482,T2,BESTEFFORT,COMPLETED,m3-1,125.514,"{'m1-1': 10.12, 'm2-1': 114.81, 'm3-1': 0.92, 'm4-1': 10.09, 'm5-1': 10.88, 'm6-1': 106.66, 'm7-1': 105.21, 'm8-1': 97.94}",1.3800000000000001,125.514,126.434,inf,275.514,275.514
483,T1,BESTEFFORT,ARRIVING,m4-1,125.646,"{'m1-1': 10.71, 'm2-1': 95.66, 'm3-1': 0.92, 'm4-1': 10.37, 'm5-1': 11.2, 'm6-1': 96.91, 'm7-1': 108.57, 'm8-1': 104.65}",0.0,inf,inf,inf,275.646,275.646
484,T4,BESTEFFORT,ARRIVING,m5-1,125.987,"{'m1-1': 11.01, 'm2-1': 115.74, 'm3-1': 0.92, 'm4-1': 11.22, 'm5-1': 9.95, 'm6-1': 99.57, 'm7-1': 110.3, 'm8-1': 108.0}",0.0,inf,inf,inf,275.98699999999997,275.98699999999997
485,T4,BESTEFFORT,ARRIVING,m6-1,126.232,"{'m1-1': 10.71, 'm2-1': 101.99, 'm3-1': 1.04, 'm4-1': 10.41, 'm5-1': 9.62, 'm6-1': 96.84, 'm7-1': 99.61, 'm8-1': 108.94}",0.0,inf,inf,inf,276.23199999999997,276.23199999999997
486,T4,BESTEFFORT,ARRIVING,m7-1,126.423,"{'m1-1': 10.11, 'm2-1': 112.6, 'm3-1': 1.06, 'm4-1': 11.55, 'm5-1': 9.71, 'm6-1': 108.67, 'm7-1': 109.63, 'm8-1': 105.21}",0.0,inf,inf,inf,276.423,276.423
487,T2,BESTEFFORT,ARRIVING,m8-1,126.687,"{'m1-1': 10.51, 'm2-1': 113.2, 'm3-1': 0.97, 'm4-1': 10.26, 'm5-1': 10.05, 'm6-1': 101.09, 'm7-1': 109.72, 'm8-1': 97.94}",0.0,inf,inf,inf,276.687,276.687
488,T1,BESTEFFORT,COMPLETED,m1-1,126.917,"{'m1-1': 11.1, 'm2-1': 94.81, 'm3-1': 1.1, 'm4-1': 10.54, 'm5-1': 11.17, 'm6-1': 111.07, 'm7-1': 113.48, 'm8-1': 101.33}",16.65,157.79899999999998,168.89899999999997,inf,276.91700000000003,276.91700000000003
489,T1,BESTEFFORT,ARRIVING,m2-1,127.141,"{'m1-1': 10.01, 'm2-1': 94.77, 'm3-1': 0.94, 'm4-1': 10.15, 'm5-1': 11.17, 'm6-1': 96.36, 'm7-1': 102.28, 'm8-1': 101.98}",0.0,inf,inf,inf,277.141,277.141
490,T1,BESTEFFORT,COMPLETED,m3-1,127.329,"{'m1-1': 11.75, 'm2-1': 111.59, 'm3-1': 1.07, 'm4-1': 9.61, 'm5-1': 10.16, 'm6-1': 113.54, 'm7-1': 107.81, 'm8-1': 98.87}",1.605,127.329,128.399,inf,277.329,277.329
491,T2,BESTEFFORT,COMPLETED,m4-1,128.011,"{'m1-1': 9.58, 'm2-1': 102.66, 'm3-1': 0.97, 'm4-1': 9.67, 'm5-1': 11.31, 'm6-1': 97.94, 'm7-1': 109.18, 'm8-1': 95.76}",14.504999999999999,158.89300000000003,168.56300000000002,inf,278.01099999999997,278.01099999999997
492,T1,BESTEFFORT,COMPLETED,m5-1,128.121,"{'m1-1': 10.45, 'm2-1': 97.1, 'm3-1': 1.06, 'm4-1': 9.35, 'm5-1': 11.18, 'm6-1': 110.62, 'm7-1': 112.21, 'm8-1': 109.6}",16.77,160.57,171.75,inf,278.121,278.121
493,T1,BESTEFFORT,ARRIVING,m6-1,128.443,"{'m1-1': 10.92, 'm2-1': 96.8, 'm3-1': 0.98, 'm4-1': 9.96, 'm5-1': 10.19, 'm6-1': 99.53, 'm7-1': 104.26, 'm8-1': 96.45}",0.0,inf,inf,inf,278.443,278.443
494,T2,BESTEFFORT,ARRIVING,m7-1,128.857,"{'m1-1': 9.68, 'm2-1': 100.52, 'm3-1': 0.92, 'm4-1': 10.23, 'm5-1': 10.92, 'm6-1': 96.54, 'm7-1': 106.88, 'm8-1': 108.22}",0.0,inf,inf,inf,278.85699999999997,278.85699999999997
495,T1,BESTEFFORT,ARRIVING,m8-1,129.068,"{'m1-1': 10.07, 'm2-1': 109.29, 'm3-1': 1.02, 'm4-1': 10.66, 'm5-1': 10.19, 'm6-1': 114.22, 'm7-1': 108.34, 'm8-1': 94.56}",0.0,inf,inf,inf,279.068,279.068
496,T2,BESTEFFORT,ARRIVING,m1-1,129.079,"{'m1-1': 9.85, 'm2-1': 105.12, 'm3-1': 1.02, 'm4-1': 10.06, 'm5-1': 11.38, 'm6-1': 111.5, 'm7-1': 105.82, 'm8-1': 92.95}",0.0,inf,inf,inf,279.079,279.079
497,T1,BESTEFFORT,ARRIVING,m2-1,129.437,"{'m1-1': 10.55, 'm2-1': 104.58, 'm3-1': 1.01, 'm4-1': 9.47, 'm5-1': 10.5, 'm6-1': 111.27, 'm7-1': 113.4, 'm8-1': 109.58}",0.0,inf,inf,inf,279.437,279.437
498,T1,BESTEFFORT,COMPLETED,m3-1,129.756,"{'m1-1': 10.95, 'm2-1': 110.58, 'm3-1': 1.03, 'm4-1': 10.28, 'm5-1': 9.65, 'm6-1': 101.74, 'm7-1': 101.23, 'm8-1': 108.36}",1.545,129.756,130.786,inf,279.756,279.756
499,T1,BESTEFFORT,ARRIVING,m4-1,129.801,"{'m1-1': 10.65, 'm2-1': 101.38, 'm3-1': 1.06, 'm4-1': 10.91, 'm5-1': 9.74, 'm6-1': 107.21, 'm7-1': 112.57, 'm8-1': 110.84}",0.0,inf,inf,inf,279.801,279.801
