id,type,urgency,status,assigned_machine,arrival_time,execution_time,energy_usage,start_time,completion_time,missed_time,deadline,extended_deadline
0,T2,BESTEFFORT,COMPLETED,m5-1,0.043,"{'m1-1': 9.91, 'm2-1': 93.67, 'm3-1': 104.1, 'm4-1': 1.02, 'm5-1': 1.08, 'm6-1': 105.72, 'm7-1': 103.63, 'm8-1': 10.32}",1.62,0.043,1.123,inf,150.043,150.043
1,T4,BESTEFFORT,COMPLETED,m4-1,0.048,"{'m1-1': 10.26, 'm2-1': 105.1, 'm3-1': 106.94, 'm4-1': 1.02, 'm5-1': 1.11, 'm6-1': 94.73, 'm7-1': 103.75, 'm8-1': 11.38}",1.53,0.048,1.068,inf,150.048,150.048
2,T4,BESTEFFORT,COMPLETED,m5-1,0.175,"{'m1-1': 10.28, 'm2-1': 95.7, 'm3-1': 106.45, 'm4-1': 0.97, 'm5-1': 1.14, 'm6-1': 104.59, 'm7-1': 111.84, 'm8-1': 11.33}",1.71,1.123,2.263,inf,150.175,150.175
3,T4,BESTEFFORT,COMPLETED,m4-1,0.279,"{'m1-1': 10.04, 'm2-1': 103.73, 'm3-1': 101.42, 'm4-1': 0.94, 'm5-1': 1.04, 'm6-1': 108.88, 'm7-1': 110.37, 'm8-1': 10.44}",1.41,1.068,2.008,inf,150.279,150.279
4,T4,BESTEFFORT,COMPLETED,m5-1,0.542,"{'m1-1': 10.69, 'm2-1': 109.22, 'm3-1': 95.9, 'm4-1': 0.98, 'm5-1': 1.05, 'm6-1': 106.21, 'm7-1': 99.69, 'm8-1': 9.58}",1.5750000000000002,2.263,3.3129999999999997,inf,150.542,150.542
5,T2,BESTEFFORT,COMPLETED,m4-1,0.927,"{'m1-1': 10.95, 'm2-1': 108.52, 'm3-1': 107.95, 'm4-1': 0.95, 'm5-1': 1.03, 'm6-1': 102.54, 'm7-1': 111.76, 'm8-1': 10.89}",1.4249999999999998,2.008,2.958,inf,150.927,150.927
6,T3,BESTEFFORT,COMPLETED,m5-1,0.98,"{'m1-1': 10.21, 'm2-1': 103.99, 'm3-1': 107.25, 'm4-1': 1.16, 'm5-1': 1.04, 'm6-1': 111.6, 'm7-1': 97.47, 'm8-1': 10.12}",1.56,3.3129999999999997,4.353,inf,150.98,150.98
7,T3,BESTEFFORT,COMPLETED,m4-1,1.038,"{'m1-1': 9.94, 'm2-1': 97.83, 'm3-1': 97.56, 'm4-1': 1.14, 'm5-1': 1.06, 'm6-1': 100.44, 'm7-1': 105.04, 'm8-1': 11.07}",1.71,2.958,4.098,inf,151.038,151.038
8,T4,BESTEFFORT,COMPLETED,m4-1,1.11,"{'m1-1': 11.2, 'm2-1': 111.18, 'm3-1': 98.64, 'm4-1': 1.08, 'm5-1': 1.08, 'm6-1': 93.77, 'm7-1': 109.53, 'm8-1': 10.16}",1.62,4.098,5.178,inf,151.11,151.11
9,T1,BESTEFFORT,COMPLETED,m5-1,1.399,"{'m1-1': 10.96, 'm2-1': 114.91, 'm3-1': 112.39, 'm4-1': 1.17, 'm5-1': 1.05, 'm6-1': 113.04, 'm7-1': 105.83, 'm8-1': 10.53}",1.5750000000000002,4.353,5.403,inf,151.399,151.399
10,T4,BESTEFFORT,COMPLETED,m8-1,1.933,"{'m1-1': 11.52, 'm2-1': 100.47, 'm3-1': 102.6, 'm4-1': 1.07, 'm5-1': 1.1, 'm6-1': 104.08, 'm7-1': 111.56, 'm8-1': 10.84}",16.259999999999998,1.933,12.773,inf,151.933,151.933
11,T2,BESTEFFORT,COMPLETED,m1-1,1.995,"{'m1-1': 10.41, 'm2-1': 98.28, 'm3-1': 110.78, 'm4-1': 1.04, 'm5-1': 1.04, 'm6-1': 100.6, 'm7-1': 102.15, 'm8-1': 10.06}",15.615,1.995,12.405000000000001,inf,151.995,151.995
12,T3,BESTEFFORT,COMPLETED,m4-1,2.406,"{'m1-1': 10.07, 'm2-1': 103.36, 'm3-1': 99.35, 'm4-1': 1.11, 'm5-1': 0.98, 'm6-1': 114.82, 'm7-1': 114.93, 'm8-1': 10.66}",1.665,5.178,6.288,inf,152.406,152.406
13,T2,BESTEFFORT,COMPLETED,m5-1,2.425,"{'m1-1': 9.75, 'm2-1': 108.76, 'm3-1': 100.42, 'm4-1': 0.93, 'm5-1': 1.15, 'm6-1': 110.36, 'm7-1': 100.86, 'm8-1': 11.41}",1.7249999999999999,5.403,6.552999999999999,inf,152.425,152.425
14,T1,BESTEFFORT,COMPLETED,m1-1,2.5,"{'m1-1': 9.84, 'm2-1': 105.31, 'm3-1': 115.12, 'm4-1': 1.16, 'm5-1': 1.14, 'm6-1': 99.02, 'm7-1': 93.03, 'm8-1': 10.31}",14.76,12.405000000000001,22.245,inf,152.5,152.5
15,T4,BESTEFFORT,COMPLETED,m8-1,2.653,"{'m1-1': 11.41, 'm2-1': 98.61, 'm3-1': 97.15, 'm4-1': 1.12, 'm5-1': 0.99, 'm6-1': 97.72, 'm7-1': 114.78, 'm8-1': 9.74}",14.61,12.773,22.512999999999998,inf,152.653,152.653
16,T4,BESTEFFORT,COMPLETED,m8-1,2.691,"{'m1-1': 11.71, 'm2-1': 95.94, 'm3-1': 100.85, 'm4-1': 1.04, 'm5-1': 1.04, 'm6-1': 106.65, 'm7-1': 103.82, 'm8-1': 10.47}",15.705000000000002,22.512999999999998,32.983,inf,152.691,152.691
17,T4,BESTEFFORT,COMPLETED,m1-1,2.76,"{'m1-1': 9.99, 'm2-1': 110.37, 'm3-1': 101.38, 'm4-1': 0.96, 'm5-1': 1.08, 'm6-1': 109.09, 'm7-1': 107.26, 'm8-1': 11.01}",14.985,22.245,32.235,inf,152.76,152.76
18,T3,BESTEFFORT,COMPLETED,m8-1,2.848,"{'m1-1': 9.32, 'm2-1': 101.55, 'm3-1': 101.27, 'm4-1': 1.13, 'm5-1': 1.1, 'm6-1': 101.52, 'm7-1': 106.91, 'm8-1': 9.72}",14.580000000000002,32.983,42.702999999999996,inf,152.848,152.848
19,T3,BESTEFFORT,COMPLETED,m4-1,3.005,"{'m1-1': 9.88, 'm2-1': 95.3, 'm3-1': 94.82, 'm4-1': 1.14, 'm5-1': 1.04, 'm6-1': 111.74, 'm7-1': 108.98, 'm8-1': 9.7}",1.71,6.288,7.428,inf,153.005,153.005
20,T4,BESTEFFORT,COMPLETED,m1-1,3.048,"{'m1-1': 10.51, 'm2-1': 97.34, 'm3-1': 104.66, 'm4-1': 1.04, 'm5-1': 1.07, 'm6-1': 106.26, 'm7-1': 108.72, 'm8-1': 9.82}",15.765,32.235,42.745,inf,153.048,153.048
21,T3,BESTEFFORT,COMPLETED,m2-1,3.198,"{'m1-1': 9.29, 'm2-1': 96.67, 'm3-1': 98.62, 'm4-1': 1.17, 'm5-1': 0.95, 'm6-1': 98.69, 'm7-1': 109.65, 'm8-1': 10.77}",145.005,3.198,99.868,inf,153.198,153.198
22,T3,BESTEFFORT,COMPLETED,m7-1,3.258,"{'m1-1': 10.03, 'm2-1': 95.15, 'm3-1': 101.14, 'm4-1': 1.1, 'm5-1': 1.05, 'm6-1': 108.42, 'm7-1': 111.12, 'm8-1': 10.33}",166.68,3.258,114.378,inf,153.258,153.258
23,T4,BESTEFFORT,COMPLETED,m5-1,3.615,"{'m1-1': 11.36, 'm2-1': 98.64, 'm3-1': 99.1, 'm4-1': 1.05, 'm5-1': 1.08, 'm6-1': 106.46, 'm7-1': 109.02, 'm8-1': 10.47}",1.62,6.552999999999999,7.632999999999999,inf,153.615,153.615
24,T2,BESTEFFORT,COMPLETED,m6-1,3.626,"{'m1-1': 10.95, 'm2-1': 105.92, 'm3-1': 104.96, 'm4-1': 0.94, 'm5-1': 1.14, 'm6-1': 111.96, 'm7-1': 105.81, 'm8-1': 11.5}",167.94,3.626,115.586,inf,153.626,153.626
25,T1,BESTEFFORT,COMPLETED,m3-1,3.629,"{'m1-1': 9.46, 'm2-1': 111.97, 'm3-1': 118.85, 'm4-1': 1.09, 'm5-1': 1.11, 'm6-1': 104.98, 'm7-1': 100.17, 'm8-1': 10.52}",178.27499999999998,3.629,122.479,inf,153.629,153.629
26,T4,BESTEFFORT,MISSED,m6-1,3.735,"{'m1-1': 11.71, 'm2-1': 112.9, 'm3-1': 102.11, 'm4-1': 1.11, 'm5-1': 1.06, 'm6-1': 94.44, 'm7-1': 114.53, 'm8-1': 10.5}",57.22350000000002,115.586,inf,153.735,153.735,153.735
27,T4,BESTEFFORT,MISSED,m2-1,3.758,"{'m1-1': 10.63, 'm2-1': 107.71, 'm3-1': 97.01, 'm4-1': 0.95, 'm5-1': 0.97, 'm6-1': 99.18, 'm7-1': 112.25, 'm8-1': 10.52}",80.83500000000002,99.868,inf,153.758,153.758,153.758
28,T3,BESTEFFORT,MISSED,m3-1,3.9,"{'m1-1': 10.34, 'm2-1': 98.18, 'm3-1': 107.78, 'm4-1': 0.99, 'm5-1': 0.97, 'm6-1': 103.27, 'm7-1': 99.66, 'm8-1': 10.82}",47.13150000000001,122.479,inf,153.9,153.9,153.9
29,T3,BESTEFFORT,COMPLETED,m4-1,4.155,"{'m1-1': 10.68, 'm2-1': 108.35, 'm3-1': 104.34, 'm4-1': 1.12, 'm5-1': 1.02, 'm6-1': 109.45, 'm7-1': 98.26, 'm8-1': 10.41}",1.6800000000000002,7.428,8.548,inf,154.155,154.155
30,T1,BESTEFFORT,COMPLETED,m5-1,4.501,"{'m1-1': 9.45, 'm2-1': 107.33, 'm3-1': 107.93, 'm4-1': 1.16, 'm5-1': 1.08, 'm6-1': 112.07, 'm7-1': 108.99, 'm8-1': 10.68}",1.62,7.632999999999999,8.713,inf,154.501,154.501
31,T1,BESTEFFORT,MISSED,m7-1,4.807,"{'m1-1': 10.8, 'm2-1': 112.71, 'm3-1': 105.55, 'm4-1': 1.12, 'm5-1': 1.1, 'm6-1': 109.11, 'm7-1': 94.1, 'm8-1': 10.74}",60.64349999999998,114.378,inf,154.807,154.807,154.807
32,T4,BESTEFFORT,MISSED,m6-1,5.104,"{'m1-1': 11.06, 'm2-1': 101.67, 'm3-1': 104.98, 'm4-1': 0.97, 'm5-1': 1.01, 'm6-1': 101.44, 'm7-1': 113.78, 'm8-1': 10.59}",2.0534999999999997,153.735,inf,155.104,155.104,155.104
33,T4,BESTEFFORT,MISSED,m3-1,5.135,"{'m1-1': 11.47, 'm2-1': 103.85, 'm3-1': 96.13, 'm4-1': 1.1, 'm5-1': 1.01, 'm6-1': 100.6, 'm7-1': 113.62, 'm8-1': 10.8}",1.8524999999999778,153.9,inf,155.135,155.135,155.135
34,T1,BESTEFFORT,COMPLETED,m5-1,5.754,"{'m1-1': 9.7, 'm2-1': 103.69, 'm3-1': 112.77, 'm4-1': 1.14, 'm5-1': 1.06, 'm6-1': 107.0, 'm7-1': 104.63, 'm8-1': 10.18}",1.59,8.713,9.773,inf,155.754,155.754
35,T4,BESTEFFORT,COMPLETED,m4-1,5.917,"{'m1-1': 10.94, 'm2-1': 106.75, 'm3-1': 93.66, 'm4-1': 0.96, 'm5-1': 1.0, 'm6-1': 93.41, 'm7-1': 104.96, 'm8-1': 11.07}",1.44,8.548,9.508,inf,155.917,155.917
36,T1,BESTEFFORT,MISSED,m7-1,5.974,"{'m1-1': 9.69, 'm2-1': 104.63, 'm3-1': 102.28, 'm4-1': 1.17, 'm5-1': 1.07, 'm6-1': 101.8, 'm7-1': 99.0, 'm8-1': 10.65}",1.7505000000000024,154.807,inf,155.974,155.974,155.974
37,T3,BESTEFFORT,MISSED,m2-1,6.287,"{'m1-1': 10.6, 'm2-1': 94.16, 'm3-1': 98.72, 'm4-1': 1.0, 'm5-1': 1.06, 'm6-1': 106.7, 'm7-1': 100.18, 'm8-1': 10.6}",3.7934999999999945,153.758,inf,156.287,156.287,156.287
38,T1,BESTEFFORT,COMPLETED,m4-1,6.544,"{'m1-1': 11.11, 'm2-1': 106.49, 'm3-1': 112.27, 'm4-1': 1.04, 'm5-1': 1.08, 'm6-1': 101.15, 'm7-1': 97.25, 'm8-1': 11.61}",1.56,9.508,10.547999999999998,inf,156.544,156.544
39,T3,BESTEFFORT,COMPLETED,m5-1,6.643,"{'m1-1': 10.83, 'm2-1': 102.95, 'm3-1': 93.81, 'm4-1': 1.03, 'm5-1': 1.08, 'm6-1': 98.23, 'm7-1': 105.29, 'm8-1': 10.7}",1.62,9.773,10.853,inf,156.643,156.643
40,T3,BESTEFFORT,MISSED,m3-1,6.733,"{'m1-1': 9.64, 'm2-1': 107.92, 'm3-1': 97.86, 'm4-1': 1.06, 'm5-1': 1.03, 'm6-1': 106.3, 'm7-1': 106.24, 'm8-1': 10.3}",2.39700000000002,155.135,inf,156.733,156.733,156.733
41,T1,BESTEFFORT,MISSED,m6-1,7.101,"{'m1-1': 11.16, 'm2-1': 98.03, 'm3-1': 100.93, 'm4-1': 1.15, 'm5-1': 1.11, 'm6-1': 115.28, 'm7-1': 97.04, 'm8-1': 10.5}",2.9954999999999785,155.104,inf,157.101,157.101,157.101
42,T1,BESTEFFORT,MISSED,m7-1,7.342,"{'m1-1': 10.5, 'm2-1': 104.62, 'm3-1': 104.69, 'm4-1': 0.99, 'm5-1': 1.13, 'm6-1': 103.82, 'm7-1': 102.88, 'm8-1': 10.88}",2.052000000000035,155.974,inf,157.342,157.342,157.342
43,T4,BESTEFFORT,COMPLETED,m4-1,7.607,"{'m1-1': 11.07, 'm2-1': 103.4, 'm3-1': 94.33, 'm4-1': 1.09, 'm5-1': 0.97, 'm6-1': 109.52, 'm7-1': 116.96, 'm8-1': 10.99}",1.6350000000000002,10.547999999999998,11.637999999999998,inf,157.607,157.607
44,T4,BESTEFFORT,MISSED,m2-1,7.616,"{'m1-1': 11.28, 'm2-1': 106.52, 'm3-1': 92.74, 'm4-1': 0.99, 'm5-1': 1.02, 'm6-1': 109.46, 'm7-1': 103.05, 'm8-1': 10.65}",1.993499999999969,156.287,inf,157.61599999999999,157.61599999999999,157.61599999999999
45,T3,BESTEFFORT,COMPLETED,m5-1,7.671,"{'m1-1': 9.64, 'm2-1': 101.97, 'm3-1': 102.38, 'm4-1': 1.16, 'm5-1': 1.02, 'm6-1': 114.53, 'm7-1': 109.53, 'm8-1': 9.73}",1.53,10.853,11.873,inf,157.671,157.671
46,T3,BESTEFFORT,COMPLETED,m4-1,7.681,"{'m1-1': 10.5, 'm2-1': 97.49, 'm3-1': 106.84, 'm4-1': 1.12, 'm5-1': 1.07, 'm6-1': 108.26, 'm7-1': 107.16, 'm8-1': 11.28}",1.6800000000000002,156.538,157.65800000000002,inf,157.681,157.681
47,T3,BESTEFFORT,COMPLETED,m5-1,7.753,"{'m1-1': 10.48, 'm2-1': 93.16, 'm3-1': 107.41, 'm4-1': 1.12, 'm5-1': 1.08, 'm6-1': 116.41, 'm7-1': 102.94, 'm8-1': 11.06}",1.62,11.873,12.953,inf,157.753,157.753
48,T2,BESTEFFORT,CANCELLED,,8.024,"{'m1-1': 10.74, 'm2-1': 109.21, 'm3-1': 108.75, 'm4-1': 1.06, 'm5-1': 1.15, 'm6-1': 104.05, 'm7-1': 115.53, 'm8-1': 11.32}",0.0,inf,inf,inf,158.024,158.024
49,T2,BESTEFFORT,COMPLETED,m4-1,8.209,"{'m1-1': 11.09, 'm2-1': 100.75, 'm3-1': 111.2, 'm4-1': 0.94, 'm5-1': 1.07, 'm6-1': 104.8, 'm7-1': 115.78, 'm8-1': 11.67}",1.41,97.11799999999997,98.05799999999996,inf,158.209,158.209
50,T4,BESTEFFORT,COMPLETED,m4-1,8.239,"{'m1-1': 10.73, 'm2-1': 112.63, 'm3-1': 101.23, 'm4-1': 0.96, 'm5-1': 1.04, 'm6-1': 108.52, 'm7-1': 114.9, 'm8-1': 10.93}",1.44,11.637999999999998,12.597999999999999,inf,158.239,158.239
51,T2,BESTEFFORT,CANCELLED,,8.552,"{'m1-1': 10.07, 'm2-1': 97.48, 'm3-1': 108.86, 'm4-1': 1.05, 'm5-1': 1.07, 'm6-1': 113.95, 'm7-1': 104.33, 'm8-1': 10.8}",0.0,inf,inf,inf,158.552,158.552
52,T2,BESTEFFORT,CANCELLED,,8.582,"{'m1-1': 9.57, 'm2-1': 105.07, 'm3-1': 114.43, 'm4-1': 1.02, 'm5-1': 1.08, 'm6-1': 100.18, 'm7-1': 104.76, 'm8-1': 11.56}",0.0,inf,inf,inf,158.582,158.582
53,T2,BESTEFFORT,COMPLETED,m1-1,8.597,"{'m1-1': 10.32, 'm2-1': 93.16, 'm3-1': 100.1, 'm4-1': 0.99, 'm5-1': 1.12, 'm6-1': 96.91, 'm7-1': 117.79, 'm8-1': 10.24}",15.48,62.585,72.905,inf,158.597,158.597
54,T3,BESTEFFORT,COMPLETED,m4-1,8.618,"{'m1-1': 9.43, 'm2-1': 101.05, 'm3-1': 95.23, 'm4-1': 1.17, 'm5-1': 0.95, 'm6-1': 98.11, 'm7-1': 114.72, 'm8-1': 10.14}",1.755,117.75799999999997,118.92799999999997,inf,158.618,158.618
55,T4,BESTEFFORT,COMPLETED,m8-1,8.634,"{'m1-1': 10.85, 'm2-1': 113.12, 'm3-1': 101.18, 'm4-1': 1.02, 'm5-1': 1.0, 'm6-1': 108.79, 'm7-1': 113.8, 'm8-1': 9.83}",14.745000000000001,42.702999999999996,52.532999999999994,inf,158.63400000000001,158.63400000000001
56,T4,BESTEFFORT,COMPLETED,m4-1,8.831,"{'m1-1': 11.56, 'm2-1': 97.22, 'm3-1': 96.13, 'm4-1': 1.0, 'm5-1': 1.04, 'm6-1': 106.47, 'm7-1': 107.02, 'm8-1': 10.65}",1.5,15.587999999999997,16.587999999999997,inf,158.831,158.831
57,T3,BESTEFFORT,CANCELLED,,8.911,"{'m1-1': 10.46, 'm2-1': 97.16, 'm3-1': 109.9, 'm4-1': 1.08, 'm5-1': 1.1, 'm6-1': 100.37, 'm7-1': 97.94, 'm8-1': 9.72}",0.0,inf,inf,inf,158.911,158.911
58,T3,BESTEFFORT,MISSED,m2-1,9.077,"{'m1-1': 9.75, 'm2-1': 94.61, 'm3-1': 100.66, 'm4-1': 1.07, 'm5-1': 1.07, 'm6-1': 104.34, 'm7-1': 109.75, 'm8-1': 10.54}",0.0,203.382,inf,203.382,159.077,159.077
59,T2,BESTEFFORT,COMPLETED,m4-1,9.211,"{'m1-1': 11.13, 'm2-1': 96.04, 'm3-1': 116.22, 'm4-1': 0.95, 'm5-1': 1.05, 'm6-1': 96.8, 'm7-1': 112.32, 'm8-1': 10.15}",1.4249999999999998,12.597999999999999,13.547999999999998,inf,159.211,159.211
60,T4,BESTEFFORT,COMPLETED,m5-1,9.234,"{'m1-1': 11.35, 'm2-1': 105.29, 'm3-1': 102.78, 'm4-1': 1.08, 'm5-1': 0.99, 'm6-1': 101.56, 'm7-1': 116.55, 'm8-1': 9.63}",1.4849999999999999,15.943,16.933,inf,159.234,159.234
61,T2,BESTEFFORT,COMPLETED,m5-1,9.254,"{'m1-1': 10.06, 'm2-1': 110.42, 'm3-1': 105.59, 'm4-1': 1.08, 'm5-1': 1.01, 'm6-1': 107.76, 'm7-1': 113.8, 'm8-1': 10.02}",1.5150000000000001,12.953,13.963,inf,159.254,159.254
62,T3,BESTEFFORT,COMPLETED,m1-1,9.279,"{'m1-1': 9.53, 'm2-1': 97.46, 'm3-1': 100.79, 'm4-1': 1.08, 'm5-1': 1.09, 'm6-1': 115.26, 'm7-1': 98.73, 'm8-1': 10.6}",14.294999999999998,42.745,52.275,inf,159.279,159.279
63,T1,BESTEFFORT,CANCELLED,,9.36,"{'m1-1': 9.65, 'm2-1': 97.47, 'm3-1': 103.62, 'm4-1': 1.17, 'm5-1': 0.99, 'm6-1': 115.56, 'm7-1': 95.63, 'm8-1': 10.42}",0.0,inf,inf,inf,159.36,159.36
64,T4,BESTEFFORT,MISSED,m8-1,9.456,"{'m1-1': 10.59, 'm2-1': 112.19, 'm3-1': 106.94, 'm4-1': 1.04, 'm5-1': 0.98, 'm6-1': 95.45, 'm7-1': 114.59, 'm8-1': 9.87}",0.0,180.20299999999997,inf,180.20299999999997,159.456,159.456
65,T1,BESTEFFORT,COMPLETED,m5-1,9.469,"{'m1-1': 10.83, 'm2-1': 107.85, 'm3-1': 100.68, 'm4-1': 1.04, 'm5-1': 1.1, 'm6-1': 104.52, 'm7-1': 107.32, 'm8-1': 10.66}",1.6500000000000001,154.553,155.653,inf,159.469,159.469
66,T3,BESTEFFORT,COMPLETED,m1-1,9.491,"{'m1-1': 10.31, 'm2-1': 94.95, 'm3-1': 106.55, 'm4-1': 1.17, 'm5-1': 1.03, 'm6-1': 112.75, 'm7-1': 110.96, 'm8-1': 9.75}",15.465,52.275,62.585,inf,159.49099999999999,159.49099999999999
67,T1,BESTEFFORT,CANCELLED,,10.219,"{'m1-1': 10.58, 'm2-1': 112.22, 'm3-1': 104.99, 'm4-1': 1.0, 'm5-1': 1.0, 'm6-1': 112.22, 'm7-1': 107.28, 'm8-1': 10.93}",0.0,inf,inf,inf,160.219,160.219
68,T4,BESTEFFORT,COMPLETED,m5-1,10.289,"{'m1-1': 11.63, 'm2-1': 101.42, 'm3-1': 108.9, 'm4-1': 1.05, 'm5-1': 1.04, 'm6-1': 93.7, 'm7-1': 102.78, 'm8-1': 10.86}",1.56,13.963,15.003,inf,160.289,160.289
69,T2,BESTEFFORT,COMPLETED,m4-1,10.295,"{'m1-1': 10.06, 'm2-1': 99.91, 'm3-1': 113.26, 'm4-1': 1.01, 'm5-1': 1.02, 'm6-1': 102.02, 'm7-1': 104.84, 'm8-1': 11.26}",1.5150000000000001,13.547999999999998,14.557999999999998,inf,160.295,160.295
70,T2,BESTEFFORT,CANCELLED,,10.447,"{'m1-1': 10.08, 'm2-1': 96.74, 'm3-1': 110.21, 'm4-1': 0.99, 'm5-1': 1.01, 'm6-1': 103.96, 'm7-1': 117.19, 'm8-1': 11.42}",0.0,inf,inf,inf,160.447,160.447
71,T1,BESTEFFORT,CANCELLED,,10.464,"{'m1-1': 9.52, 'm2-1': 97.21, 'm3-1': 103.03, 'm4-1': 1.06, 'm5-1': 1.15, 'm6-1': 100.68, 'm7-1': 102.96, 'm8-1': 10.55}",0.0,inf,inf,inf,160.464,160.464
72,T2,BESTEFFORT,COMPLETED,m4-1,10.725,"{'m1-1': 10.59, 'm2-1': 100.02, 'm3-1': 114.46, 'm4-1': 1.03, 'm5-1': 1.08, 'm6-1': 97.63, 'm7-1': 111.6, 'm8-1': 10.99}",1.545,14.557999999999998,15.587999999999997,inf,160.725,160.725
73,T4,BESTEFFORT,COMPLETED,m8-1,10.873,"{'m1-1': 10.09, 'm2-1': 104.47, 'm3-1': 104.76, 'm4-1': 0.97, 'm5-1': 1.05, 'm6-1': 104.54, 'm7-1': 105.29, 'm8-1': 11.23}",16.845,135.79299999999998,147.02299999999997,inf,160.873,160.873
74,T4,BESTEFFORT,COMPLETED,m5-1,10.996,"{'m1-1': 11.73, 'm2-1': 108.41, 'm3-1': 108.14, 'm4-1': 1.07, 'm5-1': 0.99, 'm6-1': 101.61, 'm7-1': 114.53, 'm8-1': 10.35}",1.4849999999999999,98.563,99.553,inf,160.996,160.996
75,T1,BESTEFFORT,COMPLETED,m4-1,11.061,"{'m1-1': 10.79, 'm2-1': 108.0, 'm3-1': 105.95, 'm4-1': 1.05, 'm5-1': 1.11, 'm6-1': 112.83, 'm7-1': 100.73, 'm8-1': 10.8}",1.5750000000000002,118.92799999999997,119.97799999999997,inf,161.061,161.061
76,T3,BESTEFFORT,COMPLETED,m5-1,11.139,"{'m1-1': 10.28, 'm2-1': 108.94, 'm3-1': 104.01, 'm4-1': 1.1, 'm5-1': 0.94, 'm6-1': 104.65, 'm7-1': 104.7, 'm8-1': 10.26}",1.41,15.003,15.943,inf,161.139,161.139
77,T4,BESTEFFORT,COMPLETED,m4-1,11.17,"{'m1-1': 11.57, 'm2-1': 106.66, 'm3-1': 100.56, 'm4-1': 1.0, 'm5-1': 1.14, 'm6-1': 98.04, 'm7-1': 101.33, 'm8-1': 10.88}",1.5,119.97799999999997,120.97799999999997,inf,161.17,161.17
78,T3,BESTEFFORT,COMPLETED,m5-1,11.26,"{'m1-1': 10.25, 'm2-1': 106.58, 'm3-1': 94.51, 'm4-1': 1.04, 'm5-1': 1.03, 'm6-1': 116.19, 'm7-1': 111.18, 'm8-1': 11.22}",1.545,130.353,131.383,inf,161.26,161.26
79,T1,BESTEFFORT,CANCELLED,,11.807,"{'m1-1': 10.0, 'm2-1': 112.71, 'm3-1': 103.64, 'm4-1': 1.09, 'm5-1': 1.03, 'm6-1': 100.64, 'm7-1': 101.27, 'm8-1': 10.6}",0.0,inf,inf,inf,161.807,161.807
80,T1,BESTEFFORT,CANCELLED,,11.969,"{'m1-1': 11.08, 'm2-1': 110.16, 'm3-1': 114.65, 'm4-1': 1.06, 'm5-1': 0.97, 'm6-1': 106.28, 'm7-1': 94.02, 'm8-1': 11.41}",0.0,inf,inf,inf,161.969,161.969
81,T1,BESTEFFORT,COMPLETED,m5-1,12.135,"{'m1-1': 9.7, 'm2-1': 107.3, 'm3-1': 102.33, 'm4-1': 1.04, 'm5-1': 1.08, 'm6-1': 99.14, 'm7-1': 96.3, 'm8-1': 10.54}",1.62,99.553,100.633,inf,162.135,162.135
82,T1,BESTEFFORT,CANCELLED,,12.149,"{'m1-1': 11.0, 'm2-1': 114.36, 'm3-1': 103.64, 'm4-1': 1.02, 'm5-1': 1.07, 'm6-1': 108.99, 'm7-1': 101.14, 'm8-1': 11.82}",0.0,inf,inf,inf,162.149,162.149
83,T4,BESTEFFORT,COMPLETED,m4-1,12.161,"{'m1-1': 10.98, 'm2-1': 96.76, 'm3-1': 93.1, 'm4-1': 0.95, 'm5-1': 1.13, 'm6-1': 98.16, 'm7-1': 99.97, 'm8-1': 11.07}",1.4249999999999998,120.97799999999997,121.92799999999997,inf,162.161,162.161
84,T4,BESTEFFORT,COMPLETED,m4-1,12.194,"{'m1-1': 10.14, 'm2-1': 104.28, 'm3-1': 108.94, 'm4-1': 1.07, 'm5-1': 1.14, 'm6-1': 100.21, 'm7-1': 107.45, 'm8-1': 11.22}",1.605,98.05799999999996,99.12799999999996,inf,162.194,162.194
85,T1,BESTEFFORT,COMPLETED,m5-1,12.308,"{'m1-1': 9.67, 'm2-1': 107.76, 'm3-1': 105.72, 'm4-1': 1.08, 'm5-1': 1.13, 'm6-1': 110.78, 'm7-1': 97.59, 'm8-1': 10.79}",1.6949999999999998,16.933,18.063,inf,162.308,162.308
86,T2,BESTEFFORT,MISSED,m1-1,12.42,"{'m1-1': 10.07, 'm2-1': 95.64, 'm3-1': 110.17, 'm4-1': 1.0, 'm5-1': 1.02, 'm6-1': 110.51, 'm7-1': 104.44, 'm8-1': 11.24}",0.0,176.53500000000003,inf,176.53500000000003,162.42,162.42
87,T2,BESTEFFORT,COMPLETED,m4-1,12.627,"{'m1-1': 10.86, 'm2-1': 97.82, 'm3-1': 98.41, 'm4-1': 1.04, 'm5-1': 1.06, 'm6-1': 103.78, 'm7-1': 115.14, 'm8-1': 11.23}",1.56,121.92799999999997,122.96799999999998,inf,162.627,162.627
88,T1,BESTEFFORT,COMPLETED,m4-1,12.704,"{'m1-1': 9.78, 'm2-1': 104.43, 'm3-1': 104.17, 'm4-1': 1.0, 'm5-1': 0.99, 'm6-1': 103.44, 'm7-1': 96.78, 'm8-1': 11.4}",1.5,31.058,32.058,inf,162.704,162.704
89,T3,BESTEFFORT,COMPLETED,m5-1,12.938,"{'m1-1': 10.4, 'm2-1': 98.66, 'm3-1': 102.08, 'm4-1': 1.16, 'm5-1': 1.0, 'm6-1': 107.3, 'm7-1': 97.4, 'm8-1': 10.7}",1.5,131.383,132.383,inf,162.938,162.938
90,T1,BESTEFFORT,COMPLETED,m4-1,13.192,"{'m1-1': 11.07, 'm2-1': 115.1, 'm3-1': 115.49, 'm4-1': 1.14, 'm5-1': 1.15, 'm6-1': 97.89, 'm7-1': 100.36, 'm8-1': 11.63}",1.71,99.12799999999996,100.26799999999996,inf,163.192,163.192
91,T2,BESTEFFORT,CANCELLED,,13.322,"{'m1-1': 10.01, 'm2-1': 93.16, 'm3-1': 114.56, 'm4-1': 0.98, 'm5-1': 1.01, 'm6-1': 113.31, 'm7-1': 111.17, 'm8-1': 11.72}",0.0,inf,inf,inf,163.322,163.322
92,T2,BESTEFFORT,COMPLETED,m4-1,13.447,"{'m1-1': 10.67, 'm2-1': 104.94, 'm3-1': 103.42, 'm4-1': 1.03, 'm5-1': 1.11, 'm6-1': 98.1, 'm7-1': 114.03, 'm8-1': 10.43}",1.545,16.587999999999997,17.618,inf,163.447,163.447
93,T1,BESTEFFORT,CANCELLED,,13.501,"{'m1-1': 10.49, 'm2-1': 106.58, 'm3-1': 101.93, 'm4-1': 1.05, 'm5-1': 1.0, 'm6-1': 111.88, 'm7-1': 103.8, 'm8-1': 10.41}",0.0,inf,inf,inf,163.501,163.501
94,T1,BESTEFFORT,CANCELLED,,13.876,"{'m1-1': 9.88, 'm2-1': 99.98, 'm3-1': 107.04, 'm4-1': 1.03, 'm5-1': 1.07, 'm6-1': 97.8, 'm7-1': 94.2, 'm8-1': 11.13}",0.0,inf,inf,inf,163.876,163.876
95,T2,BESTEFFORT,COMPLETED,m4-1,14.061,"{'m1-1': 9.91, 'm2-1': 108.9, 'm3-1': 107.75, 'm4-1': 1.01, 'm5-1': 1.02, 'm6-1': 96.36, 'm7-1': 103.93, 'm8-1': 11.69}",1.5150000000000001,32.058,33.068,inf,164.061,164.061
96,T1,BESTEFFORT,COMPLETED,m5-1,14.222,"{'m1-1': 10.44, 'm2-1': 101.05, 'm3-1': 108.66, 'm4-1': 1.13, 'm5-1': 1.09, 'm6-1': 97.84, 'm7-1': 97.5, 'm8-1': 10.86}",1.6350000000000002,155.653,156.743,inf,164.222,164.222
97,T1,BESTEFFORT,COMPLETED,m5-1,14.263,"{'m1-1': 9.42, 'm2-1': 98.09, 'm3-1': 107.54, 'm4-1': 1.07, 'm5-1': 1.05, 'm6-1': 100.22, 'm7-1': 108.77, 'm8-1': 10.49}",1.5750000000000002,19.133,20.183,inf,164.263,164.263
98,T2,BESTEFFORT,COMPLETED,m4-1,14.387,"{'m1-1': 9.71, 'm2-1': 97.29, 'm3-1': 106.64, 'm4-1': 1.05, 'm5-1': 1.04, 'm6-1': 102.47, 'm7-1': 113.31, 'm8-1': 10.27}",1.5750000000000002,157.65800000000002,158.70800000000003,inf,164.387,164.387
99,T3,BESTEFFORT,CANCELLED,,14.406,"{'m1-1': 10.17, 'm2-1': 95.41, 'm3-1': 108.71, 'm4-1': 1.17, 'm5-1': 1.02, 'm6-1': 107.7, 'm7-1': 103.02, 'm8-1': 11.23}",0.0,inf,inf,inf,164.406,164.406
100,T4,BESTEFFORT,COMPLETED,m4-1,14.509,"{'m1-1': 10.79, 'm2-1': 99.17, 'm3-1': 97.24, 'm4-1': 1.1, 'm5-1': 1.05, 'm6-1': 105.37, 'm7-1': 110.37, 'm8-1': 10.73}",1.6500000000000001,17.618,18.718,inf,164.50900000000001,164.50900000000001
101,T2,BESTEFFORT,COMPLETED,m4-1,14.737,"{'m1-1': 9.75, 'm2-1': 103.98, 'm3-1': 114.26, 'm4-1': 1.0, 'm5-1': 1.01, 'm6-1': 114.15, 'm7-1': 117.72, 'm8-1': 10.58}",1.5,140.768,141.768,inf,164.737,164.737
102,T4,BESTEFFORT,COMPLETED,m5-1,14.877,"{'m1-1': 10.9, 'm2-1': 103.1, 'm3-1': 104.52, 'm4-1': 1.03, 'm5-1': 1.07, 'm6-1': 102.03, 'm7-1': 112.72, 'm8-1': 10.59}",1.605,18.063,19.133,inf,164.877,164.877
103,T1,BESTEFFORT,CANCELLED,,15.076,"{'m1-1': 10.02, 'm2-1': 113.14, 'm3-1': 118.48, 'm4-1': 1.17, 'm5-1': 1.05, 'm6-1': 100.44, 'm7-1': 94.46, 'm8-1': 10.52}",0.0,inf,inf,inf,165.076,165.076
104,T2,BESTEFFORT,COMPLETED,m4-1,15.255,"{'m1-1': 10.33, 'm2-1': 98.3, 'm3-1': 116.22, 'm4-1': 1.06, 'm5-1': 1.03, 'm6-1': 96.7, 'm7-1': 111.12, 'm8-1': 11.72}",1.59,18.718,19.778,inf,165.255,165.255
105,T4,BESTEFFORT,COMPLETED,m4-1,15.904,"{'m1-1': 11.58, 'm2-1': 112.1, 'm3-1': 107.1, 'm4-1': 1.1, 'm5-1': 1.08, 'm6-1': 94.02, 'm7-1': 100.22, 'm8-1': 9.83}",1.6500000000000001,19.778,20.878,inf,165.904,165.904
106,T3,BESTEFFORT,COMPLETED,m5-1,15.94,"{'m1-1': 9.59, 'm2-1': 105.59, 'm3-1': 101.62, 'm4-1': 1.08, 'm5-1': 0.95, 'm6-1': 115.3, 'm7-1': 101.27, 'm8-1': 11.27}",1.4249999999999998,156.743,157.69299999999998,inf,165.94,165.94
107,T1,BESTEFFORT,COMPLETED,m4-1,16.097,"{'m1-1': 10.3, 'm2-1': 106.55, 'm3-1': 111.28, 'm4-1': 1.04, 'm5-1': 1.14, 'm6-1': 111.17, 'm7-1': 106.74, 'm8-1': 10.21}",1.56,100.26799999999996,101.30799999999996,inf,166.097,166.097
108,T2,BESTEFFORT,COMPLETED,m5-1,16.128,"{'m1-1': 9.68, 'm2-1': 103.81, 'm3-1': 107.64, 'm4-1': 1.07, 'm5-1': 0.97, 'm6-1': 103.13, 'm7-1': 118.33, 'm8-1': 10.4}",1.455,29.523,30.493,inf,166.128,166.128
109,T1,BESTEFFORT,COMPLETED,m5-1,16.17,"{'m1-1': 10.34, 'm2-1': 113.19, 'm3-1': 106.72, 'm4-1': 1.1, 'm5-1': 0.98, 'm6-1': 114.32, 'm7-1': 97.2, 'm8-1': 11.79}",1.47,157.69299999999998,158.67299999999997,inf,166.17000000000002,166.17000000000002
110,T3,BESTEFFORT,COMPLETED,m5-1,16.203,"{'m1-1': 9.41, 'm2-1': 107.34, 'm3-1': 93.26, 'm4-1': 1.12, 'm5-1': 1.04, 'm6-1': 111.6, 'm7-1': 104.9, 'm8-1': 10.49}",1.56,165.12299999999996,166.16299999999995,inf,166.203,166.203
111,T3,BESTEFFORT,COMPLETED,m5-1,16.22,"{'m1-1': 9.85, 'm2-1': 99.07, 'm3-1': 99.3, 'm4-1': 1.1, 'm5-1': 1.04, 'm6-1': 98.11, 'm7-1': 98.73, 'm8-1': 9.7}",1.56,117.783,118.82300000000001,inf,166.22,166.22
112,T4,BESTEFFORT,COMPLETED,m4-1,16.696,"{'m1-1': 9.94, 'm2-1': 98.2, 'm3-1': 99.06, 'm4-1': 1.03, 'm5-1': 1.01, 'm6-1': 92.63, 'm7-1': 101.1, 'm8-1': 9.82}",1.545,101.30799999999996,102.33799999999997,inf,166.696,166.696
113,T4,BESTEFFORT,COMPLETED,m5-1,16.87,"{'m1-1': 10.54, 'm2-1': 110.44, 'm3-1': 97.93, 'm4-1': 1.09, 'm5-1': 0.96, 'm6-1': 93.87, 'm7-1': 99.88, 'm8-1': 10.9}",1.44,20.183,21.143,inf,166.87,166.87
114,T1,BESTEFFORT,COMPLETED,m5-1,16.904,"{'m1-1': 10.86, 'm2-1': 111.82, 'm3-1': 105.9, 'm4-1': 1.02, 'm5-1': 1.08, 'm6-1': 101.9, 'm7-1': 99.87, 'm8-1': 10.61}",1.62,22.253,23.333,inf,166.904,166.904
115,T1,BESTEFFORT,COMPLETED,m4-1,16.909,"{'m1-1': 10.47, 'm2-1': 101.24, 'm3-1': 108.11, 'm4-1': 1.11, 'm5-1': 1.01, 'm6-1': 105.01, 'm7-1': 99.69, 'm8-1': 11.5}",1.665,141.768,142.87800000000001,inf,166.909,166.909
116,T4,BESTEFFORT,COMPLETED,m4-1,17.019,"{'m1-1': 10.14, 'm2-1': 108.7, 'm3-1': 102.92, 'm4-1': 1.02, 'm5-1': 0.96, 'm6-1': 104.71, 'm7-1': 112.58, 'm8-1': 10.24}",1.53,20.878,21.898,inf,167.019,167.019
117,T4,BESTEFFORT,COMPLETED,m5-1,17.052,"{'m1-1': 10.7, 'm2-1': 99.91, 'm3-1': 91.72, 'm4-1': 0.94, 'm5-1': 1.05, 'm6-1': 94.7, 'm7-1': 107.73, 'm8-1': 10.22}",1.5750000000000002,26.372999999999998,27.423,inf,167.052,167.052
118,T1,BESTEFFORT,COMPLETED,m5-1,17.061,"{'m1-1': 11.05, 'm2-1': 99.81, 'm3-1': 100.81, 'm4-1': 1.02, 'm5-1': 1.11, 'm6-1': 99.29, 'm7-1': 96.4, 'm8-1': 10.44}",1.665,52.18299999999999,53.29299999999999,inf,167.061,167.061
119,T3,BESTEFFORT,COMPLETED,m4-1,17.232,"{'m1-1': 10.73, 'm2-1': 96.79, 'm3-1': 97.21, 'm4-1': 1.15, 'm5-1': 1.11, 'm6-1': 101.13, 'm7-1': 114.04, 'm8-1': 10.04}",1.7249999999999999,158.70800000000003,159.85800000000003,inf,167.232,167.232
120,T2,BESTEFFORT,COMPLETED,m4-1,17.331,"{'m1-1': 9.45, 'm2-1': 95.3, 'm3-1': 104.8, 'm4-1': 1.0, 'm5-1': 1.15, 'm6-1': 102.84, 'm7-1': 118.19, 'm8-1': 10.15}",1.5,21.898,22.898,inf,167.331,167.331
121,T1,BESTEFFORT,COMPLETED,m5-1,17.499,"{'m1-1': 10.45, 'm2-1': 114.98, 'm3-1': 110.93, 'm4-1': 0.99, 'm5-1': 1.07, 'm6-1': 99.42, 'm7-1': 97.66, 'm8-1': 11.94}",1.605,23.333,24.403,inf,167.499,167.499
122,T4,BESTEFFORT,COMPLETED,m8-1,17.512,"{'m1-1': 11.14, 'm2-1': 100.84, 'm3-1': 104.39, 'm4-1': 0.95, 'm5-1': 1.09, 'm6-1': 98.67, 'm7-1': 109.97, 'm8-1': 10.71}",16.065,62.47299999999999,73.18299999999999,inf,167.512,167.512
123,T3,BESTEFFORT,COMPLETED,m5-1,17.604,"{'m1-1': 10.58, 'm2-1': 94.53, 'm3-1': 97.27, 'm4-1': 1.02, 'm5-1': 1.11, 'm6-1': 114.84, 'm7-1': 97.24, 'm8-1': 10.0}",1.665,21.143,22.253,inf,167.60399999999998,167.60399999999998
124,T1,BESTEFFORT,CANCELLED,,18.051,"{'m1-1': 10.19, 'm2-1': 100.91, 'm3-1': 114.03, 'm4-1': 1.01, 'm5-1': 1.02, 'm6-1': 101.87, 'm7-1': 106.2, 'm8-1': 10.19}",0.0,inf,inf,inf,168.051,168.051
125,T3,BESTEFFORT,COMPLETED,m5-1,18.448,"{'m1-1': 10.14, 'm2-1': 94.81, 'm3-1': 103.46, 'm4-1': 1.03, 'm5-1': 1.03, 'm6-1': 101.66, 'm7-1': 98.62, 'm8-1': 10.17}",1.545,100.633,101.663,inf,168.448,168.448
126,T2,BESTEFFORT,MISSED,m2-1,18.506,"{'m1-1': 9.97, 'm2-1': 99.28, 'm3-1': 106.19, 'm4-1': 1.08, 'm5-1': 0.98, 'm6-1': 107.61, 'm7-1': 105.32, 'm8-1': 11.61}",0.0,230.24099999999999,inf,230.24099999999999,168.506,168.506
127,T3,BESTEFFORT,COMPLETED,m5-1,18.892,"{'m1-1': 9.61, 'm2-1': 108.15, 'm3-1': 104.48, 'm4-1': 1.12, 'm5-1': 1.0, 'm6-1': 105.91, 'm7-1': 98.15, 'm8-1': 9.69}",1.5,24.403,25.403,inf,168.892,168.892
128,T4,BESTEFFORT,COMPLETED,m5-1,18.976,"{'m1-1': 10.55, 'm2-1': 95.95, 'm3-1': 101.59, 'm4-1': 1.04, 'm5-1': 1.04, 'm6-1': 109.08, 'm7-1': 116.41, 'm8-1': 10.71}",1.56,118.82300000000001,119.86300000000001,inf,168.976,168.976
129,T3,BESTEFFORT,CANCELLED,,19.031,"{'m1-1': 10.07, 'm2-1': 99.04, 'm3-1': 103.45, 'm4-1': 1.07, 'm5-1': 0.97, 'm6-1': 109.44, 'm7-1': 112.95, 'm8-1': 9.93}",0.0,inf,inf,inf,169.031,169.031
130,T4,BESTEFFORT,COMPLETED,m4-1,19.036,"{'m1-1': 10.68, 'm2-1': 101.08, 'm3-1': 108.64, 'm4-1': 1.11, 'm5-1': 1.13, 'm6-1': 105.81, 'm7-1': 99.78, 'm8-1': 11.26}",1.665,22.898,24.008,inf,169.036,169.036
131,T1,BESTEFFORT,MISSED,m4-1,19.211,"{'m1-1': 11.15, 'm2-1': 112.65, 'm3-1': 111.74, 'm4-1': 1.09, 'm5-1': 1.03, 'm6-1': 114.34, 'm7-1': 96.57, 'm8-1': 10.54}",0.0,172.23800000000003,inf,172.23800000000003,169.211,169.211
132,T4,BESTEFFORT,COMPLETED,m8-1,19.222,"{'m1-1': 10.4, 'm2-1': 101.37, 'm3-1': 94.88, 'm4-1': 1.01, 'm5-1': 1.14, 'm6-1': 95.49, 'm7-1': 107.73, 'm8-1': 9.94}",14.91,52.532999999999994,62.47299999999999,inf,169.222,169.222
133,T1,BESTEFFORT,CANCELLED,,19.36,"{'m1-1': 10.93, 'm2-1': 100.06, 'm3-1': 117.65, 'm4-1': 1.16, 'm5-1': 1.09, 'm6-1': 108.13, 'm7-1': 93.01, 'm8-1': 10.64}",0.0,inf,inf,inf,169.36,169.36
134,T1,BESTEFFORT,CANCELLED,,19.707,"{'m1-1': 9.97, 'm2-1': 101.27, 'm3-1': 113.84, 'm4-1': 1.08, 'm5-1': 1.11, 'm6-1': 100.03, 'm7-1': 108.1, 'm8-1': 10.43}",0.0,inf,inf,inf,169.707,169.707
135,T3,BESTEFFORT,COMPLETED,m5-1,19.713,"{'m1-1': 9.9, 'm2-1': 109.72, 'm3-1': 99.57, 'm4-1': 1.08, 'm5-1': 1.02, 'm6-1': 112.23, 'm7-1': 101.56, 'm8-1': 10.31}",1.53,132.383,133.40300000000002,inf,169.713,169.713
136,T3,BESTEFFORT,COMPLETED,m4-1,19.865,"{'m1-1': 10.7, 'm2-1': 102.18, 'm3-1': 103.0, 'm4-1': 1.12, 'm5-1': 1.04, 'm6-1': 111.4, 'm7-1': 98.52, 'm8-1': 9.92}",1.6800000000000002,122.96799999999998,124.08799999999998,inf,169.865,169.865
137,T4,BESTEFFORT,COMPLETED,m4-1,19.893,"{'m1-1': 10.31, 'm2-1': 111.91, 'm3-1': 101.64, 'm4-1': 1.09, 'm5-1': 1.02, 'm6-1': 104.94, 'm7-1': 114.59, 'm8-1': 9.92}",1.6350000000000002,24.008,25.098,inf,169.893,169.893
138,T3,BESTEFFORT,CANCELLED,,20.02,"{'m1-1': 10.21, 'm2-1': 108.92, 'm3-1': 96.65, 'm4-1': 1.05, 'm5-1': 1.09, 'm6-1': 105.46, 'm7-1': 113.16, 'm8-1': 10.84}",0.0,inf,inf,inf,170.02,170.02
139,T1,BESTEFFORT,CANCELLED,,20.077,"{'m1-1': 9.43, 'm2-1': 103.45, 'm3-1': 101.93, 'm4-1': 1.16, 'm5-1': 1.01, 'm6-1': 97.84, 'm7-1': 104.84, 'm8-1': 11.28}",0.0,inf,inf,inf,170.077,170.077
140,T3,BESTEFFORT,COMPLETED,m4-1,20.182,"{'m1-1': 10.87, 'm2-1': 100.14, 'm3-1': 98.87, 'm4-1': 1.07, 'm5-1': 1.02, 'm6-1': 110.76, 'm7-1': 106.49, 'm8-1': 11.1}",1.605,142.87800000000001,143.948,inf,170.182,170.182
141,T2,BESTEFFORT,COMPLETED,m5-1,20.226,"{'m1-1': 9.64, 'm2-1': 104.34, 'm3-1': 107.08, 'm4-1': 0.99, 'm5-1': 1.09, 'm6-1': 108.1, 'm7-1': 114.35, 'm8-1': 10.22}",1.6350000000000002,28.433,29.523,inf,170.226,170.226
142,T3,BESTEFFORT,COMPLETED,m5-1,20.453,"{'m1-1': 9.48, 'm2-1': 99.77, 'm3-1': 107.76, 'm4-1': 1.11, 'm5-1': 1.11, 'm6-1': 114.64, 'm7-1': 106.26, 'm8-1': 9.7}",1.665,144.873,145.983,inf,170.453,170.453
143,T2,BESTEFFORT,COMPLETED,m4-1,20.611,"{'m1-1': 9.49, 'm2-1': 95.88, 'm3-1': 115.49, 'm4-1': 1.04, 'm5-1': 1.02, 'm6-1': 108.2, 'm7-1': 100.25, 'm8-1': 11.57}",1.56,102.33799999999997,103.37799999999997,inf,170.611,170.611
144,T2,BESTEFFORT,COMPLETED,m4-1,20.848,"{'m1-1': 10.71, 'm2-1': 103.4, 'm3-1': 116.08, 'm4-1': 0.96, 'm5-1': 1.09, 'm6-1': 106.74, 'm7-1': 111.18, 'm8-1': 10.63}",1.44,26.137999999999998,27.098,inf,170.848,170.848
145,T3,BESTEFFORT,COMPLETED,m5-1,21.179,"{'m1-1': 10.84, 'm2-1': 108.24, 'm3-1': 98.52, 'm4-1': 1.01, 'm5-1': 1.07, 'm6-1': 112.2, 'm7-1': 99.47, 'm8-1': 9.83}",1.605,53.29299999999999,54.36299999999999,inf,171.179,171.179
146,T2,BESTEFFORT,COMPLETED,m4-1,21.199,"{'m1-1': 9.89, 'm2-1': 106.13, 'm3-1': 104.1, 'm4-1': 1.04, 'm5-1': 1.14, 'm6-1': 112.28, 'm7-1': 110.44, 'm8-1': 10.79}",1.56,25.098,26.137999999999998,inf,171.199,171.199
147,T3,BESTEFFORT,COMPLETED,m5-1,21.21,"{'m1-1': 10.56, 'm2-1': 95.06, 'm3-1': 101.13, 'm4-1': 1.1, 'm5-1': 1.04, 'm6-1': 102.29, 'm7-1': 105.28, 'm8-1': 10.76}",1.56,145.983,147.023,inf,171.21,171.21
148,T3,BESTEFFORT,COMPLETED,m4-1,21.404,"{'m1-1': 9.93, 'm2-1': 97.06, 'm3-1': 100.83, 'm4-1': 1.13, 'm5-1': 1.1, 'm6-1': 101.16, 'm7-1': 109.76, 'm8-1': 11.08}",1.6949999999999998,164.95800000000003,166.08800000000002,inf,171.404,171.404
149,T4,BESTEFFORT,COMPLETED,m5-1,21.682,"{'m1-1': 10.51, 'm2-1': 106.9, 'm3-1': 99.1, 'm4-1': 0.95, 'm5-1': 0.97, 'm6-1': 95.59, 'm7-1': 109.06, 'm8-1': 10.82}",1.455,25.403,26.372999999999998,inf,171.682,171.682
150,T1,BESTEFFORT,CANCELLED,,21.85,"{'m1-1': 10.14, 'm2-1': 109.74, 'm3-1': 113.43, 'm4-1': 1.13, 'm5-1': 0.98, 'm6-1': 100.5, 'm7-1': 105.43, 'm8-1': 10.81}",0.0,inf,inf,inf,171.85,171.85
151,T2,BESTEFFORT,COMPLETED,m4-1,22.258,"{'m1-1': 10.07, 'm2-1': 98.43, 'm3-1': 103.3, 'm4-1': 0.94, 'm5-1': 1.0, 'm6-1': 104.16, 'm7-1': 113.34, 'm8-1': 10.27}",1.41,33.068,34.007999999999996,inf,172.258,172.258
152,T4,BESTEFFORT,COMPLETED,m4-1,22.443,"{'m1-1': 11.58, 'm2-1': 112.93, 'm3-1': 104.49, 'm4-1': 1.09, 'm5-1': 1.03, 'm6-1': 102.91, 'm7-1': 116.95, 'm8-1': 10.65}",1.6350000000000002,28.087999999999997,29.177999999999997,inf,172.443,172.443
153,T1,BESTEFFORT,COMPLETED,m4-1,22.654,"{'m1-1': 11.19, 'm2-1': 110.92, 'm3-1': 115.26, 'm4-1': 1.12, 'm5-1': 1.0, 'm6-1': 97.89, 'm7-1': 99.79, 'm8-1': 10.47}",1.6800000000000002,34.007999999999996,35.12799999999999,inf,172.654,172.654
154,T3,BESTEFFORT,COMPLETED,m5-1,22.68,"{'m1-1': 9.33, 'm2-1': 106.2, 'm3-1': 95.52, 'm4-1': 1.03, 'm5-1': 0.96, 'm6-1': 103.87, 'm7-1': 108.5, 'm8-1': 10.33}",1.44,119.86300000000001,120.82300000000001,inf,172.68,172.68
155,T1,BESTEFFORT,CANCELLED,,23.004,"{'m1-1': 11.06, 'm2-1': 114.55, 'm3-1': 101.58, 'm4-1': 1.02, 'm5-1': 1.02, 'm6-1': 107.99, 'm7-1': 108.18, 'm8-1': 11.69}",0.0,inf,inf,inf,173.004,173.004
156,T1,BESTEFFORT,MISSED,m5-1,23.247,"{'m1-1': 9.48, 'm2-1': 113.72, 'm3-1': 108.01, 'm4-1': 1.01, 'm5-1': 1.11, 'm6-1': 100.36, 'm7-1': 96.63, 'm8-1': 10.61}",1.4160000000000679,172.30299999999997,inf,173.247,173.247,173.247
157,T2,BESTEFFORT,MISSED,m1-1,23.247,"{'m1-1': 10.94, 'm2-1': 98.39, 'm3-1': 105.62, 'm4-1': 1.01, 'm5-1': 1.03, 'm6-1': 104.94, 'm7-1': 109.09, 'm8-1': 11.52}",0.0,176.53500000000003,inf,176.53500000000003,173.247,173.247
158,T1,BESTEFFORT,COMPLETED,m1-1,23.401,"{'m1-1': 10.22, 'm2-1': 104.12, 'm3-1': 110.08, 'm4-1': 1.09, 'm5-1': 1.08, 'm6-1': 106.66, 'm7-1': 110.37, 'm8-1': 10.61}",15.330000000000002,145.75500000000002,155.97500000000002,inf,173.401,173.401
159,T1,BESTEFFORT,COMPLETED,m5-1,23.405,"{'m1-1': 10.54, 'm2-1': 106.52, 'm3-1': 101.32, 'm4-1': 1.03, 'm5-1': 1.01, 'm6-1': 105.61, 'm7-1': 103.97, 'm8-1': 11.72}",1.5150000000000001,27.423,28.433,inf,173.405,173.405
160,T4,BESTEFFORT,COMPLETED,m4-1,23.554,"{'m1-1': 10.12, 'm2-1': 111.91, 'm3-1': 93.01, 'm4-1': 0.99, 'm5-1': 0.99, 'm6-1': 109.33, 'm7-1': 99.67, 'm8-1': 11.32}",1.4849999999999999,27.098,28.087999999999997,inf,173.554,173.554
161,T1,BESTEFFORT,CANCELLED,,23.733,"{'m1-1': 10.19, 'm2-1': 107.25, 'm3-1': 106.2, 'm4-1': 1.17, 'm5-1': 0.99, 'm6-1': 112.2, 'm7-1': 97.2, 'm8-1': 11.77}",0.0,inf,inf,inf,173.733,173.733
162,T2,BESTEFFORT,COMPLETED,m4-1,23.818,"{'m1-1': 9.8, 'm2-1': 109.45, 'm3-1': 105.43, 'm4-1': 0.94, 'm5-1': 0.98, 'm6-1': 111.47, 'm7-1': 110.82, 'm8-1': 11.04}",1.41,36.117999999999995,37.05799999999999,inf,173.818,173.818
163,T4,BESTEFFORT,COMPLETED,m5-1,23.843,"{'m1-1': 9.98, 'm2-1': 99.14, 'm3-1': 103.45, 'm4-1': 1.08, 'm5-1': 1.07, 'm6-1': 97.63, 'm7-1': 109.04, 'm8-1': 10.66}",1.605,133.40300000000002,134.473,inf,173.843,173.843
164,T1,BESTEFFORT,COMPLETED,m4-1,23.903,"{'m1-1': 10.73, 'm2-1': 102.81, 'm3-1': 117.96, 'm4-1': 1.02, 'm5-1': 1.12, 'm6-1': 110.14, 'm7-1': 93.32, 'm8-1': 11.0}",1.53,166.08800000000002,167.10800000000003,inf,173.903,173.903
165,T2,BESTEFFORT,CANCELLED,,23.926,"{'m1-1': 9.59, 'm2-1': 101.82, 'm3-1': 113.59, 'm4-1': 1.02, 'm5-1': 1.11, 'm6-1': 96.23, 'm7-1': 101.99, 'm8-1': 10.31}",0.0,inf,inf,inf,173.926,173.926
166,T2,BESTEFFORT,COMPLETED,m4-1,24.028,"{'m1-1': 10.67, 'm2-1': 94.96, 'm3-1': 104.34, 'm4-1': 1.01, 'm5-1': 1.02, 'm6-1': 99.0, 'm7-1': 112.47, 'm8-1': 11.63}",1.5150000000000001,37.98799999999999,38.99799999999999,inf,174.028,174.028
167,T4,BESTEFFORT,COMPLETED,m4-1,24.204,"{'m1-1': 9.94, 'm2-1': 97.86, 'm3-1': 97.17, 'm4-1': 0.99, 'm5-1': 1.12, 'm6-1': 105.43, 'm7-1': 112.09, 'm8-1': 9.96}",1.4849999999999999,103.37799999999997,104.36799999999997,inf,174.204,174.204
168,T2,BESTEFFORT,COMPLETED,m5-1,24.245,"{'m1-1': 10.85, 'm2-1': 94.97, 'm3-1': 109.77, 'm4-1': 0.92, 'm5-1': 1.15, 'm6-1': 113.9, 'm7-1': 113.1, 'm8-1': 11.0}",1.7249999999999999,101.663,102.813,inf,174.245,174.245
169,T1,BESTEFFORT,CANCELLED,,24.528,"{'m1-1': 9.52, 'm2-1': 107.93, 'm3-1': 118.79, 'm4-1': 1.13, 'm5-1': 1.14, 'm6-1': 103.08, 'm7-1': 107.93, 'm8-1': 11.27}",0.0,inf,inf,inf,174.528,174.528
170,T3,BESTEFFORT,COMPLETED,m4-1,24.907,"{'m1-1': 9.95, 'm2-1': 92.57, 'm3-1': 97.46, 'm4-1': 1.01, 'm5-1': 1.01, 'm6-1': 103.77, 'm7-1': 107.83, 'm8-1': 10.72}",1.5150000000000001,124.08799999999998,125.09799999999998,inf,174.907,174.907
171,T2,BESTEFFORT,COMPLETED,m4-1,25.137,"{'m1-1': 9.6, 'm2-1': 100.07, 'm3-1': 104.44, 'm4-1': 0.94, 'm5-1': 1.12, 'm6-1': 99.04, 'm7-1': 107.16, 'm8-1': 10.14}",1.41,29.177999999999997,30.118,inf,175.137,175.137
172,T3,BESTEFFORT,CANCELLED,,25.248,"{'m1-1': 9.48, 'm2-1': 108.31, 'm3-1': 102.28, 'm4-1': 1.06, 'm5-1': 1.11, 'm6-1': 115.45, 'm7-1': 106.04, 'm8-1': 10.31}",0.0,inf,inf,inf,175.248,175.248
173,T1,BESTEFFORT,CANCELLED,,25.887,"{'m1-1': 9.71, 'm2-1': 103.48, 'm3-1': 111.74, 'm4-1': 1.12, 'm5-1': 1.07, 'm6-1': 97.89, 'm7-1': 93.67, 'm8-1': 11.38}",0.0,inf,inf,inf,175.887,175.887
174,T3,BESTEFFORT,CANCELLED,,25.988,"{'m1-1': 10.86, 'm2-1': 103.96, 'm3-1': 103.04, 'm4-1': 1.17, 'm5-1': 0.94, 'm6-1': 100.84, 'm7-1': 107.76, 'm8-1': 11.43}",0.0,inf,inf,inf,175.988,175.988
175,T2,BESTEFFORT,COMPLETED,m5-1,26.044,"{'m1-1': 10.12, 'm2-1': 106.71, 'm3-1': 111.72, 'm4-1': 1.07, 'm5-1': 1.0, 'm6-1': 98.06, 'm7-1': 118.13, 'm8-1': 10.58}",1.5,147.023,148.023,inf,176.044,176.044
176,T1,BESTEFFORT,CANCELLED,,26.045,"{'m1-1': 10.79, 'm2-1': 103.67, 'm3-1': 118.97, 'm4-1': 1.13, 'm5-1': 1.06, 'm6-1': 113.12, 'm7-1': 109.24, 'm8-1': 11.65}",0.0,inf,inf,inf,176.04500000000002,176.04500000000002
177,T1,BESTEFFORT,CANCELLED,,26.254,"{'m1-1': 10.93, 'm2-1': 108.01, 'm3-1': 103.74, 'm4-1': 1.16, 'm5-1': 1.07, 'm6-1': 103.1, 'm7-1': 97.37, 'm8-1': 10.41}",0.0,inf,inf,inf,176.254,176.254
178,T2,BESTEFFORT,COMPLETED,m4-1,26.412,"{'m1-1': 10.28, 'm2-1': 106.71, 'm3-1': 115.6, 'm4-1': 0.94, 'm5-1': 1.14, 'm6-1': 97.15, 'm7-1': 107.61, 'm8-1': 9.89}",1.41,30.118,31.058,inf,176.412,176.412
179,T2,BESTEFFORT,COMPLETED,m4-1,26.672,"{'m1-1': 9.79, 'm2-1': 103.33, 'm3-1': 107.56, 'm4-1': 1.09, 'm5-1': 0.98, 'm6-1': 107.3, 'm7-1': 113.2, 'm8-1': 10.72}",1.6350000000000002,167.10800000000003,168.19800000000004,inf,176.672,176.672
180,T3,BESTEFFORT,COMPLETED,m4-1,26.833,"{'m1-1': 10.67, 'm2-1': 95.75, 'm3-1': 110.29, 'm4-1': 1.16, 'm5-1': 0.96, 'm6-1': 115.74, 'm7-1': 111.92, 'm8-1': 9.89}",1.7399999999999998,38.99799999999999,40.15799999999999,inf,176.833,176.833
181,T3,BESTEFFORT,COMPLETED,m5-1,26.915,"{'m1-1': 10.04, 'm2-1': 94.26, 'm3-1': 104.56, 'm4-1': 1.03, 'm5-1': 0.95, 'm6-1': 105.89, 'm7-1': 104.53, 'm8-1': 10.6}",1.4249999999999998,30.493,31.442999999999998,inf,176.915,176.915
182,T1,BESTEFFORT,COMPLETED,m4-1,27.002,"{'m1-1': 10.65, 'm2-1': 111.4, 'm3-1': 113.6, 'm4-1': 1.15, 'm5-1': 1.1, 'm6-1': 105.61, 'm7-1': 94.57, 'm8-1': 11.93}",1.7249999999999999,104.36799999999997,105.51799999999997,inf,177.002,177.002
183,T1,BESTEFFORT,MISSED,m4-1,27.058,"{'m1-1': 11.0, 'm2-1': 110.07, 'm3-1': 113.49, 'm4-1': 1.05, 'm5-1': 1.1, 'm6-1': 101.18, 'm7-1': 107.06, 'm8-1': 11.27}",0.0,179.83800000000002,inf,179.83800000000002,177.058,177.058
184,T2,BESTEFFORT,COMPLETED,m4-1,27.233,"{'m1-1': 9.8, 'm2-1': 98.34, 'm3-1': 103.14, 'm4-1': 0.94, 'm5-1': 1.09, 'm6-1': 105.05, 'm7-1': 113.43, 'm8-1': 11.13}",1.41,143.948,144.888,inf,177.233,177.233
185,T2,BESTEFFORT,COMPLETED,m4-1,27.254,"{'m1-1': 9.96, 'm2-1': 97.51, 'm3-1': 111.87, 'm4-1': 1.02, 'm5-1': 1.11, 'm6-1': 101.08, 'm7-1': 113.78, 'm8-1': 10.57}",1.53,125.09799999999998,126.11799999999998,inf,177.254,177.254
186,T2,BESTEFFORT,COMPLETED,m4-1,27.479,"{'m1-1': 10.76, 'm2-1': 107.03, 'm3-1': 102.47, 'm4-1': 1.06, 'm5-1': 1.0, 'm6-1': 103.54, 'm7-1': 110.52, 'm8-1': 10.39}",1.59,172.23800000000003,173.29800000000003,inf,177.47899999999998,177.47899999999998
187,T1,BESTEFFORT,MISSED,m7-1,27.786,"{'m1-1': 9.88, 'm2-1': 98.18, 'm3-1': 114.22, 'm4-1': 1.01, 'm5-1': 0.99, 'm6-1': 104.68, 'm7-1': 106.41, 'm8-1': 10.8}",0.0,202.85,inf,202.85,177.786,177.786
188,T3,BESTEFFORT,COMPLETED,m5-1,27.85,"{'m1-1': 9.6, 'm2-1': 94.39, 'm3-1': 101.65, 'm4-1': 1.14, 'm5-1': 0.96, 'm6-1': 113.78, 'm7-1': 107.75, 'm8-1': 9.94}",1.44,31.442999999999998,32.403,inf,177.85,177.85
189,T4,BESTEFFORT,COMPLETED,m5-1,27.969,"{'m1-1': 11.38, 'm2-1': 107.8, 'm3-1': 104.9, 'm4-1': 1.0, 'm5-1': 1.0, 'm6-1': 97.2, 'm7-1': 99.87, 'm8-1': 11.02}",1.5,134.473,135.473,inf,177.969,177.969
190,T1,BESTEFFORT,COMPLETED,m5-1,28.018,"{'m1-1': 10.87, 'm2-1': 113.16, 'm3-1': 113.45, 'm4-1': 1.15, 'm5-1': 0.99, 'm6-1': 102.82, 'm7-1': 107.91, 'm8-1': 11.9}",1.4849999999999999,120.82300000000001,121.813,inf,178.018,178.018
191,T3,BESTEFFORT,COMPLETED,m5-1,28.144,"{'m1-1': 10.25, 'm2-1': 103.86, 'm3-1': 110.6, 'm4-1': 1.12, 'm5-1': 1.09, 'm6-1': 108.63, 'm7-1': 112.56, 'm8-1': 10.04}",1.6350000000000002,176.35700000000003,177.44700000000003,inf,178.144,178.144
192,T1,BESTEFFORT,CANCELLED,,28.169,"{'m1-1': 9.83, 'm2-1': 111.61, 'm3-1': 103.2, 'm4-1': 1.13, 'm5-1': 1.03, 'm6-1': 99.72, 'm7-1': 95.71, 'm8-1': 10.72}",0.0,inf,inf,inf,178.169,178.169
193,T3,BESTEFFORT,COMPLETED,m5-1,28.17,"{'m1-1': 9.98, 'm2-1': 99.4, 'm3-1': 104.83, 'm4-1': 1.09, 'm5-1': 1.09, 'm6-1': 98.3, 'm7-1': 109.66, 'm8-1': 9.76}",1.6350000000000002,102.813,103.903,inf,178.17000000000002,178.17000000000002
194,T4,BESTEFFORT,COMPLETED,m4-1,28.335,"{'m1-1': 10.78, 'm2-1': 106.23, 'm3-1': 108.68, 'm4-1': 1.07, 'm5-1': 1.06, 'm6-1': 105.27, 'm7-1': 112.26, 'm8-1': 9.95}",1.605,144.888,145.958,inf,178.335,178.335
195,T4,BESTEFFORT,COMPLETED,m5-1,28.358,"{'m1-1': 11.04, 'm2-1': 99.63, 'm3-1': 95.53, 'm4-1': 0.95, 'm5-1': 1.03, 'm6-1': 93.82, 'm7-1': 117.46, 'm8-1': 11.04}",1.545,56.543,57.573,inf,178.358,178.358
196,T4,BESTEFFORT,COMPLETED,m5-1,28.368,"{'m1-1': 10.43, 'm2-1': 96.73, 'm3-1': 93.79, 'm4-1': 1.0, 'm5-1': 1.12, 'm6-1': 96.07, 'm7-1': 109.4, 'm8-1': 10.43}",1.6800000000000002,34.433,35.553,inf,178.368,178.368
197,T3,BESTEFFORT,COMPLETED,m5-1,28.54,"{'m1-1': 9.97, 'm2-1': 108.78, 'm3-1': 98.87, 'm4-1': 1.17, 'm5-1': 0.94, 'm6-1': 111.46, 'm7-1': 98.42, 'm8-1': 10.17}",1.41,32.403,33.342999999999996,inf,178.54,178.54
198,T4,BESTEFFORT,COMPLETED,m4-1,28.598,"{'m1-1': 10.32, 'm2-1': 99.21, 'm3-1': 93.7, 'm4-1': 1.0, 'm5-1': 1.02, 'm6-1': 94.23, 'm7-1': 113.7, 'm8-1': 10.53}",1.5,40.15799999999999,41.15799999999999,inf,178.598,178.598
199,T1,BESTEFFORT,COMPLETED,m5-1,28.772,"{'m1-1': 10.63, 'm2-1': 103.85, 'm3-1': 105.68, 'm4-1': 0.99, 'm5-1': 1.12, 'm6-1': 102.04, 'm7-1': 96.04, 'm8-1': 10.86}",1.6800000000000002,121.813,122.933,inf,178.772,178.772
200,T3,BESTEFFORT,COMPLETED,m5-1,28.791,"{'m1-1': 10.94, 'm2-1': 108.75, 'm3-1': 93.12, 'm4-1': 1.1, 'm5-1': 1.09, 'm6-1': 103.87, 'm7-1': 108.9, 'm8-1': 11.39}",1.6350000000000002,33.342999999999996,34.433,inf,178.791,178.791
201,T3,BESTEFFORT,COMPLETED,m4-1,28.904,"{'m1-1': 9.94, 'm2-1': 94.55, 'm3-1': 102.72, 'm4-1': 1.1, 'm5-1': 1.09, 'm6-1': 109.45, 'm7-1': 104.32, 'm8-1': 10.32}",1.6500000000000001,105.51799999999997,106.61799999999997,inf,178.904,178.904
202,T4,BESTEFFORT,COMPLETED,m4-1,28.931,"{'m1-1': 10.91, 'm2-1': 110.96, 'm3-1': 100.25, 'm4-1': 1.05, 'm5-1': 1.02, 'm6-1': 108.14, 'm7-1': 104.25, 'm8-1': 10.26}",1.5750000000000002,48.53799999999999,49.58799999999999,inf,178.931,178.931
203,T1,BESTEFFORT,MISSED,m1-1,29.084,"{'m1-1': 11.07, 'm2-1': 103.67, 'm3-1': 103.62, 'm4-1': 1.16, 'm5-1': 1.08, 'm6-1': 100.68, 'm7-1': 107.38, 'm8-1': 10.27}",0.0,187.21500000000003,inf,187.21500000000003,179.084,179.084
204,T2,BESTEFFORT,COMPLETED,m5-1,29.167,"{'m1-1': 10.1, 'm2-1': 101.04, 'm3-1': 110.21, 'm4-1': 1.01, 'm5-1': 1.14, 'm6-1': 109.4, 'm7-1': 109.78, 'm8-1': 11.47}",1.71,41.72299999999999,42.86299999999999,inf,179.167,179.167
205,T2,BESTEFFORT,COMPLETED,m4-1,29.22,"{'m1-1': 10.98, 'm2-1': 100.49, 'm3-1': 104.34, 'm4-1': 1.06, 'm5-1': 1.0, 'm6-1': 109.84, 'm7-1': 110.83, 'm8-1': 9.96}",1.59,126.11799999999998,127.17799999999998,inf,179.22,179.22
206,T2,BESTEFFORT,COMPLETED,m4-1,29.512,"{'m1-1': 10.79, 'm2-1': 98.46, 'm3-1': 103.74, 'm4-1': 1.09, 'm5-1': 1.05, 'm6-1': 100.38, 'm7-1': 111.12, 'm8-1': 10.22}",1.6350000000000002,50.637999999999984,51.72799999999999,inf,179.512,179.512
207,T2,BESTEFFORT,COMPLETED,m4-1,29.592,"{'m1-1': 11.09, 'm2-1': 93.08, 'm3-1': 110.36, 'm4-1': 1.06, 'm5-1': 1.09, 'm6-1': 100.09, 'm7-1': 112.85, 'm8-1': 10.7}",1.59,51.72799999999999,52.78799999999999,inf,179.59199999999998,179.59199999999998
208,T4,BESTEFFORT,MISSED,m6-1,30.033,"{'m1-1': 9.98, 'm2-1': 102.91, 'm3-1': 108.63, 'm4-1': 1.11, 'm5-1': 1.0, 'm6-1': 104.09, 'm7-1': 103.7, 'm8-1': 9.75}",34.398000000000025,157.101,inf,180.03300000000002,180.03300000000002,180.03300000000002
209,T4,BESTEFFORT,COMPLETED,m8-1,30.195,"{'m1-1': 11.74, 'm2-1': 99.76, 'm3-1': 94.29, 'm4-1': 1.06, 'm5-1': 1.08, 'm6-1': 99.36, 'm7-1': 110.75, 'm8-1': 11.36}",17.04,147.02299999999997,158.38299999999998,inf,180.195,180.195
210,T2,BESTEFFORT,COMPLETED,m5-1,30.282,"{'m1-1': 10.81, 'm2-1': 100.81, 'm3-1': 98.65, 'm4-1': 1.08, 'm5-1': 1.02, 'm6-1': 96.82, 'm7-1': 115.71, 'm8-1': 11.7}",1.53,42.86299999999999,43.882999999999996,inf,180.282,180.282
211,T3,BESTEFFORT,COMPLETED,m5-1,30.324,"{'m1-1': 10.71, 'm2-1': 105.11, 'm3-1': 101.49, 'm4-1': 1.13, 'm5-1': 1.03, 'm6-1': 100.87, 'm7-1': 112.32, 'm8-1': 9.71}",1.545,103.903,104.933,inf,180.324,180.324
212,T3,BESTEFFORT,COMPLETED,m5-1,30.646,"{'m1-1': 9.77, 'm2-1': 104.94, 'm3-1': 94.31, 'm4-1': 1.04, 'm5-1': 0.98, 'm6-1': 112.39, 'm7-1': 113.53, 'm8-1': 10.73}",1.47,135.473,136.453,inf,180.64600000000002,180.64600000000002
213,T1,BESTEFFORT,COMPLETED,m5-1,30.725,"{'m1-1': 10.22, 'm2-1': 112.22, 'm3-1': 102.36, 'm4-1': 1.16, 'm5-1': 1.04, 'm6-1': 104.59, 'm7-1': 107.75, 'm8-1': 10.74}",1.56,148.023,149.063,inf,180.725,180.725
214,T1,BESTEFFORT,CANCELLED,,31.11,"{'m1-1': 10.51, 'm2-1': 105.31, 'm3-1': 107.29, 'm4-1': 0.99, 'm5-1': 1.15, 'm6-1': 105.55, 'm7-1': 107.52, 'm8-1': 11.62}",0.0,inf,inf,inf,181.11,181.11
215,T4,BESTEFFORT,COMPLETED,m5-1,31.617,"{'m1-1': 11.28, 'm2-1': 107.89, 'm3-1': 96.36, 'm4-1': 1.09, 'm5-1': 1.07, 'm6-1': 93.13, 'm7-1': 105.49, 'm8-1': 11.05}",1.605,35.553,36.623,inf,181.617,181.617
216,T4,BESTEFFORT,COMPLETED,m5-1,31.771,"{'m1-1': 10.81, 'm2-1': 105.91, 'm3-1': 107.02, 'm4-1': 0.99, 'm5-1': 1.11, 'm6-1': 100.17, 'm7-1': 105.39, 'm8-1': 10.73}",1.665,43.882999999999996,44.992999999999995,inf,181.77100000000002,181.77100000000002
217,T2,BESTEFFORT,COMPLETED,m4-1,31.84,"{'m1-1': 9.6, 'm2-1': 99.28, 'm3-1': 109.54, 'm4-1': 0.99, 'm5-1': 1.13, 'm6-1': 96.25, 'm7-1': 112.26, 'm8-1': 10.26}",1.4849999999999999,35.12799999999999,36.117999999999995,inf,181.84,181.84
218,T4,BESTEFFORT,COMPLETED,m5-1,31.846,"{'m1-1': 11.26, 'm2-1': 105.92, 'm3-1': 93.15, 'm4-1': 1.03, 'm5-1': 1.0, 'm6-1': 96.73, 'm7-1': 107.98, 'm8-1': 10.74}",1.5,38.672999999999995,39.672999999999995,inf,181.846,181.846
219,T1,BESTEFFORT,CANCELLED,,32.081,"{'m1-1': 10.39, 'm2-1': 104.25, 'm3-1': 104.99, 'm4-1': 1.12, 'm5-1': 1.13, 'm6-1': 111.55, 'm7-1': 101.1, 'm8-1': 10.7}",0.0,inf,inf,inf,182.08100000000002,182.08100000000002
220,T1,BESTEFFORT,COMPLETED,m4-1,32.258,"{'m1-1': 9.55, 'm2-1': 106.18, 'm3-1': 105.55, 'm4-1': 1.0, 'm5-1': 0.98, 'm6-1': 114.88, 'm7-1': 102.85, 'm8-1': 11.37}",1.5,159.85800000000003,160.85800000000003,inf,182.258,182.258
221,T2,BESTEFFORT,COMPLETED,m1-1,32.436,"{'m1-1': 10.92, 'm2-1': 105.84, 'm3-1': 101.22, 'm4-1': 0.93, 'm5-1': 1.08, 'm6-1': 100.47, 'm7-1': 109.86, 'm8-1': 10.53}",16.38,72.905,83.825,inf,182.436,182.436
222,T3,BESTEFFORT,COMPLETED,m5-1,32.447,"{'m1-1': 10.29, 'm2-1': 104.29, 'm3-1': 93.33, 'm4-1': 1.12, 'm5-1': 1.04, 'm6-1': 112.05, 'm7-1': 99.06, 'm8-1': 9.91}",1.56,36.623,37.663,inf,182.447,182.447
223,T1,BESTEFFORT,COMPLETED,m5-1,32.65,"{'m1-1': 9.82, 'm2-1': 113.26, 'm3-1': 114.39, 'm4-1': 1.13, 'm5-1': 1.05, 'm6-1': 98.77, 'm7-1': 108.86, 'm8-1': 11.94}",1.5750000000000002,39.672999999999995,40.72299999999999,inf,182.65,182.65
224,T4,BESTEFFORT,COMPLETED,m4-1,32.854,"{'m1-1': 10.4, 'm2-1': 103.69, 'm3-1': 98.16, 'm4-1': 0.98, 'm5-1': 0.97, 'm6-1': 95.8, 'm7-1': 109.53, 'm8-1': 10.84}",1.47,160.85800000000003,161.83800000000002,inf,182.85399999999998,182.85399999999998
225,T3,BESTEFFORT,COMPLETED,m5-1,32.95,"{'m1-1': 10.15, 'm2-1': 101.15, 'm3-1': 98.74, 'm4-1': 1.04, 'm5-1': 1.07, 'm6-1': 113.72, 'm7-1': 98.61, 'm8-1': 10.6}",1.605,104.933,106.003,inf,182.95,182.95
226,T2,BESTEFFORT,COMPLETED,m4-1,33.232,"{'m1-1': 9.83, 'm2-1': 95.9, 'm3-1': 104.0, 'm4-1': 0.93, 'm5-1': 1.07, 'm6-1': 99.4, 'm7-1': 113.17, 'm8-1': 11.6}",1.395,37.05799999999999,37.98799999999999,inf,183.232,183.232
227,T3,BESTEFFORT,COMPLETED,m5-1,33.258,"{'m1-1': 10.46, 'm2-1': 101.08, 'm3-1': 100.23, 'm4-1': 1.09, 'm5-1': 1.01, 'm6-1': 114.0, 'm7-1': 97.37, 'm8-1': 9.78}",1.5150000000000001,37.663,38.672999999999995,inf,183.258,183.258
228,T3,BESTEFFORT,COMPLETED,m5-1,33.449,"{'m1-1': 10.98, 'm2-1': 106.28, 'm3-1': 106.55, 'm4-1': 1.06, 'm5-1': 1.1, 'm6-1': 100.72, 'm7-1': 98.58, 'm8-1': 9.82}",1.6500000000000001,59.663000000000004,60.763000000000005,inf,183.449,183.449
229,T4,BESTEFFORT,COMPLETED,m8-1,33.499,"{'m1-1': 11.0, 'm2-1': 107.0, 'm3-1': 105.49, 'm4-1': 1.08, 'm5-1': 1.13, 'm6-1': 95.79, 'm7-1': 99.67, 'm8-1': 10.95}",16.424999999999997,115.01299999999998,125.96299999999998,inf,183.499,183.499
230,T3,BESTEFFORT,MISSED,m4-1,33.501,"{'m1-1': 10.51, 'm2-1': 97.97, 'm3-1': 96.55, 'm4-1': 1.13, 'm5-1': 1.06, 'm6-1': 111.74, 'm7-1': 103.82, 'm8-1': 11.26}",0.0,185.99800000000002,inf,185.99800000000002,183.501,183.501
231,T1,BESTEFFORT,COMPLETED,m5-1,33.545,"{'m1-1': 10.49, 'm2-1': 112.86, 'm3-1': 114.96, 'm4-1': 1.17, 'm5-1': 1.09, 'm6-1': 104.93, 'm7-1': 108.1, 'm8-1': 10.69}",1.6350000000000002,106.003,107.093,inf,183.54500000000002,183.54500000000002
232,T2,BESTEFFORT,COMPLETED,m4-1,33.546,"{'m1-1': 9.39, 'm2-1': 110.4, 'm3-1': 116.22, 'm4-1': 0.96, 'm5-1': 1.08, 'm6-1': 106.88, 'm7-1': 112.7, 'm8-1': 10.56}",1.44,168.19800000000004,169.15800000000004,inf,183.546,183.546
233,T2,BESTEFFORT,CANCELLED,,33.63,"{'m1-1': 11.05, 'm2-1': 108.63, 'm3-1': 105.39, 'm4-1': 0.94, 'm5-1': 1.0, 'm6-1': 107.16, 'm7-1': 115.65, 'm8-1': 10.12}",0.0,inf,inf,inf,183.63,183.63
234,T1,BESTEFFORT,COMPLETED,m5-1,33.729,"{'m1-1': 9.83, 'm2-1': 106.58, 'm3-1': 117.58, 'm4-1': 1.07, 'm5-1': 0.99, 'm6-1': 97.67, 'm7-1': 94.59, 'm8-1': 11.24}",1.4849999999999999,166.16299999999995,167.15299999999996,inf,183.72899999999998,183.72899999999998
235,T1,BESTEFFORT,COMPLETED,m5-1,33.916,"{'m1-1': 9.53, 'm2-1': 105.5, 'm3-1': 108.87, 'm4-1': 1.14, 'm5-1': 1.12, 'm6-1': 104.96, 'm7-1': 94.49, 'm8-1': 10.45}",1.6800000000000002,107.093,108.21300000000001,inf,183.916,183.916
236,T2,BESTEFFORT,COMPLETED,m4-1,34.834,"{'m1-1': 10.46, 'm2-1': 106.04, 'm3-1': 109.57, 'm4-1': 1.01, 'm5-1': 0.98, 'm6-1': 114.12, 'm7-1': 115.64, 'm8-1': 11.44}",1.5150000000000001,53.83799999999999,54.847999999999985,inf,184.834,184.834
237,T1,BESTEFFORT,MISSED,m1-1,34.904,"{'m1-1': 10.26, 'm2-1': 101.05, 'm3-1': 106.12, 'm4-1': 0.99, 'm5-1': 1.11, 'm6-1': 115.25, 'm7-1': 101.5, 'm8-1': 10.5}",0.0,187.21500000000003,inf,187.21500000000003,184.904,184.904
238,T4,BESTEFFORT,CANCELLED,,35.037,"{'m1-1': 11.75, 'm2-1': 98.1, 'm3-1': 103.68, 'm4-1': 1.1, 'm5-1': 1.09, 'm6-1': 97.42, 'm7-1': 109.64, 'm8-1': 11.38}",0.0,inf,inf,inf,185.037,185.037
239,T1,BESTEFFORT,CANCELLED,,35.426,"{'m1-1': 10.72, 'm2-1': 100.69, 'm3-1': 116.73, 'm4-1': 1.0, 'm5-1': 1.03, 'm6-1': 101.72, 'm7-1': 108.51, 'm8-1': 11.0}",0.0,inf,inf,inf,185.426,185.426
240,T4,BESTEFFORT,COMPLETED,m8-1,35.579,"{'m1-1': 10.72, 'm2-1': 109.23, 'm3-1': 93.72, 'm4-1': 1.06, 'm5-1': 1.1, 'm6-1': 106.75, 'm7-1': 104.65, 'm8-1': 9.66}",14.49,73.18299999999999,82.84299999999999,inf,185.579,185.579
241,T1,BESTEFFORT,MISSED,m5-1,36.221,"{'m1-1': 10.9, 'm2-1': 102.62, 'm3-1': 104.38, 'm4-1': 1.05, 'm5-1': 0.99, 'm6-1': 111.78, 'm7-1': 103.55, 'm8-1': 11.29}",0.0,186.847,inf,186.847,186.221,186.221
242,T1,BESTEFFORT,COMPLETED,m5-1,36.289,"{'m1-1': 10.69, 'm2-1': 99.54, 'm3-1': 117.64, 'm4-1': 1.05, 'm5-1': 1.07, 'm6-1': 111.76, 'm7-1': 94.04, 'm8-1': 10.42}",1.605,158.67299999999997,159.74299999999997,inf,186.289,186.289
243,T4,BESTEFFORT,COMPLETED,m4-1,36.396,"{'m1-1': 10.76, 'm2-1': 103.82, 'm3-1': 94.64, 'm4-1': 1.05, 'm5-1': 1.01, 'm6-1': 109.17, 'm7-1': 100.63, 'm8-1': 9.86}",1.5750000000000002,70.22799999999998,71.27799999999998,inf,186.39600000000002,186.39600000000002
244,T1,BESTEFFORT,COMPLETED,m5-1,36.728,"{'m1-1': 10.74, 'm2-1': 105.69, 'm3-1': 100.9, 'm4-1': 1.04, 'm5-1': 1.11, 'm6-1': 110.87, 'm7-1': 92.97, 'm8-1': 10.98}",1.665,44.992999999999995,46.102999999999994,inf,186.728,186.728
245,T1,BESTEFFORT,COMPLETED,m5-1,36.891,"{'m1-1': 10.53, 'm2-1': 99.26, 'm3-1': 101.77, 'm4-1': 1.1, 'm5-1': 1.04, 'm6-1': 100.63, 'm7-1': 108.02, 'm8-1': 11.06}",1.56,177.44700000000003,178.48700000000002,inf,186.891,186.891
246,T4,BESTEFFORT,COMPLETED,m4-1,36.95,"{'m1-1': 11.08, 'm2-1': 96.94, 'm3-1': 97.68, 'm4-1': 0.97, 'm5-1': 1.14, 'm6-1': 97.15, 'm7-1': 112.54, 'm8-1': 9.63}",1.455,145.958,146.928,inf,186.95,186.95
247,T3,BESTEFFORT,COMPLETED,m5-1,37.19,"{'m1-1': 10.76, 'm2-1': 106.22, 'm3-1': 94.12, 'm4-1': 1.17, 'm5-1': 1.05, 'm6-1': 110.45, 'm7-1': 114.5, 'm8-1': 11.42}",1.5750000000000002,46.102999999999994,47.15299999999999,inf,187.19,187.19
248,T4,BESTEFFORT,COMPLETED,m4-1,37.245,"{'m1-1': 10.02, 'm2-1': 98.45, 'm3-1': 94.28, 'm4-1': 1.08, 'm5-1': 1.04, 'm6-1': 92.94, 'm7-1': 100.51, 'm8-1': 10.32}",1.62,47.45799999999999,48.53799999999999,inf,187.245,187.245
249,T3,BESTEFFORT,COMPLETED,m5-1,37.449,"{'m1-1': 9.32, 'm2-1': 104.22, 'm3-1': 99.72, 'm4-1': 1.09, 'm5-1': 1.0, 'm6-1': 101.82, 'm7-1': 115.22, 'm8-1': 10.33}",1.5,40.72299999999999,41.72299999999999,inf,187.449,187.449
250,T1,BESTEFFORT,COMPLETED,m5-1,37.495,"{'m1-1': 10.1, 'm2-1': 106.18, 'm3-1': 108.06, 'm4-1': 1.14, 'm5-1': 1.14, 'm6-1': 99.24, 'm7-1': 96.47, 'm8-1': 10.87}",1.71,149.063,150.20299999999997,inf,187.495,187.495
251,T2,BESTEFFORT,COMPLETED,m4-1,37.516,"{'m1-1': 10.89, 'm2-1': 102.68, 'm3-1': 101.75, 'm4-1': 1.09, 'm5-1': 1.02, 'm6-1': 102.95, 'm7-1': 114.6, 'm8-1': 10.03}",1.6350000000000002,41.15799999999999,42.24799999999999,inf,187.516,187.516
252,T2,BESTEFFORT,COMPLETED,m4-1,37.792,"{'m1-1': 10.91, 'm2-1': 104.94, 'm3-1': 117.03, 'm4-1': 1.0, 'm5-1': 1.01, 'm6-1': 96.7, 'm7-1': 103.41, 'm8-1': 11.62}",1.5,42.24799999999999,43.24799999999999,inf,187.792,187.792
253,T2,BESTEFFORT,COMPLETED,m5-1,38.073,"{'m1-1': 9.89, 'm2-1': 99.08, 'm3-1': 102.77, 'm4-1': 1.02, 'm5-1': 1.12, 'm6-1': 96.72, 'm7-1': 106.7, 'm8-1': 11.12}",1.6800000000000002,122.933,124.05300000000001,inf,188.073,188.073
254,T3,BESTEFFORT,CANCELLED,,38.305,"{'m1-1': 10.2, 'm2-1': 107.44, 'm3-1': 93.87, 'm4-1': 1.0, 'm5-1': 1.12, 'm6-1': 100.11, 'm7-1': 96.94, 'm8-1': 10.98}",0.0,inf,inf,inf,188.305,188.305
255,T2,BESTEFFORT,COMPLETED,m4-1,38.542,"{'m1-1': 10.84, 'm2-1': 100.37, 'm3-1': 104.85, 'm4-1': 1.07, 'm5-1': 0.98, 'm6-1': 106.25, 'm7-1': 115.69, 'm8-1': 11.48}",1.605,44.29799999999999,45.36799999999999,inf,188.542,188.542
256,T3,BESTEFFORT,COMPLETED,m5-1,38.699,"{'m1-1': 10.94, 'm2-1': 107.46, 'm3-1': 96.45, 'm4-1': 1.08, 'm5-1': 1.01, 'm6-1': 114.5, 'm7-1': 97.05, 'm8-1': 10.52}",1.5150000000000001,167.15299999999996,168.16299999999995,inf,188.699,188.699
257,T2,BESTEFFORT,COMPLETED,m4-1,38.833,"{'m1-1': 10.68, 'm2-1': 104.53, 'm3-1': 112.9, 'm4-1': 1.06, 'm5-1': 1.09, 'm6-1': 100.17, 'm7-1': 109.34, 'm8-1': 10.4}",1.59,179.83800000000002,180.89800000000002,inf,188.833,188.833
258,T2,BESTEFFORT,COMPLETED,m4-1,38.941,"{'m1-1': 11.0, 'm2-1': 106.31, 'm3-1': 116.96, 'm4-1': 1.05, 'm5-1': 1.1, 'm6-1': 98.85, 'm7-1': 104.76, 'm8-1': 10.36}",1.5750000000000002,43.24799999999999,44.29799999999999,inf,188.941,188.941
259,T3,BESTEFFORT,COMPLETED,m4-1,39.055,"{'m1-1': 10.04, 'm2-1': 93.61, 'm3-1': 97.82, 'm4-1': 1.0, 'm5-1': 1.03, 'm6-1': 98.7, 'm7-1': 108.51, 'm8-1': 11.1}",1.5,180.89800000000002,181.89800000000002,inf,189.055,189.055
260,T3,BESTEFFORT,COMPLETED,m5-1,39.171,"{'m1-1': 10.98, 'm2-1': 105.93, 'm3-1': 102.08, 'm4-1': 1.0, 'm5-1': 1.09, 'm6-1': 115.33, 'm7-1': 111.75, 'm8-1': 11.05}",1.6350000000000002,60.763000000000005,61.85300000000001,inf,189.171,189.171
261,T1,BESTEFFORT,COMPLETED,m4-1,39.251,"{'m1-1': 9.99, 'm2-1': 108.25, 'm3-1': 102.55, 'm4-1': 1.0, 'm5-1': 1.03, 'm6-1': 108.23, 'm7-1': 108.98, 'm8-1': 10.67}",1.5,146.928,147.928,inf,189.251,189.251
262,T1,BESTEFFORT,COMPLETED,m5-1,39.288,"{'m1-1': 10.06, 'm2-1': 106.34, 'm3-1': 114.52, 'm4-1': 1.06, 'm5-1': 1.14, 'm6-1': 110.72, 'm7-1': 94.77, 'm8-1': 11.13}",1.71,136.453,137.593,inf,189.288,189.288
263,T4,BESTEFFORT,COMPLETED,m5-1,39.31,"{'m1-1': 11.19, 'm2-1': 104.54, 'm3-1': 91.72, 'm4-1': 1.11, 'm5-1': 0.97, 'm6-1': 101.75, 'm7-1': 103.22, 'm8-1': 10.65}",1.455,137.593,138.563,inf,189.31,189.31
264,T3,BESTEFFORT,COMPLETED,m8-1,39.464,"{'m1-1': 9.72, 'm2-1': 106.39, 'm3-1': 105.96, 'm4-1': 1.01, 'm5-1': 1.08, 'm6-1': 110.83, 'm7-1': 105.64, 'm8-1': 10.43}",15.645,104.58299999999998,115.01299999999998,inf,189.464,189.464
265,T4,BESTEFFORT,COMPLETED,m5-1,39.796,"{'m1-1': 10.22, 'm2-1': 99.87, 'm3-1': 94.04, 'm4-1': 0.95, 'm5-1': 1.1, 'm6-1': 109.01, 'm7-1': 102.45, 'm8-1': 10.08}",1.6500000000000001,124.05300000000001,125.153,inf,189.796,189.796
266,T1,BESTEFFORT,COMPLETED,m4-1,39.878,"{'m1-1': 10.71, 'm2-1': 113.26, 'm3-1': 107.43, 'm4-1': 0.99, 'm5-1': 0.98, 'm6-1': 102.77, 'm7-1': 100.92, 'm8-1': 11.3}",1.4849999999999999,127.17799999999998,128.16799999999998,inf,189.878,189.878
267,T3,BESTEFFORT,COMPLETED,m1-1,40.655,"{'m1-1': 10.42, 'm2-1': 93.12, 'm3-1': 103.91, 'm4-1': 1.02, 'm5-1': 1.04, 'm6-1': 97.97, 'm7-1': 99.36, 'm8-1': 10.25}",15.629999999999999,83.825,94.245,inf,190.655,190.655
268,T3,BESTEFFORT,COMPLETED,m5-1,40.972,"{'m1-1': 9.64, 'm2-1': 103.29, 'm3-1': 101.97, 'm4-1': 1.12, 'm5-1': 1.03, 'm6-1': 107.3, 'm7-1': 109.6, 'm8-1': 11.19}",1.545,61.85300000000001,62.88300000000001,inf,190.972,190.972
269,T1,BESTEFFORT,COMPLETED,m4-1,41.245,"{'m1-1': 9.72, 'm2-1': 108.46, 'm3-1': 115.82, 'm4-1': 1.13, 'm5-1': 1.12, 'm6-1': 111.29, 'm7-1': 99.89, 'm8-1': 10.64}",1.6949999999999998,76.36799999999997,77.49799999999996,inf,191.245,191.245
270,T3,BESTEFFORT,COMPLETED,m4-1,41.317,"{'m1-1': 9.88, 'm2-1': 107.87, 'm3-1': 101.49, 'm4-1': 1.03, 'm5-1': 0.96, 'm6-1': 111.74, 'm7-1': 100.1, 'm8-1': 9.91}",1.545,106.61799999999997,107.64799999999997,inf,191.317,191.317
271,T1,BESTEFFORT,COMPLETED,m4-1,41.562,"{'m1-1': 9.83, 'm2-1': 114.46, 'm3-1': 106.11, 'm4-1': 1.09, 'm5-1': 1.1, 'm6-1': 106.86, 'm7-1': 102.37, 'm8-1': 10.53}",1.6350000000000002,181.89800000000002,182.98800000000003,inf,191.562,191.562
272,T4,BESTEFFORT,COMPLETED,m4-1,41.604,"{'m1-1': 10.79, 'm2-1': 109.35, 'm3-1': 102.68, 'm4-1': 0.96, 'm5-1': 1.05, 'm6-1': 100.57, 'm7-1': 109.08, 'm8-1': 11.29}",1.44,107.64799999999997,108.60799999999996,inf,191.60399999999998,191.60399999999998
273,T2,BESTEFFORT,COMPLETED,m5-1,41.605,"{'m1-1': 10.64, 'm2-1': 107.53, 'm3-1': 108.79, 'm4-1': 1.06, 'm5-1': 1.1, 'm6-1': 106.09, 'm7-1': 106.38, 'm8-1': 11.55}",1.6500000000000001,150.20299999999997,151.30299999999997,inf,191.605,191.605
274,T1,BESTEFFORT,COMPLETED,m4-1,41.662,"{'m1-1': 10.1, 'm2-1': 99.14, 'm3-1': 111.57, 'm4-1': 1.03, 'm5-1': 1.05, 'm6-1': 113.54, 'm7-1': 103.17, 'm8-1': 10.23}",1.545,147.928,148.958,inf,191.662,191.662
275,T4,BESTEFFORT,COMPLETED,m4-1,41.991,"{'m1-1': 10.79, 'm2-1': 111.01, 'm3-1': 103.26, 'm4-1': 1.1, 'm5-1': 1.09, 'm6-1': 100.72, 'm7-1': 112.58, 'm8-1': 10.96}",1.6500000000000001,45.36799999999999,46.46799999999999,inf,191.99099999999999,191.99099999999999
276,T1,BESTEFFORT,MISSED,m7-1,42.155,"{'m1-1': 10.29, 'm2-1': 110.96, 'm3-1': 116.88, 'm4-1': 1.06, 'm5-1': 1.08, 'm6-1': 104.67, 'm7-1': 92.92, 'm8-1': 10.67}",52.21949999999998,157.342,inf,192.155,192.155,192.155
277,T3,BESTEFFORT,MISSED,m3-1,42.3,"{'m1-1': 9.87, 'm2-1': 98.04, 'm3-1': 94.09, 'm4-1': 1.1, 'm5-1': 1.08, 'm6-1': 110.8, 'm7-1': 103.73, 'm8-1': 11.28}",0.0,227.148,inf,227.148,192.3,192.3
278,T4,BESTEFFORT,COMPLETED,m5-1,42.325,"{'m1-1': 10.57, 'm2-1': 105.66, 'm3-1': 106.97, 'm4-1': 1.02, 'm5-1': 1.07, 'm6-1': 105.17, 'm7-1': 115.07, 'm8-1': 11.1}",1.605,178.48700000000002,179.55700000000002,inf,192.325,192.325
279,T4,BESTEFFORT,MISSED,m6-1,42.336,"{'m1-1': 10.89, 'm2-1': 109.06, 'm3-1': 97.01, 'm4-1': 1.0, 'm5-1': 1.06, 'm6-1': 97.74, 'm7-1': 102.42, 'm8-1': 9.72}",0.0,222.019,inf,222.019,192.336,192.336
280,T4,BESTEFFORT,COMPLETED,m8-1,42.353,"{'m1-1': 10.1, 'm2-1': 99.6, 'm3-1': 98.64, 'm4-1': 0.96, 'm5-1': 1.14, 'm6-1': 101.96, 'm7-1': 99.93, 'm8-1': 11.29}",16.935,82.84299999999999,94.13299999999998,inf,192.353,192.353
281,T4,BESTEFFORT,COMPLETED,m5-1,42.477,"{'m1-1': 10.13, 'm2-1': 95.86, 'm3-1': 95.88, 'm4-1': 1.06, 'm5-1': 1.06, 'm6-1': 103.11, 'm7-1': 111.42, 'm8-1': 10.31}",1.59,125.153,126.21300000000001,inf,192.477,192.477
282,T3,BESTEFFORT,COMPLETED,m5-1,42.684,"{'m1-1': 10.56, 'm2-1': 93.16, 'm3-1': 110.53, 'm4-1': 1.13, 'm5-1': 0.98, 'm6-1': 109.08, 'm7-1': 102.27, 'm8-1': 11.41}",1.47,179.55700000000002,180.537,inf,192.684,192.684
283,T1,BESTEFFORT,COMPLETED,m4-1,43.19,"{'m1-1': 9.73, 'm2-1': 112.96, 'm3-1': 106.28, 'm4-1': 1.12, 'm5-1': 1.07, 'm6-1': 109.67, 'm7-1': 109.53, 'm8-1': 11.52}",1.6800000000000002,161.83800000000002,162.95800000000003,inf,193.19,193.19
284,T2,BESTEFFORT,COMPLETED,m4-1,43.247,"{'m1-1': 10.51, 'm2-1': 100.7, 'm3-1': 115.28, 'm4-1': 0.99, 'm5-1': 1.11, 'm6-1': 107.9, 'm7-1': 117.15, 'm8-1': 11.28}",1.4849999999999999,46.46799999999999,47.45799999999999,inf,193.247,193.247
285,T4,BESTEFFORT,COMPLETED,m4-1,43.398,"{'m1-1': 10.06, 'm2-1': 110.63, 'm3-1': 98.82, 'm4-1': 0.97, 'm5-1': 1.02, 'm6-1': 100.96, 'm7-1': 102.39, 'm8-1': 10.42}",1.455,148.958,149.928,inf,193.398,193.398
286,T1,BESTEFFORT,COMPLETED,m5-1,43.708,"{'m1-1': 11.16, 'm2-1': 104.4, 'm3-1': 111.56, 'm4-1': 0.99, 'm5-1': 1.03, 'm6-1': 103.32, 'm7-1': 101.47, 'm8-1': 10.49}",1.545,168.16299999999995,169.19299999999996,inf,193.708,193.708
287,T2,BESTEFFORT,COMPLETED,m5-1,43.807,"{'m1-1': 10.56, 'm2-1': 103.9, 'm3-1': 98.52, 'm4-1': 1.06, 'm5-1': 1.08, 'm6-1': 101.47, 'm7-1': 111.89, 'm8-1': 11.69}",1.62,151.30299999999997,152.38299999999998,inf,193.80700000000002,193.80700000000002
288,T3,BESTEFFORT,COMPLETED,m5-1,43.86,"{'m1-1': 9.84, 'm2-1': 108.13, 'm3-1': 102.21, 'm4-1': 1.03, 'm5-1': 0.97, 'm6-1': 100.58, 'm7-1': 103.87, 'm8-1': 9.92}",1.455,47.15299999999999,48.12299999999999,inf,193.86,193.86
289,T4,BESTEFFORT,COMPLETED,m4-1,43.875,"{'m1-1': 11.05, 'm2-1': 101.37, 'm3-1': 100.98, 'm4-1': 0.96, 'm5-1': 1.04, 'm6-1': 93.35, 'm7-1': 113.2, 'm8-1': 9.92}",1.44,77.49799999999996,78.45799999999996,inf,193.875,193.875
290,T1,BESTEFFORT,COMPLETED,m4-1,44.057,"{'m1-1': 10.71, 'm2-1': 100.52, 'm3-1': 114.72, 'm4-1': 1.08, 'm5-1': 1.12, 'm6-1': 115.54, 'm7-1': 102.18, 'm8-1': 11.71}",1.62,189.11800000000002,190.19800000000004,inf,194.05700000000002,194.05700000000002
291,T1,BESTEFFORT,COMPLETED,m4-1,44.199,"{'m1-1': 10.86, 'm2-1': 97.1, 'm3-1': 100.9, 'm4-1': 0.99, 'm5-1': 1.06, 'm6-1': 107.52, 'm7-1': 98.45, 'm8-1': 11.64}",1.4849999999999999,162.95800000000003,163.94800000000004,inf,194.199,194.199
292,T2,BESTEFFORT,COMPLETED,m4-1,44.384,"{'m1-1': 10.23, 'm2-1': 94.07, 'm3-1': 105.31, 'm4-1': 1.06, 'm5-1': 1.14, 'm6-1': 110.16, 'm7-1': 117.04, 'm8-1': 11.05}",1.59,173.29800000000003,174.35800000000003,inf,194.38400000000001,194.38400000000001
293,T2,BESTEFFORT,COMPLETED,m5-1,44.575,"{'m1-1': 9.49, 'm2-1': 108.68, 'm3-1': 101.71, 'm4-1': 1.0, 'm5-1': 1.1, 'm6-1': 103.92, 'm7-1': 118.7, 'm8-1': 10.16}",1.6500000000000001,190.037,191.137,inf,194.575,194.575
294,T1,BESTEFFORT,COMPLETED,m5-1,44.709,"{'m1-1': 10.2, 'm2-1': 98.11, 'm3-1': 117.51, 'm4-1': 1.08, 'm5-1': 1.13, 'm6-1': 106.9, 'm7-1': 107.09, 'm8-1': 10.76}",1.6949999999999998,138.563,139.69299999999998,inf,194.709,194.709
295,T1,BESTEFFORT,COMPLETED,m5-1,44.823,"{'m1-1': 9.9, 'm2-1': 103.14, 'm3-1': 116.19, 'm4-1': 1.15, 'm5-1': 1.0, 'm6-1': 110.14, 'm7-1': 100.95, 'm8-1': 11.92}",1.5,48.12299999999999,49.12299999999999,inf,194.823,194.823
296,T2,BESTEFFORT,COMPLETED,m4-1,44.894,"{'m1-1': 10.16, 'm2-1': 94.51, 'm3-1': 102.21, 'm4-1': 1.01, 'm5-1': 1.05, 'm6-1': 113.62, 'm7-1': 109.5, 'm8-1': 11.68}",1.5150000000000001,108.60799999999996,109.61799999999997,inf,194.894,194.894
297,T2,BESTEFFORT,COMPLETED,m4-1,45.519,"{'m1-1': 9.89, 'm2-1': 103.1, 'm3-1': 106.76, 'm4-1': 0.97, 'm5-1': 1.02, 'm6-1': 104.43, 'm7-1': 113.26, 'm8-1': 10.46}",1.455,174.35800000000003,175.32800000000003,inf,195.519,195.519
298,T3,BESTEFFORT,COMPLETED,m5-1,45.553,"{'m1-1': 9.63, 'm2-1': 97.74, 'm3-1': 94.45, 'm4-1': 1.04, 'm5-1': 0.95, 'm6-1': 101.13, 'm7-1': 101.67, 'm8-1': 11.26}",1.4249999999999998,49.12299999999999,50.07299999999999,inf,195.553,195.553
299,T2,BESTEFFORT,COMPLETED,m4-1,45.825,"{'m1-1': 10.31, 'm2-1': 102.46, 'm3-1': 104.48, 'm4-1': 1.05, 'm5-1': 1.05, 'm6-1': 111.47, 'm7-1': 110.2, 'm8-1': 10.43}",1.5750000000000002,49.58799999999999,50.637999999999984,inf,195.825,195.825
300,T2,BESTEFFORT,COMPLETED,m5-1,46.188,"{'m1-1': 10.08, 'm2-1': 104.45, 'm3-1': 107.48, 'm4-1': 1.08, 'm5-1': 1.1, 'm6-1': 113.84, 'm7-1': 118.65, 'm8-1': 10.76}",1.6500000000000001,108.21300000000001,109.313,inf,196.188,196.188
301,T3,BESTEFFORT,COMPLETED,m5-1,46.213,"{'m1-1': 9.3, 'm2-1': 100.98, 'm3-1': 109.95, 'm4-1': 1.0, 'm5-1': 0.99, 'm6-1': 109.17, 'm7-1': 100.83, 'm8-1': 10.98}",1.4849999999999999,50.07299999999999,51.062999999999995,inf,196.213,196.213
302,T1,BESTEFFORT,COMPLETED,m5-1,46.386,"{'m1-1': 10.9, 'm2-1': 102.5, 'm3-1': 103.01, 'm4-1': 1.06, 'm5-1': 1.05, 'm6-1': 98.25, 'm7-1': 101.82, 'm8-1': 11.26}",1.5750000000000002,82.57300000000002,83.62300000000002,inf,196.386,196.386
303,T2,BESTEFFORT,COMPLETED,m4-1,46.56,"{'m1-1': 10.07, 'm2-1': 94.93, 'm3-1': 102.83, 'm4-1': 1.04, 'm5-1': 1.11, 'm6-1': 108.0, 'm7-1': 100.66, 'm8-1': 10.63}",1.56,128.16799999999998,129.20799999999997,inf,196.56,196.56
304,T2,BESTEFFORT,COMPLETED,m5-1,46.645,"{'m1-1': 11.14, 'm2-1': 104.96, 'm3-1': 106.45, 'm4-1': 0.99, 'm5-1': 1.14, 'm6-1': 107.27, 'm7-1': 104.44, 'm8-1': 10.04}",1.71,83.62300000000002,84.76300000000002,inf,196.645,196.645
305,T2,BESTEFFORT,COMPLETED,m5-1,46.838,"{'m1-1': 10.05, 'm2-1': 98.72, 'm3-1': 104.02, 'm4-1': 1.08, 'm5-1': 1.1, 'm6-1': 113.62, 'm7-1': 100.08, 'm8-1': 9.87}",1.6500000000000001,84.76300000000002,85.86300000000001,inf,196.838,196.838
306,T1,BESTEFFORT,COMPLETED,m5-1,46.869,"{'m1-1': 10.97, 'm2-1': 97.81, 'm3-1': 115.93, 'm4-1': 1.12, 'm5-1': 1.05, 'm6-1': 104.75, 'm7-1': 98.13, 'm8-1': 10.99}",1.5750000000000002,180.537,181.58700000000002,inf,196.869,196.869
307,T1,BESTEFFORT,COMPLETED,m5-1,47.058,"{'m1-1': 10.04, 'm2-1': 114.7, 'm3-1': 117.54, 'm4-1': 1.02, 'm5-1': 1.12, 'm6-1': 101.28, 'm7-1': 98.01, 'm8-1': 11.86}",1.6800000000000002,51.062999999999995,52.18299999999999,inf,197.058,197.058
308,T3,BESTEFFORT,COMPLETED,m5-1,47.07,"{'m1-1': 9.74, 'm2-1': 102.41, 'm3-1': 94.89, 'm4-1': 1.17, 'm5-1': 1.06, 'm6-1': 104.09, 'm7-1': 99.66, 'm8-1': 10.6}",1.59,139.69299999999998,140.753,inf,197.07,197.07
309,T4,BESTEFFORT,COMPLETED,m4-1,47.112,"{'m1-1': 10.35, 'm2-1': 101.6, 'm3-1': 104.67, 'm4-1': 0.96, 'm5-1': 1.03, 'm6-1': 96.24, 'm7-1': 115.36, 'm8-1': 9.67}",1.44,193.16800000000003,194.12800000000004,inf,197.112,197.112
310,T4,BESTEFFORT,COMPLETED,m4-1,47.3,"{'m1-1': 10.73, 'm2-1': 109.21, 'm3-1': 105.24, 'm4-1': 1.06, 'm5-1': 1.08, 'm6-1': 109.34, 'm7-1': 106.86, 'm8-1': 10.98}",1.59,109.61799999999997,110.67799999999997,inf,197.3,197.3
311,T3,BESTEFFORT,COMPLETED,m5-1,47.33,"{'m1-1': 10.18, 'm2-1': 109.72, 'm3-1': 106.25, 'm4-1': 1.14, 'm5-1': 1.06, 'm6-1': 102.71, 'm7-1': 112.73, 'm8-1': 9.88}",1.59,194.427,195.487,inf,197.32999999999998,197.32999999999998
312,T1,BESTEFFORT,COMPLETED,m1-1,47.65,"{'m1-1': 10.77, 'm2-1': 107.87, 'm3-1': 118.26, 'm4-1': 1.01, 'm5-1': 1.07, 'm6-1': 106.36, 'm7-1': 96.06, 'm8-1': 10.92}",16.155,134.985,145.75500000000002,inf,197.65,197.65
313,T1,BESTEFFORT,COMPLETED,m5-1,48.254,"{'m1-1': 11.0, 'm2-1': 110.13, 'm3-1': 109.84, 'm4-1': 1.05, 'm5-1': 1.12, 'm6-1': 98.25, 'm7-1': 107.32, 'm8-1': 10.98}",1.6800000000000002,85.86300000000001,86.98300000000002,inf,198.254,198.254
314,T3,BESTEFFORT,COMPLETED,m4-1,48.485,"{'m1-1': 10.8, 'm2-1': 106.81, 'm3-1': 97.31, 'm4-1': 1.03, 'm5-1': 1.0, 'm6-1': 103.32, 'm7-1': 111.69, 'm8-1': 10.73}",1.545,129.20799999999997,130.23799999999997,inf,198.485,198.485
315,T4,BESTEFFORT,COMPLETED,m5-1,48.532,"{'m1-1': 10.71, 'm2-1': 98.42, 'm3-1': 93.74, 'm4-1': 0.98, 'm5-1': 1.1, 'm6-1': 107.34, 'm7-1': 101.63, 'm8-1': 10.54}",1.6500000000000001,181.58700000000002,182.687,inf,198.53199999999998,198.53199999999998
316,T2,BESTEFFORT,COMPLETED,m4-1,48.577,"{'m1-1': 10.91, 'm2-1': 109.58, 'm3-1': 110.35, 'm4-1': 1.08, 'm5-1': 1.12, 'm6-1': 107.6, 'm7-1': 109.17, 'm8-1': 9.86}",1.62,78.45799999999996,79.53799999999995,inf,198.577,198.577
317,T4,BESTEFFORT,COMPLETED,m4-1,48.588,"{'m1-1': 11.09, 'm2-1': 96.7, 'm3-1': 106.87, 'm4-1': 1.06, 'm5-1': 1.05, 'm6-1': 102.42, 'm7-1': 105.26, 'm8-1': 11.13}",1.59,110.67799999999997,111.73799999999997,inf,198.588,198.588
318,T4,BESTEFFORT,COMPLETED,m4-1,48.739,"{'m1-1': 11.04, 'm2-1': 96.24, 'm3-1': 106.84, 'm4-1': 1.05, 'm5-1': 0.99, 'm6-1': 93.04, 'm7-1': 105.91, 'm8-1': 10.53}",1.5750000000000002,52.78799999999999,53.83799999999999,inf,198.739,198.739
319,T2,BESTEFFORT,COMPLETED,m5-1,48.896,"{'m1-1': 9.42, 'm2-1': 93.53, 'm3-1': 107.98, 'm4-1': 1.03, 'm5-1': 1.01, 'm6-1': 104.58, 'm7-1': 103.13, 'm8-1': 11.3}",1.5150000000000001,173.247,174.257,inf,198.89600000000002,198.89600000000002
320,T1,BESTEFFORT,COMPLETED,m5-1,49.209,"{'m1-1': 10.32, 'm2-1': 97.4, 'm3-1': 111.18, 'm4-1': 1.08, 'm5-1': 1.1, 'm6-1': 102.86, 'm7-1': 96.53, 'm8-1': 10.76}",1.6500000000000001,86.98300000000002,88.08300000000001,inf,199.209,199.209
321,T1,BESTEFFORT,COMPLETED,m4-1,49.242,"{'m1-1': 10.64, 'm2-1': 110.33, 'm3-1': 112.85, 'm4-1': 1.01, 'm5-1': 1.01, 'm6-1': 110.62, 'm7-1': 93.27, 'm8-1': 11.02}",1.5150000000000001,169.15800000000004,170.16800000000003,inf,199.242,199.242
322,T1,BESTEFFORT,COMPLETED,m5-1,49.288,"{'m1-1': 10.32, 'm2-1': 113.22, 'm3-1': 102.09, 'm4-1': 1.01, 'm5-1': 1.1, 'm6-1': 102.58, 'm7-1': 103.08, 'm8-1': 10.89}",1.6500000000000001,182.687,183.787,inf,199.288,199.288
323,T4,BESTEFFORT,COMPLETED,m4-1,49.319,"{'m1-1': 10.45, 'm2-1': 106.88, 'm3-1': 108.48, 'm4-1': 1.03, 'm5-1': 1.05, 'm6-1': 108.19, 'm7-1': 110.85, 'm8-1': 10.48}",1.545,81.61799999999995,82.64799999999995,inf,199.31900000000002,199.31900000000002
324,T1,BESTEFFORT,COMPLETED,m4-1,49.402,"{'m1-1': 9.47, 'm2-1': 111.52, 'm3-1': 111.67, 'm4-1': 1.01, 'm5-1': 0.98, 'm6-1': 114.92, 'm7-1': 99.15, 'm8-1': 11.64}",1.5150000000000001,182.98800000000003,183.99800000000002,inf,199.402,199.402
325,T4,BESTEFFORT,COMPLETED,m5-1,49.635,"{'m1-1': 11.01, 'm2-1': 113.24, 'm3-1': 101.6, 'm4-1': 1.05, 'm5-1': 1.05, 'm6-1': 105.31, 'm7-1': 110.86, 'm8-1': 9.83}",1.5750000000000002,126.21300000000001,127.263,inf,199.635,199.635
326,T4,BESTEFFORT,COMPLETED,m5-1,50.104,"{'m1-1': 10.81, 'm2-1': 99.76, 'm3-1': 104.13, 'm4-1': 1.03, 'm5-1': 1.05, 'm6-1': 102.64, 'm7-1': 102.97, 'm8-1': 9.77}",1.5750000000000002,159.74299999999997,160.79299999999998,inf,200.10399999999998,200.10399999999998
327,T2,BESTEFFORT,COMPLETED,m4-1,50.323,"{'m1-1': 9.78, 'm2-1': 101.99, 'm3-1': 103.88, 'm4-1': 1.0, 'm5-1': 1.11, 'm6-1': 113.17, 'm7-1': 104.78, 'm8-1': 10.69}",1.5,111.73799999999997,112.73799999999997,inf,200.323,200.323
328,T4,BESTEFFORT,COMPLETED,m5-1,50.323,"{'m1-1': 10.55, 'm2-1': 107.16, 'm3-1': 106.61, 'm4-1': 1.06, 'm5-1': 1.1, 'm6-1': 99.46, 'm7-1': 100.87, 'm8-1': 10.17}",1.6500000000000001,160.79299999999998,161.89299999999997,inf,200.323,200.323
329,T4,BESTEFFORT,COMPLETED,m5-1,50.327,"{'m1-1': 11.19, 'm2-1': 102.54, 'm3-1': 104.17, 'm4-1': 1.1, 'm5-1': 1.07, 'm6-1': 96.99, 'm7-1': 104.9, 'm8-1': 9.77}",1.605,186.847,187.917,inf,200.327,200.327
330,T3,BESTEFFORT,COMPLETED,m5-1,50.701,"{'m1-1': 10.88, 'm2-1': 96.05, 'm3-1': 98.23, 'm4-1': 1.09, 'm5-1': 1.09, 'm6-1': 107.66, 'm7-1': 97.73, 'm8-1': 11.34}",1.6350000000000002,54.36299999999999,55.452999999999996,inf,200.701,200.701
331,T2,BESTEFFORT,COMPLETED,m5-1,50.716,"{'m1-1': 10.57, 'm2-1': 99.1, 'm3-1': 113.66, 'm4-1': 0.93, 'm5-1': 1.09, 'm6-1': 100.01, 'm7-1': 112.51, 'm8-1': 10.27}",1.6350000000000002,55.452999999999996,56.543,inf,200.716,200.716
332,T2,BESTEFFORT,COMPLETED,m4-1,50.782,"{'m1-1': 10.6, 'm2-1': 98.43, 'm3-1': 117.03, 'm4-1': 0.97, 'm5-1': 0.97, 'm6-1': 100.35, 'm7-1': 118.82, 'm8-1': 11.46}",1.455,54.847999999999985,55.817999999999984,inf,200.78199999999998,200.78199999999998
333,T2,BESTEFFORT,COMPLETED,m4-1,51.365,"{'m1-1': 10.29, 'm2-1': 98.88, 'm3-1': 110.62, 'm4-1': 0.99, 'm5-1': 1.03, 'm6-1': 108.88, 'm7-1': 102.08, 'm8-1': 11.7}",1.4849999999999999,86.66799999999998,87.65799999999997,inf,201.365,201.365
334,T1,BESTEFFORT,MISSED,m7-1,51.528,"{'m1-1': 11.14, 'm2-1': 103.53, 'm3-1': 107.6, 'm4-1': 1.02, 'm5-1': 1.09, 'm6-1': 102.51, 'm7-1': 109.73, 'm8-1': 11.52}",0.0,202.85,inf,202.85,201.528,201.528
335,T1,BESTEFFORT,MISSED,m8-1,51.62,"{'m1-1': 11.12, 'm2-1': 97.81, 'm3-1': 100.75, 'm4-1': 1.05, 'm5-1': 1.01, 'm6-1': 102.34, 'm7-1': 108.77, 'm8-1': 11.54}",0.0,222.76299999999998,inf,222.76299999999998,201.62,201.62
336,T3,BESTEFFORT,COMPLETED,m5-1,51.674,"{'m1-1': 9.93, 'm2-1': 96.15, 'm3-1': 94.0, 'm4-1': 1.03, 'm5-1': 0.95, 'm6-1': 107.31, 'm7-1': 111.18, 'm8-1': 10.67}",1.4249999999999998,109.313,110.263,inf,201.674,201.674
337,T4,BESTEFFORT,COMPLETED,m4-1,52.123,"{'m1-1': 11.13, 'm2-1': 108.21, 'm3-1': 101.82, 'm4-1': 0.99, 'm5-1': 1.13, 'm6-1': 101.97, 'm7-1': 112.35, 'm8-1': 9.92}",1.4849999999999999,55.817999999999984,56.807999999999986,inf,202.123,202.123
338,T2,BESTEFFORT,COMPLETED,m4-1,52.127,"{'m1-1': 10.56, 'm2-1': 101.62, 'm3-1': 111.11, 'm4-1': 1.09, 'm5-1': 1.08, 'm6-1': 107.65, 'm7-1': 113.33, 'm8-1': 10.43}",1.6350000000000002,58.85799999999999,59.94799999999999,inf,202.127,202.127
339,T2,BESTEFFORT,COMPLETED,m4-1,52.274,"{'m1-1': 10.75, 'm2-1': 98.17, 'm3-1': 115.5, 'm4-1': 1.01, 'm5-1': 1.05, 'm6-1': 101.57, 'm7-1': 103.24, 'm8-1': 11.3}",1.5150000000000001,60.98799999999999,61.99799999999999,inf,202.274,202.274
340,T3,BESTEFFORT,COMPLETED,m1-1,52.3,"{'m1-1': 10.12, 'm2-1': 101.05, 'm3-1': 104.8, 'm4-1': 1.08, 'm5-1': 1.09, 'm6-1': 115.84, 'm7-1': 115.09, 'm8-1': 10.77}",15.18,166.41500000000002,176.53500000000003,inf,202.3,202.3
341,T3,BESTEFFORT,COMPLETED,m5-1,52.304,"{'m1-1': 9.35, 'm2-1': 101.46, 'm3-1': 107.72, 'm4-1': 1.06, 'm5-1': 1.0, 'm6-1': 105.7, 'm7-1': 106.98, 'm8-1': 11.22}",1.5,187.917,188.917,inf,202.304,202.304
342,T3,BESTEFFORT,MISSED,m7-1,52.31,"{'m1-1': 9.29, 'm2-1': 103.88, 'm3-1': 95.09, 'm4-1': 1.04, 'm5-1': 1.08, 'm6-1': 104.13, 'm7-1': 115.1, 'm8-1': 10.24}",0.0,202.85,inf,202.85,202.31,202.31
343,T2,BESTEFFORT,MISSED,m1-1,52.437,"{'m1-1': 10.17, 'm2-1': 109.22, 'm3-1': 113.2, 'm4-1': 0.94, 'm5-1': 1.0, 'm6-1': 111.61, 'm7-1': 103.17, 'm8-1': 10.7}",8.657999999999987,196.66500000000002,inf,202.437,202.437,202.437
344,T4,BESTEFFORT,COMPLETED,m5-1,52.532,"{'m1-1': 11.29, 'm2-1': 97.38, 'm3-1': 94.72, 'm4-1': 1.01, 'm5-1': 1.11, 'm6-1': 103.51, 'm7-1': 104.53, 'm8-1': 10.06}",1.665,191.137,192.247,inf,202.53199999999998,202.53199999999998
345,T1,BESTEFFORT,MISSED,m7-1,52.85,"{'m1-1': 10.69, 'm2-1': 101.87, 'm3-1': 104.41, 'm4-1': 1.1, 'm5-1': 1.14, 'm6-1': 104.98, 'm7-1': 95.55, 'm8-1': 10.09}",16.04249999999999,192.155,inf,202.85,202.85,202.85
346,T4,BESTEFFORT,COMPLETED,m4-1,53.161,"{'m1-1': 9.94, 'm2-1': 104.42, 'm3-1': 96.59, 'm4-1': 1.1, 'm5-1': 1.09, 'm6-1': 95.88, 'm7-1': 109.48, 'm8-1': 9.66}",1.6500000000000001,57.75799999999999,58.85799999999999,inf,203.161,203.161
347,T3,BESTEFFORT,COMPLETED,m5-1,53.294,"{'m1-1': 10.5, 'm2-1': 102.56, 'm3-1': 103.45, 'm4-1': 1.0, 'm5-1': 1.02, 'm6-1': 112.82, 'm7-1': 108.42, 'm8-1': 9.73}",1.53,57.573,58.593,inf,203.29399999999998,203.29399999999998
348,T2,BESTEFFORT,COMPLETED,m4-1,53.309,"{'m1-1': 9.7, 'm2-1': 104.47, 'm3-1': 102.89, 'm4-1': 0.95, 'm5-1': 1.04, 'm6-1': 107.02, 'm7-1': 115.69, 'm8-1': 11.49}",1.4249999999999998,56.807999999999986,57.75799999999999,inf,203.309,203.309
349,T1,BESTEFFORT,COMPLETED,m4-1,53.357,"{'m1-1': 9.85, 'm2-1': 111.62, 'm3-1': 107.69, 'm4-1': 1.06, 'm5-1': 1.08, 'm6-1': 98.5, 'm7-1': 108.88, 'm8-1': 11.01}",1.59,112.73799999999997,113.79799999999997,inf,203.357,203.357
350,T3,BESTEFFORT,MISSED,m2-1,53.382,"{'m1-1': 10.38, 'm2-1': 92.98, 'm3-1': 94.45, 'm4-1': 0.99, 'm5-1': 1.1, 'm6-1': 98.23, 'm7-1': 110.79, 'm8-1': 10.71}",68.64900000000003,157.61599999999999,inf,203.382,203.382,203.382
351,T4,BESTEFFORT,COMPLETED,m4-1,53.509,"{'m1-1': 9.99, 'm2-1': 108.56, 'm3-1': 97.47, 'm4-1': 0.97, 'm5-1': 1.06, 'm6-1': 106.56, 'm7-1': 105.16, 'm8-1': 9.92}",1.455,113.79799999999997,114.76799999999997,inf,203.50900000000001,203.50900000000001
352,T4,BESTEFFORT,COMPLETED,m4-1,53.545,"{'m1-1': 11.45, 'm2-1': 101.73, 'm3-1': 96.22, 'm4-1': 1.07, 'm5-1': 1.0, 'm6-1': 93.42, 'm7-1': 113.88, 'm8-1': 10.92}",1.605,61.99799999999999,63.06799999999999,inf,203.54500000000002,203.54500000000002
353,T1,BESTEFFORT,COMPLETED,m5-1,54.019,"{'m1-1': 9.55, 'm2-1': 97.36, 'm3-1': 113.02, 'm4-1': 1.07, 'm5-1': 1.09, 'm6-1': 108.59, 'm7-1': 103.1, 'm8-1': 11.85}",1.6350000000000002,152.38299999999998,153.47299999999998,inf,204.019,204.019
354,T4,BESTEFFORT,COMPLETED,m5-1,54.31,"{'m1-1': 10.66, 'm2-1': 113.25, 'm3-1': 91.69, 'm4-1': 0.95, 'm5-1': 1.1, 'm6-1': 110.02, 'm7-1': 104.55, 'm8-1': 9.79}",1.6500000000000001,88.08300000000001,89.183,inf,204.31,204.31
355,T3,BESTEFFORT,COMPLETED,m4-1,54.406,"{'m1-1': 9.39, 'm2-1': 100.87, 'm3-1': 96.06, 'm4-1': 1.12, 'm5-1': 1.06, 'm6-1': 105.85, 'm7-1': 99.51, 'm8-1': 11.4}",1.6800000000000002,194.12800000000004,195.24800000000005,inf,204.406,204.406
356,T2,BESTEFFORT,COMPLETED,m4-1,54.498,"{'m1-1': 10.19, 'm2-1': 109.41, 'm3-1': 112.63, 'm4-1': 1.03, 'm5-1': 1.03, 'm6-1': 102.36, 'm7-1': 118.26, 'm8-1': 11.21}",1.545,63.06799999999999,64.09799999999998,inf,204.498,204.498
357,T4,BESTEFFORT,COMPLETED,m5-1,54.601,"{'m1-1': 11.16, 'm2-1': 112.19, 'm3-1': 97.59, 'm4-1': 0.96, 'm5-1': 1.07, 'm6-1': 108.19, 'm7-1': 105.89, 'm8-1': 10.72}",1.605,58.593,59.663000000000004,inf,204.601,204.601
358,T4,BESTEFFORT,COMPLETED,m4-1,55.052,"{'m1-1': 10.26, 'm2-1': 99.71, 'm3-1': 99.53, 'm4-1': 1.01, 'm5-1': 1.08, 'm6-1': 107.04, 'm7-1': 110.77, 'm8-1': 11.36}",1.5150000000000001,190.19800000000004,191.20800000000003,inf,205.052,205.052
359,T3,BESTEFFORT,COMPLETED,m1-1,55.13,"{'m1-1': 10.62, 'm2-1': 105.52, 'm3-1': 100.9, 'm4-1': 1.15, 'm5-1': 1.09, 'm6-1': 103.64, 'm7-1': 97.05, 'm8-1': 10.55}",15.93,114.185,124.805,inf,205.13,205.13
360,T1,BESTEFFORT,COMPLETED,m5-1,55.807,"{'m1-1': 9.78, 'm2-1': 99.18, 'm3-1': 106.39, 'm4-1': 1.03, 'm5-1': 1.14, 'm6-1': 99.54, 'm7-1': 103.14, 'm8-1': 11.33}",1.71,110.263,111.403,inf,205.80700000000002,205.80700000000002
361,T1,BESTEFFORT,COMPLETED,m4-1,56.066,"{'m1-1': 10.33, 'm2-1': 110.21, 'm3-1': 103.01, 'm4-1': 1.17, 'm5-1': 1.02, 'm6-1': 114.11, 'm7-1': 108.99, 'm8-1': 11.26}",1.755,175.32800000000003,176.49800000000002,inf,206.066,206.066
362,T3,BESTEFFORT,COMPLETED,m4-1,56.168,"{'m1-1': 10.2, 'm2-1': 97.93, 'm3-1': 96.66, 'm4-1': 1.01, 'm5-1': 1.03, 'm6-1': 114.73, 'm7-1': 101.67, 'm8-1': 10.29}",1.5150000000000001,163.94800000000004,164.95800000000003,inf,206.168,206.168
363,T2,BESTEFFORT,COMPLETED,m4-1,56.207,"{'m1-1': 10.94, 'm2-1': 104.63, 'm3-1': 102.91, 'm4-1': 1.04, 'm5-1': 1.13, 'm6-1': 98.32, 'm7-1': 117.03, 'm8-1': 11.12}",1.56,59.94799999999999,60.98799999999999,inf,206.207,206.207
364,T3,BESTEFFORT,COMPLETED,m4-1,56.362,"{'m1-1': 10.15, 'm2-1': 107.34, 'm3-1': 108.16, 'm4-1': 1.14, 'm5-1': 1.04, 'm6-1': 98.01, 'm7-1': 114.12, 'm8-1': 11.46}",1.71,130.23799999999997,131.37799999999996,inf,206.362,206.362
365,T2,BESTEFFORT,COMPLETED,m1-1,56.389,"{'m1-1': 10.18, 'm2-1': 96.88, 'm3-1': 106.57, 'm4-1': 1.08, 'm5-1': 1.02, 'm6-1': 103.21, 'm7-1': 106.5, 'm8-1': 10.07}",15.27,124.805,134.985,inf,206.389,206.389
366,T3,BESTEFFORT,COMPLETED,m5-1,56.409,"{'m1-1': 10.77, 'm2-1': 97.76, 'm3-1': 98.35, 'm4-1': 0.99, 'm5-1': 1.04, 'm6-1': 108.29, 'm7-1': 104.5, 'm8-1': 11.03}",1.56,192.247,193.287,inf,206.409,206.409
367,T4,BESTEFFORT,COMPLETED,m8-1,56.811,"{'m1-1': 11.48, 'm2-1': 106.52, 'm3-1': 102.61, 'm4-1': 0.97, 'm5-1': 1.06, 'm6-1': 94.97, 'm7-1': 104.55, 'm8-1': 10.45}",15.674999999999999,94.13299999999998,104.58299999999998,inf,206.811,206.811
368,T4,BESTEFFORT,COMPLETED,m4-1,56.917,"{'m1-1': 10.11, 'm2-1': 108.94, 'm3-1': 105.37, 'm4-1': 1.06, 'm5-1': 0.99, 'm6-1': 98.38, 'm7-1': 100.2, 'm8-1': 9.74}",1.59,176.49800000000002,177.55800000000002,inf,206.917,206.917
369,T3,BESTEFFORT,COMPLETED,m1-1,57.331,"{'m1-1': 9.89, 'm2-1': 102.44, 'm3-1': 97.09, 'm4-1': 1.07, 'm5-1': 0.99, 'm6-1': 109.11, 'm7-1': 102.02, 'm8-1': 10.11}",14.835,104.295,114.185,inf,207.33100000000002,207.33100000000002
370,T2,BESTEFFORT,MISSED,m6-1,57.462,"{'m1-1': 9.96, 'm2-1': 98.93, 'm3-1': 101.12, 'm4-1': 1.0, 'm5-1': 1.03, 'm6-1': 103.21, 'm7-1': 117.57, 'm8-1': 11.21}",0.0,222.019,inf,222.019,207.462,207.462
371,T3,BESTEFFORT,COMPLETED,m5-1,57.582,"{'m1-1': 9.74, 'm2-1': 97.96, 'm3-1': 96.04, 'm4-1': 1.12, 'm5-1': 1.08, 'm6-1': 103.64, 'm7-1': 98.29, 'm8-1': 11.37}",1.62,169.19299999999996,170.27299999999997,inf,207.582,207.582
372,T2,BESTEFFORT,COMPLETED,m4-1,57.622,"{'m1-1': 10.39, 'm2-1': 107.35, 'm3-1': 101.55, 'm4-1': 0.96, 'm5-1': 1.06, 'm6-1': 104.03, 'm7-1': 100.61, 'm8-1': 10.84}",1.44,191.20800000000003,192.16800000000003,inf,207.622,207.622
373,T3,BESTEFFORT,COMPLETED,m5-1,57.835,"{'m1-1': 10.1, 'm2-1': 100.87, 'm3-1': 93.87, 'm4-1': 1.17, 'm5-1': 1.09, 'm6-1': 100.34, 'm7-1': 99.88, 'm8-1': 11.24}",1.6350000000000002,161.89299999999997,162.98299999999998,inf,207.835,207.835
374,T2,BESTEFFORT,COMPLETED,m4-1,58.161,"{'m1-1': 9.59, 'm2-1': 108.13, 'm3-1': 100.49, 'm4-1': 1.08, 'm5-1': 0.98, 'm6-1': 109.47, 'm7-1': 118.21, 'm8-1': 11.34}",1.62,131.37799999999996,132.45799999999997,inf,208.161,208.161
375,T4,BESTEFFORT,COMPLETED,m4-1,58.247,"{'m1-1': 11.08, 'm2-1': 101.53, 'm3-1': 101.72, 'm4-1': 1.08, 'm5-1': 1.08, 'm6-1': 99.99, 'm7-1': 106.8, 'm8-1': 10.64}",1.62,87.65799999999997,88.73799999999997,inf,208.247,208.247
376,T1,BESTEFFORT,COMPLETED,m5-1,58.378,"{'m1-1': 10.16, 'm2-1': 113.85, 'm3-1': 115.96, 'm4-1': 1.16, 'm5-1': 0.98, 'm6-1': 103.24, 'm7-1': 103.3, 'm8-1': 10.75}",1.47,89.183,90.16300000000001,inf,208.378,208.378
377,T3,BESTEFFORT,COMPLETED,m5-1,58.758,"{'m1-1': 9.99, 'm2-1': 108.35, 'm3-1': 100.51, 'm4-1': 1.04, 'm5-1': 1.11, 'm6-1': 101.68, 'm7-1': 102.58, 'm8-1': 10.28}",1.665,140.753,141.863,inf,208.758,208.758
378,T4,BESTEFFORT,COMPLETED,m4-1,58.834,"{'m1-1': 10.74, 'm2-1': 100.65, 'm3-1': 105.88, 'm4-1': 1.07, 'm5-1': 1.05, 'm6-1': 107.01, 'm7-1': 107.59, 'm8-1': 9.6}",1.605,66.05799999999998,67.12799999999997,inf,208.834,208.834
379,T4,BESTEFFORT,COMPLETED,m4-1,58.951,"{'m1-1': 11.41, 'm2-1': 108.98, 'm3-1': 108.31, 'm4-1': 1.08, 'm5-1': 1.08, 'm6-1': 94.48, 'm7-1': 117.11, 'm8-1': 10.24}",1.62,149.928,151.008,inf,208.951,208.951
380,T2,BESTEFFORT,COMPLETED,m5-1,58.998,"{'m1-1': 10.71, 'm2-1': 106.94, 'm3-1': 102.3, 'm4-1': 1.09, 'm5-1': 1.12, 'm6-1': 98.38, 'm7-1': 101.79, 'm8-1': 9.91}",1.6800000000000002,62.88300000000001,64.00300000000001,inf,208.998,208.998
381,T3,BESTEFFORT,COMPLETED,m4-1,59.04,"{'m1-1': 9.52, 'm2-1': 94.03, 'm3-1': 99.34, 'm4-1': 1.16, 'm5-1': 1.09, 'm6-1': 110.4, 'm7-1': 97.26, 'm8-1': 10.5}",1.7399999999999998,151.008,152.168,inf,209.04,209.04
382,T1,BESTEFFORT,COMPLETED,m4-1,59.084,"{'m1-1': 10.4, 'm2-1': 108.91, 'm3-1': 103.05, 'm4-1': 1.16, 'm5-1': 1.1, 'm6-1': 105.42, 'm7-1': 106.5, 'm8-1': 11.67}",1.7399999999999998,177.55800000000002,178.71800000000002,inf,209.084,209.084
383,T4,BESTEFFORT,COMPLETED,m5-1,59.438,"{'m1-1': 11.67, 'm2-1': 111.89, 'm3-1': 92.35, 'm4-1': 0.99, 'm5-1': 0.97, 'm6-1': 100.57, 'm7-1': 110.16, 'm8-1': 10.78}",1.455,141.863,142.833,inf,209.438,209.438
384,T3,BESTEFFORT,COMPLETED,m5-1,59.968,"{'m1-1': 10.26, 'm2-1': 96.34, 'm3-1': 103.13, 'm4-1': 1.09, 'm5-1': 0.98, 'm6-1': 108.88, 'm7-1': 108.73, 'm8-1': 10.53}",1.47,64.00300000000001,64.98300000000002,inf,209.96800000000002,209.96800000000002
385,T1,BESTEFFORT,COMPLETED,m5-1,60.077,"{'m1-1': 9.95, 'm2-1': 110.52, 'm3-1': 116.89, 'm4-1': 1.14, 'm5-1': 1.14, 'm6-1': 112.27, 'm7-1': 95.29, 'm8-1': 11.64}",1.71,162.98299999999998,164.12299999999996,inf,210.077,210.077
386,T2,BESTEFFORT,COMPLETED,m4-1,60.086,"{'m1-1': 9.49, 'm2-1': 101.67, 'm3-1': 105.76, 'm4-1': 1.0, 'm5-1': 1.08, 'm6-1': 113.79, 'm7-1': 103.98, 'm8-1': 10.62}",1.5,88.73799999999997,89.73799999999997,inf,210.086,210.086
387,T4,BESTEFFORT,COMPLETED,m5-1,60.756,"{'m1-1': 11.0, 'm2-1': 102.72, 'm3-1': 98.0, 'm4-1': 0.96, 'm5-1': 1.0, 'm6-1': 108.44, 'm7-1': 99.31, 'm8-1': 10.9}",1.5,73.20300000000003,74.20300000000003,inf,210.756,210.756
388,T2,BESTEFFORT,COMPLETED,m4-1,60.863,"{'m1-1': 10.82, 'm2-1': 98.62, 'm3-1': 115.04, 'm4-1': 1.0, 'm5-1': 1.05, 'm6-1': 102.87, 'm7-1': 102.72, 'm8-1': 10.4}",1.5,64.09799999999998,65.09799999999998,inf,210.863,210.863
389,T1,BESTEFFORT,COMPLETED,m1-1,60.888,"{'m1-1': 9.45, 'm2-1': 103.53, 'm3-1': 112.38, 'm4-1': 1.01, 'm5-1': 1.01, 'm6-1': 105.39, 'm7-1': 95.98, 'm8-1': 10.78}",14.174999999999999,187.21500000000003,196.66500000000002,inf,210.888,210.888
390,T2,BESTEFFORT,COMPLETED,m5-1,61.188,"{'m1-1': 10.57, 'm2-1': 102.02, 'm3-1': 99.09, 'm4-1': 1.02, 'm5-1': 1.0, 'm6-1': 102.38, 'm7-1': 103.98, 'm8-1': 11.57}",1.5,127.263,128.263,inf,211.188,211.188
391,T3,BESTEFFORT,COMPLETED,m5-1,61.542,"{'m1-1': 9.48, 'm2-1': 101.08, 'm3-1': 109.47, 'm4-1': 1.09, 'm5-1': 0.95, 'm6-1': 104.88, 'm7-1': 114.53, 'm8-1': 10.25}",1.4249999999999998,64.98300000000002,65.93300000000002,inf,211.542,211.542
392,T4,BESTEFFORT,COMPLETED,m4-1,61.734,"{'m1-1': 11.63, 'm2-1': 101.42, 'm3-1': 106.97, 'm4-1': 0.96, 'm5-1': 1.1, 'm6-1': 95.83, 'm7-1': 108.7, 'm8-1': 10.35}",1.44,65.09799999999998,66.05799999999998,inf,211.734,211.734
393,T1,BESTEFFORT,COMPLETED,m4-1,61.777,"{'m1-1': 10.48, 'm2-1': 113.14, 'm3-1': 102.1, 'm4-1': 1.1, 'm5-1': 1.13, 'm6-1': 101.34, 'm7-1': 97.55, 'm8-1': 10.61}",1.6500000000000001,89.73799999999997,90.83799999999997,inf,211.777,211.777
394,T3,BESTEFFORT,COMPLETED,m5-1,61.966,"{'m1-1': 10.95, 'm2-1': 109.65, 'm3-1': 109.0, 'm4-1': 1.13, 'm5-1': 1.04, 'm6-1': 109.45, 'm7-1': 106.58, 'm8-1': 11.46}",1.56,65.93300000000002,66.97300000000003,inf,211.966,211.966
395,T2,BESTEFFORT,COMPLETED,m4-1,62.09,"{'m1-1': 10.18, 'm2-1': 107.44, 'm3-1': 115.87, 'm4-1': 1.05, 'm5-1': 1.11, 'm6-1': 98.31, 'm7-1': 105.45, 'm8-1': 11.57}",1.5750000000000002,152.168,153.21800000000002,inf,212.09,212.09
396,T3,BESTEFFORT,MISSED,m3-1,62.267,"{'m1-1': 9.29, 'm2-1': 99.07, 'm3-1': 110.54, 'm4-1': 1.15, 'm5-1': 1.0, 'm6-1': 102.93, 'm7-1': 107.16, 'm8-1': 10.52}",0.0,227.148,inf,227.148,212.267,212.267
397,T4,BESTEFFORT,MISSED,m6-1,62.309,"{'m1-1': 11.58, 'm2-1': 100.6, 'm3-1': 100.55, 'm4-1': 1.1, 'm5-1': 1.01, 'm6-1': 96.74, 'm7-1': 101.88, 'm8-1': 10.94}",0.0,222.019,inf,222.019,212.309,212.309
398,T3,BESTEFFORT,COMPLETED,m5-1,62.311,"{'m1-1': 10.23, 'm2-1': 93.57, 'm3-1': 101.34, 'm4-1': 1.12, 'm5-1': 1.02, 'm6-1': 98.01, 'm7-1': 108.06, 'm8-1': 11.05}",1.53,70.13300000000004,71.15300000000003,inf,212.311,212.311
399,T3,BESTEFFORT,COMPLETED,m8-1,62.39,"{'m1-1': 10.75, 'm2-1': 104.87, 'm3-1': 97.47, 'm4-1': 1.12, 'm5-1': 0.97, 'm6-1': 106.61, 'm7-1': 97.84, 'm8-1': 9.83}",14.745000000000001,125.96299999999998,135.79299999999998,inf,212.39,212.39
400,T3,BESTEFFORT,COMPLETED,m1-1,62.435,"{'m1-1': 10.05, 'm2-1': 93.9, 'm3-1': 109.0, 'm4-1': 1.04, 'm5-1': 1.02, 'm6-1': 99.91, 'm7-1': 111.27, 'm8-1': 10.0}",15.075000000000001,94.245,104.295,inf,212.435,212.435
401,T4,BESTEFFORT,COMPLETED,m5-1,62.473,"{'m1-1': 11.01, 'm2-1': 98.39, 'm3-1': 92.33, 'm4-1': 1.06, 'm5-1': 1.1, 'm6-1': 101.3, 'm7-1': 102.14, 'm8-1': 11.18}",1.6500000000000001,90.16300000000001,91.263,inf,212.473,212.473
402,T4,BESTEFFORT,COMPLETED,m4-1,62.523,"{'m1-1': 11.51, 'm2-1': 96.39, 'm3-1': 105.76, 'm4-1': 1.08, 'm5-1': 1.03, 'm6-1': 107.34, 'm7-1': 107.68, 'm8-1': 11.23}",1.62,90.83799999999997,91.91799999999996,inf,212.523,212.523
403,T1,BESTEFFORT,COMPLETED,m5-1,62.546,"{'m1-1': 10.19, 'm2-1': 106.94, 'm3-1': 116.3, 'm4-1': 1.06, 'm5-1': 1.11, 'm6-1': 104.01, 'm7-1': 108.2, 'm8-1': 11.68}",1.665,111.403,112.513,inf,212.546,212.546
404,T3,BESTEFFORT,COMPLETED,m5-1,62.571,"{'m1-1': 10.05, 'm2-1': 104.12, 'm3-1': 102.74, 'm4-1': 1.05, 'm5-1': 1.01, 'm6-1': 115.61, 'm7-1': 108.51, 'm8-1': 9.68}",1.5150000000000001,66.97300000000003,67.98300000000003,inf,212.571,212.571
405,T3,BESTEFFORT,COMPLETED,m4-1,63.188,"{'m1-1': 9.4, 'm2-1': 97.21, 'm3-1': 102.71, 'm4-1': 1.16, 'm5-1': 0.99, 'm6-1': 115.95, 'm7-1': 104.5, 'm8-1': 11.12}",1.7399999999999998,132.45799999999997,133.61799999999997,inf,213.188,213.188
406,T4,BESTEFFORT,COMPLETED,m4-1,63.226,"{'m1-1': 10.4, 'm2-1': 107.16, 'm3-1': 100.38, 'm4-1': 1.01, 'm5-1': 1.07, 'm6-1': 101.52, 'm7-1': 107.97, 'm8-1': 10.49}",1.5150000000000001,68.16799999999998,69.17799999999998,inf,213.226,213.226
407,T4,BESTEFFORT,COMPLETED,m5-1,63.308,"{'m1-1': 11.24, 'm2-1': 105.04, 'm3-1': 105.48, 'm4-1': 0.96, 'm5-1': 1.03, 'm6-1': 97.28, 'm7-1': 109.56, 'm8-1': 11.15}",1.545,128.263,129.293,inf,213.308,213.308
408,T2,BESTEFFORT,COMPLETED,m4-1,63.488,"{'m1-1': 10.59, 'm2-1': 94.89, 'm3-1': 106.04, 'm4-1': 1.02, 'm5-1': 1.12, 'm6-1': 106.85, 'm7-1': 117.53, 'm8-1': 10.33}",1.53,133.61799999999997,134.63799999999998,inf,213.488,213.488
409,T3,BESTEFFORT,COMPLETED,m4-1,63.557,"{'m1-1': 9.3, 'm2-1': 93.96, 'm3-1': 107.25, 'm4-1': 1.1, 'm5-1': 0.95, 'm6-1': 108.42, 'm7-1': 111.51, 'm8-1': 11.33}",1.6500000000000001,170.16800000000003,171.26800000000003,inf,213.55700000000002,213.55700000000002
410,T1,BESTEFFORT,COMPLETED,m4-1,63.56,"{'m1-1': 10.43, 'm2-1': 109.77, 'm3-1': 103.3, 'm4-1': 1.14, 'm5-1': 1.08, 'm6-1': 115.14, 'm7-1': 105.44, 'm8-1': 11.89}",1.71,153.21800000000002,154.358,inf,213.56,213.56
411,T4,BESTEFFORT,COMPLETED,m5-1,63.57,"{'m1-1': 11.52, 'm2-1': 97.05, 'm3-1': 95.76, 'm4-1': 0.95, 'm5-1': 1.12, 'm6-1': 106.75, 'm7-1': 117.62, 'm8-1': 11.22}",1.6800000000000002,188.917,190.037,inf,213.57,213.57
412,T1,BESTEFFORT,COMPLETED,m4-1,63.581,"{'m1-1': 10.65, 'm2-1': 100.65, 'm3-1': 102.55, 'm4-1': 1.12, 'm5-1': 1.04, 'm6-1': 107.08, 'm7-1': 105.2, 'm8-1': 10.42}",1.6800000000000002,178.71800000000002,179.83800000000002,inf,213.58100000000002,213.58100000000002
413,T3,BESTEFFORT,COMPLETED,m5-1,63.594,"{'m1-1': 11.0, 'm2-1': 93.5, 'm3-1': 107.21, 'm4-1': 1.16, 'm5-1': 1.0, 'm6-1': 116.11, 'm7-1': 104.74, 'm8-1': 9.88}",1.5,91.263,92.263,inf,213.594,213.594
414,T1,BESTEFFORT,COMPLETED,m5-1,63.693,"{'m1-1': 11.13, 'm2-1': 110.33, 'm3-1': 108.17, 'm4-1': 1.03, 'm5-1': 1.12, 'm6-1': 99.38, 'm7-1': 108.61, 'm8-1': 11.34}",1.6800000000000002,112.513,113.63300000000001,inf,213.69299999999998,213.69299999999998
415,T3,BESTEFFORT,COMPLETED,m5-1,63.843,"{'m1-1': 9.65, 'm2-1': 99.55, 'm3-1': 107.22, 'm4-1': 1.01, 'm5-1': 1.02, 'm6-1': 104.29, 'm7-1': 113.98, 'm8-1': 10.23}",1.53,92.263,93.283,inf,213.84300000000002,213.84300000000002
416,T1,BESTEFFORT,COMPLETED,m4-1,63.847,"{'m1-1': 9.79, 'm2-1': 104.02, 'm3-1': 116.2, 'm4-1': 1.04, 'm5-1': 1.14, 'm6-1': 108.26, 'm7-1': 102.56, 'm8-1': 10.65}",1.56,183.99800000000002,185.038,inf,213.847,213.847
417,T3,BESTEFFORT,COMPLETED,m5-1,63.927,"{'m1-1': 9.6, 'm2-1': 95.84, 'm3-1': 103.06, 'm4-1': 1.11, 'm5-1': 1.06, 'm6-1': 113.59, 'm7-1': 97.72, 'm8-1': 10.94}",1.59,93.283,94.343,inf,213.927,213.927
418,T4,BESTEFFORT,COMPLETED,m5-1,63.931,"{'m1-1': 11.64, 'm2-1': 104.97, 'm3-1': 91.63, 'm4-1': 1.02, 'm5-1': 1.08, 'm6-1': 99.11, 'm7-1': 102.65, 'm8-1': 10.96}",1.62,153.47299999999998,154.553,inf,213.93099999999998,213.93099999999998
419,T2,BESTEFFORT,COMPLETED,m4-1,63.999,"{'m1-1': 10.41, 'm2-1': 94.93, 'm3-1': 101.18, 'm4-1': 1.04, 'm5-1': 1.05, 'm6-1': 97.13, 'm7-1': 111.36, 'm8-1': 10.26}",1.56,67.12799999999997,68.16799999999998,inf,213.999,213.999
420,T1,BESTEFFORT,COMPLETED,m4-1,64.017,"{'m1-1': 10.92, 'm2-1': 101.28, 'm3-1': 109.33, 'm4-1': 1.08, 'm5-1': 1.05, 'm6-1': 101.52, 'm7-1': 93.03, 'm8-1': 10.28}",1.62,114.76799999999997,115.84799999999997,inf,214.017,214.017
421,T3,BESTEFFORT,COMPLETED,m5-1,64.062,"{'m1-1': 10.13, 'm2-1': 97.99, 'm3-1': 108.76, 'm4-1': 1.03, 'm5-1': 0.96, 'm6-1': 112.58, 'm7-1': 102.8, 'm8-1': 11.18}",1.44,74.20300000000003,75.16300000000003,inf,214.062,214.062
422,T3,BESTEFFORT,MISSED,m3-1,64.356,"{'m1-1': 9.74, 'm2-1': 106.69, 'm3-1': 105.72, 'm4-1': 1.14, 'm5-1': 0.95, 'm6-1': 102.51, 'm7-1': 105.23, 'm8-1': 9.91}",86.43449999999999,156.733,inf,214.356,214.356,214.356
423,T1,BESTEFFORT,COMPLETED,m5-1,64.696,"{'m1-1': 10.12, 'm2-1': 114.51, 'm3-1': 117.75, 'm4-1': 1.0, 'm5-1': 0.99, 'm6-1': 105.8, 'm7-1': 107.77, 'm8-1': 10.61}",1.4849999999999999,174.257,175.247,inf,214.696,214.696
424,T3,BESTEFFORT,COMPLETED,m5-1,64.753,"{'m1-1': 9.56, 'm2-1': 108.22, 'm3-1': 100.66, 'm4-1': 1.09, 'm5-1': 1.09, 'm6-1': 106.08, 'm7-1': 102.5, 'm8-1': 11.18}",1.6350000000000002,71.15300000000003,72.24300000000004,inf,214.753,214.753
425,T3,BESTEFFORT,COMPLETED,m5-1,64.828,"{'m1-1': 10.76, 'm2-1': 96.79, 'm3-1': 107.22, 'm4-1': 1.09, 'm5-1': 1.03, 'm6-1': 113.87, 'm7-1': 113.79, 'm8-1': 11.12}",1.545,183.787,184.817,inf,214.828,214.828
426,T3,BESTEFFORT,COMPLETED,m5-1,64.891,"{'m1-1': 9.3, 'm2-1': 102.75, 'm3-1': 99.5, 'm4-1': 1.0, 'm5-1': 1.08, 'm6-1': 104.58, 'm7-1': 102.52, 'm8-1': 11.09}",1.62,113.63300000000001,114.71300000000001,inf,214.89100000000002,214.89100000000002
427,T2,BESTEFFORT,COMPLETED,m4-1,64.893,"{'m1-1': 10.22, 'm2-1': 99.37, 'm3-1': 107.86, 'm4-1': 1.05, 'm5-1': 1.0, 'm6-1': 108.15, 'm7-1': 108.38, 'm8-1': 10.18}",1.5750000000000002,69.17799999999998,70.22799999999998,inf,214.893,214.893
428,T3,BESTEFFORT,COMPLETED,m5-1,64.967,"{'m1-1': 9.55, 'm2-1': 104.2, 'm3-1': 104.98, 'm4-1': 1.08, 'm5-1': 1.04, 'm6-1': 104.4, 'm7-1': 99.68, 'm8-1': 10.12}",1.56,67.98300000000003,69.02300000000004,inf,214.96699999999998,214.96699999999998
429,T4,BESTEFFORT,COMPLETED,m8-1,64.976,"{'m1-1': 10.36, 'm2-1': 109.54, 'm3-1': 103.21, 'm4-1': 1.08, 'm5-1': 0.96, 'm6-1': 106.52, 'm7-1': 99.28, 'm8-1': 10.56}",15.84,191.15299999999996,201.71299999999997,inf,214.976,214.976
430,T3,BESTEFFORT,COMPLETED,m5-1,65.016,"{'m1-1': 9.92, 'm2-1': 106.18, 'm3-1': 95.28, 'm4-1': 1.08, 'm5-1': 1.06, 'm6-1': 113.72, 'm7-1': 97.16, 'm8-1': 10.39}",1.59,129.293,130.353,inf,215.01600000000002,215.01600000000002
431,T3,BESTEFFORT,COMPLETED,m5-1,65.081,"{'m1-1': 10.03, 'm2-1': 98.41, 'm3-1': 98.94, 'm4-1': 1.17, 'm5-1': 1.07, 'm6-1': 116.01, 'm7-1': 107.99, 'm8-1': 11.33}",1.605,114.71300000000001,115.783,inf,215.08100000000002,215.08100000000002
432,T1,BESTEFFORT,COMPLETED,m1-1,65.174,"{'m1-1': 10.68, 'm2-1': 98.84, 'm3-1': 116.45, 'm4-1': 1.07, 'm5-1': 0.97, 'm6-1': 99.55, 'm7-1': 107.25, 'm8-1': 11.21}",16.02,176.53500000000003,187.21500000000003,inf,215.174,215.174
433,T1,BESTEFFORT,COMPLETED,m5-1,65.703,"{'m1-1': 10.73, 'm2-1': 113.89, 'm3-1': 118.52, 'm4-1': 1.08, 'm5-1': 1.14, 'm6-1': 107.27, 'm7-1': 103.63, 'm8-1': 10.31}",1.71,193.287,194.427,inf,215.703,215.703
434,T4,BESTEFFORT,COMPLETED,m5-1,65.723,"{'m1-1': 10.76, 'm2-1': 98.45, 'm3-1': 106.96, 'm4-1': 1.07, 'm5-1': 1.11, 'm6-1': 106.93, 'm7-1': 114.52, 'm8-1': 10.67}",1.665,69.02300000000004,70.13300000000004,inf,215.723,215.723
435,T1,BESTEFFORT,COMPLETED,m5-1,66.002,"{'m1-1': 10.78, 'm2-1': 105.38, 'm3-1': 116.76, 'm4-1': 1.01, 'm5-1': 1.07, 'm6-1': 103.0, 'm7-1': 99.41, 'm8-1': 11.52}",1.605,76.19300000000003,77.26300000000002,inf,216.002,216.002
436,T2,BESTEFFORT,COMPLETED,m4-1,66.102,"{'m1-1': 10.12, 'm2-1': 108.72, 'm3-1': 99.08, 'm4-1': 1.0, 'm5-1': 1.12, 'm6-1': 110.07, 'm7-1': 102.72, 'm8-1': 11.61}",1.5,192.16800000000003,193.16800000000003,inf,216.102,216.102
437,T1,BESTEFFORT,COMPLETED,m4-1,66.14,"{'m1-1': 9.73, 'm2-1': 110.02, 'm3-1': 116.47, 'm4-1': 1.02, 'm5-1': 1.12, 'm6-1': 102.56, 'm7-1': 105.38, 'm8-1': 10.71}",1.53,91.91799999999996,92.93799999999996,inf,216.14,216.14
438,T3,BESTEFFORT,COMPLETED,m4-1,66.149,"{'m1-1': 10.58, 'm2-1': 108.98, 'm3-1': 110.27, 'm4-1': 1.05, 'm5-1': 1.04, 'm6-1': 115.45, 'm7-1': 113.52, 'm8-1': 10.47}",1.5750000000000002,134.63799999999998,135.688,inf,216.149,216.149
439,T1,BESTEFFORT,COMPLETED,m1-1,66.327,"{'m1-1': 9.99, 'm2-1': 108.63, 'm3-1': 112.95, 'm4-1': 1.06, 'm5-1': 1.14, 'm6-1': 115.6, 'm7-1': 108.36, 'm8-1': 11.13}",14.985,202.437,212.42700000000002,inf,216.327,216.327
440,T2,BESTEFFORT,COMPLETED,m1-1,66.445,"{'m1-1': 10.44, 'm2-1': 110.57, 'm3-1': 110.74, 'm4-1': 1.03, 'm5-1': 1.0, 'm6-1': 99.38, 'm7-1': 108.74, 'm8-1': 11.29}",15.66,155.97500000000002,166.41500000000002,inf,216.445,216.445
441,T2,BESTEFFORT,COMPLETED,m5-1,66.524,"{'m1-1': 11.14, 'm2-1': 97.94, 'm3-1': 115.49, 'm4-1': 1.09, 'm5-1': 1.01, 'm6-1': 96.96, 'm7-1': 116.59, 'm8-1': 10.21}",1.5150000000000001,77.26300000000002,78.27300000000002,inf,216.524,216.524
442,T3,BESTEFFORT,COMPLETED,m5-1,66.698,"{'m1-1': 9.98, 'm2-1': 108.71, 'm3-1': 97.71, 'm4-1': 1.13, 'm5-1': 0.96, 'm6-1': 103.81, 'm7-1': 112.9, 'm8-1': 10.31}",1.44,72.24300000000004,73.20300000000003,inf,216.69799999999998,216.69799999999998
443,T1,BESTEFFORT,COMPLETED,m5-1,66.708,"{'m1-1': 10.42, 'm2-1': 100.72, 'm3-1': 110.93, 'm4-1': 1.03, 'm5-1': 1.0, 'm6-1': 114.34, 'm7-1': 94.85, 'm8-1': 10.98}",1.5,164.12299999999996,165.12299999999996,inf,216.708,216.708
444,T3,BESTEFFORT,COMPLETED,m5-1,66.939,"{'m1-1': 10.21, 'm2-1': 102.9, 'm3-1': 93.16, 'm4-1': 1.05, 'm5-1': 1.02, 'm6-1': 104.38, 'm7-1': 103.6, 'm8-1': 10.19}",1.53,94.343,95.363,inf,216.939,216.939
445,T2,BESTEFFORT,COMPLETED,m4-1,66.96,"{'m1-1': 11.03, 'm2-1': 107.35, 'm3-1': 113.71, 'm4-1': 1.06, 'm5-1': 1.06, 'm6-1': 110.62, 'm7-1': 114.86, 'm8-1': 11.04}",1.59,154.358,155.418,inf,216.95999999999998,216.95999999999998
446,T2,BESTEFFORT,COMPLETED,m5-1,67.219,"{'m1-1': 9.97, 'm2-1': 99.17, 'm3-1': 101.61, 'm4-1': 0.93, 'm5-1': 0.98, 'm6-1': 104.98, 'm7-1': 113.67, 'm8-1': 10.37}",1.47,170.27299999999997,171.25299999999996,inf,217.219,217.219
447,T2,BESTEFFORT,COMPLETED,m4-1,67.468,"{'m1-1': 9.94, 'm2-1': 104.86, 'm3-1': 102.77, 'm4-1': 1.03, 'm5-1': 1.15, 'm6-1': 98.28, 'm7-1': 106.04, 'm8-1': 11.21}",1.545,72.24799999999998,73.27799999999998,inf,217.46800000000002,217.46800000000002
448,T3,BESTEFFORT,COMPLETED,m4-1,67.619,"{'m1-1': 10.53, 'm2-1': 103.96, 'm3-1': 97.27, 'm4-1': 1.11, 'm5-1': 1.08, 'm6-1': 103.03, 'm7-1': 114.96, 'm8-1': 10.92}",1.665,135.688,136.798,inf,217.619,217.619
449,T2,BESTEFFORT,COMPLETED,m4-1,67.771,"{'m1-1': 9.54, 'm2-1': 105.96, 'm3-1': 99.42, 'm4-1': 0.97, 'm5-1': 1.11, 'm6-1': 102.02, 'm7-1': 118.33, 'm8-1': 10.58}",1.455,71.27799999999998,72.24799999999998,inf,217.77100000000002,217.77100000000002
450,T2,BESTEFFORT,COMPLETED,m4-1,67.956,"{'m1-1': 9.79, 'm2-1': 103.15, 'm3-1': 103.35, 'm4-1': 0.96, 'm5-1': 1.01, 'm6-1': 100.17, 'm7-1': 107.58, 'm8-1': 10.57}",1.44,136.798,137.758,inf,217.95600000000002,217.95600000000002
451,T1,BESTEFFORT,MISSED,m1-1,68.112,"{'m1-1': 10.19, 'm2-1': 101.74, 'm3-1': 109.84, 'm4-1': 1.04, 'm5-1': 0.99, 'm6-1': 105.01, 'm7-1': 109.54, 'm8-1': 10.86}",8.52749999999996,212.42700000000002,inf,218.112,218.112,218.112
452,T2,BESTEFFORT,COMPLETED,m4-1,68.402,"{'m1-1': 9.73, 'm2-1': 96.56, 'm3-1': 110.48, 'm4-1': 1.0, 'm5-1': 1.05, 'm6-1': 111.47, 'm7-1': 111.15, 'm8-1': 11.35}",1.5,92.93799999999996,93.93799999999996,inf,218.402,218.402
453,T2,BESTEFFORT,COMPLETED,m4-1,68.608,"{'m1-1': 10.13, 'm2-1': 93.24, 'm3-1': 111.0, 'm4-1': 0.95, 'm5-1': 1.11, 'm6-1': 100.26, 'm7-1': 106.22, 'm8-1': 10.34}",1.4249999999999998,137.758,138.708,inf,218.608,218.608
454,T1,BESTEFFORT,COMPLETED,m4-1,68.751,"{'m1-1': 10.05, 'm2-1': 99.01, 'm3-1': 100.4, 'm4-1': 1.12, 'm5-1': 1.07, 'm6-1': 101.08, 'm7-1': 98.66, 'm8-1': 11.04}",1.6800000000000002,185.99800000000002,187.11800000000002,inf,218.751,218.751
455,T4,BESTEFFORT,COMPLETED,m4-1,68.818,"{'m1-1': 11.75, 'm2-1': 103.96, 'm3-1': 97.42, 'm4-1': 1.02, 'm5-1': 1.09, 'm6-1': 104.34, 'm7-1': 110.37, 'm8-1': 10.84}",1.53,74.37799999999997,75.39799999999997,inf,218.81799999999998,218.81799999999998
456,T1,BESTEFFORT,COMPLETED,m5-1,68.875,"{'m1-1': 10.69, 'm2-1': 105.65, 'm3-1': 116.03, 'm4-1': 1.06, 'm5-1': 1.07, 'm6-1': 105.12, 'm7-1': 103.88, 'm8-1': 11.34}",1.605,184.817,185.887,inf,218.875,218.875
457,T2,BESTEFFORT,COMPLETED,m4-1,68.887,"{'m1-1': 10.47, 'm2-1': 103.15, 'm3-1': 100.59, 'm4-1': 1.1, 'm5-1': 1.14, 'm6-1': 105.72, 'm7-1': 109.32, 'm8-1': 11.28}",1.6500000000000001,73.27799999999998,74.37799999999997,inf,218.887,218.887
458,T4,BESTEFFORT,COMPLETED,m5-1,69.282,"{'m1-1': 11.25, 'm2-1': 111.41, 'm3-1': 96.83, 'm4-1': 1.06, 'm5-1': 1.0, 'm6-1': 104.39, 'm7-1': 112.57, 'm8-1': 10.56}",1.5,115.783,116.783,inf,219.28199999999998,219.28199999999998
459,T3,BESTEFFORT,COMPLETED,m4-1,69.374,"{'m1-1': 9.55, 'm2-1': 97.33, 'm3-1': 94.09, 'm4-1': 1.01, 'm5-1': 1.0, 'm6-1': 112.84, 'm7-1': 106.52, 'm8-1': 10.46}",1.5150000000000001,93.93799999999996,94.94799999999996,inf,219.374,219.374
460,T1,BESTEFFORT,COMPLETED,m5-1,69.585,"{'m1-1': 10.59, 'm2-1': 99.12, 'm3-1': 116.3, 'm4-1': 1.1, 'm5-1': 1.0, 'm6-1': 108.31, 'm7-1': 97.11, 'm8-1': 11.64}",1.5,142.833,143.833,inf,219.58499999999998,219.58499999999998
461,T2,BESTEFFORT,COMPLETED,m4-1,69.656,"{'m1-1': 10.62, 'm2-1': 110.23, 'm3-1': 100.25, 'm4-1': 0.97, 'm5-1': 1.08, 'm6-1': 111.26, 'm7-1': 103.18, 'm8-1': 10.2}",1.455,75.39799999999997,76.36799999999997,inf,219.656,219.656
462,T3,BESTEFFORT,COMPLETED,m8-1,69.954,"{'m1-1': 10.36, 'm2-1': 106.19, 'm3-1': 105.3, 'm4-1': 1.12, 'm5-1': 1.04, 'm6-1': 114.78, 'm7-1': 111.04, 'm8-1': 10.95}",16.424999999999997,180.20299999999997,191.15299999999996,inf,219.954,219.954
463,T2,BESTEFFORT,COMPLETED,m8-1,70.105,"{'m1-1': 10.78, 'm2-1': 96.72, 'm3-1': 100.2, 'm4-1': 0.98, 'm5-1': 1.05, 'm6-1': 114.05, 'm7-1': 116.6, 'm8-1': 10.3}",15.450000000000001,201.71299999999997,212.01299999999998,inf,220.10500000000002,220.10500000000002
464,T4,BESTEFFORT,COMPLETED,m4-1,70.264,"{'m1-1': 11.59, 'm2-1': 108.12, 'm3-1': 96.31, 'm4-1': 1.02, 'm5-1': 1.02, 'm6-1': 97.24, 'm7-1': 102.82, 'm8-1': 11.37}",1.53,94.94799999999996,95.96799999999996,inf,220.264,220.264
465,T4,BESTEFFORT,COMPLETED,m5-1,70.563,"{'m1-1': 11.57, 'm2-1': 111.49, 'm3-1': 108.46, 'm4-1': 1.12, 'm5-1': 1.04, 'm6-1': 93.65, 'm7-1': 110.85, 'm8-1': 10.11}",1.56,143.833,144.873,inf,220.563,220.563
466,T2,BESTEFFORT,COMPLETED,m4-1,70.817,"{'m1-1': 11.06, 'm2-1': 97.34, 'm3-1': 101.74, 'm4-1': 0.96, 'm5-1': 1.14, 'm6-1': 110.02, 'm7-1': 112.51, 'm8-1': 11.03}",1.44,185.038,185.99800000000002,inf,220.817,220.817
467,T3,BESTEFFORT,COMPLETED,m4-1,70.923,"{'m1-1': 10.74, 'm2-1': 109.19, 'm3-1': 103.25, 'm4-1': 1.12, 'm5-1': 1.0, 'm6-1': 114.18, 'm7-1': 102.72, 'm8-1': 10.92}",1.6800000000000002,155.418,156.538,inf,220.923,220.923
468,T2,BESTEFFORT,COMPLETED,m4-1,71.225,"{'m1-1': 10.81, 'm2-1': 95.03, 'm3-1': 104.54, 'm4-1': 1.01, 'm5-1': 1.08, 'm6-1': 96.86, 'm7-1': 110.51, 'm8-1': 10.62}",1.5150000000000001,187.11800000000002,188.12800000000001,inf,221.225,221.225
469,T3,BESTEFFORT,COMPLETED,m4-1,71.278,"{'m1-1': 9.59, 'm2-1': 109.2, 'm3-1': 104.78, 'm4-1': 1.15, 'm5-1': 1.04, 'm6-1': 110.59, 'm7-1': 106.0, 'm8-1': 10.14}",1.7249999999999999,95.96799999999996,97.11799999999997,inf,221.27800000000002,221.27800000000002
470,T3,BESTEFFORT,COMPLETED,m5-1,71.496,"{'m1-1': 9.75, 'm2-1': 108.66, 'm3-1': 93.38, 'm4-1': 1.14, 'm5-1': 1.03, 'm6-1': 101.88, 'm7-1': 97.78, 'm8-1': 9.74}",1.545,75.16300000000003,76.19300000000003,inf,221.49599999999998,221.49599999999998
471,T3,BESTEFFORT,COMPLETED,m8-1,71.563,"{'m1-1': 10.15, 'm2-1': 103.34, 'm3-1': 105.83, 'm4-1': 1.14, 'm5-1': 1.0, 'm6-1': 104.0, 'm7-1': 107.57, 'm8-1': 11.07}",16.605,158.38299999999998,169.45299999999997,inf,221.563,221.563
472,T1,BESTEFFORT,COMPLETED,m5-1,71.854,"{'m1-1': 9.48, 'm2-1': 114.52, 'm3-1': 117.46, 'm4-1': 1.12, 'm5-1': 1.01, 'm6-1': 113.37, 'm7-1': 102.02, 'm8-1': 11.76}",1.5150000000000001,95.363,96.373,inf,221.85399999999998,221.85399999999998
473,T1,BESTEFFORT,COMPLETED,m5-1,71.863,"{'m1-1': 10.81, 'm2-1': 104.63, 'm3-1': 118.5, 'm4-1': 1.0, 'm5-1': 1.09, 'm6-1': 104.67, 'm7-1': 97.68, 'm8-1': 11.72}",1.6350000000000002,96.373,97.46300000000001,inf,221.863,221.863
474,T4,BESTEFFORT,MISSED,m6-1,72.019,"{'m1-1': 10.63, 'm2-1': 99.21, 'm3-1': 100.61, 'm4-1': 1.02, 'm5-1': 1.09, 'm6-1': 95.83, 'm7-1': 114.63, 'm8-1': 9.66}",62.978999999999985,180.03300000000002,inf,222.019,222.019,222.019
475,T2,BESTEFFORT,COMPLETED,m4-1,72.248,"{'m1-1': 9.7, 'm2-1': 94.97, 'm3-1': 110.39, 'm4-1': 0.95, 'm5-1': 1.11, 'm6-1': 103.31, 'm7-1': 109.03, 'm8-1': 10.6}",1.4249999999999998,115.84799999999997,116.79799999999997,inf,222.248,222.248
476,T4,BESTEFFORT,COMPLETED,m5-1,72.646,"{'m1-1': 10.02, 'm2-1': 103.73, 'm3-1': 105.38, 'm4-1': 1.02, 'm5-1': 0.96, 'm6-1': 99.9, 'm7-1': 112.17, 'm8-1': 10.24}",1.44,185.887,186.847,inf,222.64600000000002,222.64600000000002
477,T2,BESTEFFORT,COMPLETED,m4-1,73.367,"{'m1-1': 9.42, 'm2-1': 96.09, 'm3-1': 108.97, 'm4-1': 0.97, 'm5-1': 0.98, 'm6-1': 98.56, 'm7-1': 104.62, 'm8-1': 10.4}",1.455,171.26800000000003,172.23800000000003,inf,223.36700000000002,223.36700000000002
478,T2,BESTEFFORT,COMPLETED,m4-1,73.759,"{'m1-1': 10.7, 'm2-1': 100.07, 'm3-1': 109.3, 'm4-1': 0.99, 'm5-1': 1.08, 'm6-1': 96.04, 'm7-1': 117.19, 'm8-1': 11.59}",1.4849999999999999,188.12800000000001,189.11800000000002,inf,223.75900000000001,223.75900000000001
479,T4,BESTEFFORT,COMPLETED,m4-1,74.101,"{'m1-1': 10.01, 'm2-1': 100.77, 'm3-1': 102.11, 'm4-1': 0.99, 'm5-1': 1.08, 'm6-1': 98.03, 'm7-1': 102.3, 'm8-1': 10.22}",1.4849999999999999,138.708,139.698,inf,224.101,224.101
480,T2,BESTEFFORT,COMPLETED,m4-1,74.785,"{'m1-1': 10.25, 'm2-1': 100.96, 'm3-1': 112.59, 'm4-1': 0.96, 'm5-1': 1.06, 'm6-1': 106.3, 'm7-1': 100.33, 'm8-1': 11.08}",1.44,116.79799999999997,117.75799999999997,inf,224.785,224.785
481,T4,BESTEFFORT,COMPLETED,m8-1,74.963,"{'m1-1': 10.06, 'm2-1': 105.86, 'm3-1': 107.22, 'm4-1': 1.09, 'm5-1': 1.04, 'm6-1': 104.94, 'm7-1': 111.93, 'm8-1': 10.75}",16.125,212.01299999999998,222.76299999999998,inf,224.963,224.963
482,T4,BESTEFFORT,COMPLETED,m5-1,75.058,"{'m1-1': 10.21, 'm2-1': 101.12, 'm3-1': 99.29, 'm4-1': 0.94, 'm5-1': 1.11, 'm6-1': 107.44, 'm7-1': 99.31, 'm8-1': 10.53}",1.665,78.27300000000002,79.38300000000002,inf,225.058,225.058
483,T4,BESTEFFORT,COMPLETED,m8-1,75.414,"{'m1-1': 11.45, 'm2-1': 106.73, 'm3-1': 102.94, 'm4-1': 0.95, 'm5-1': 1.14, 'm6-1': 104.88, 'm7-1': 116.62, 'm8-1': 10.75}",16.125,169.45299999999997,180.20299999999997,inf,225.414,225.414
484,T4,BESTEFFORT,COMPLETED,m5-1,75.562,"{'m1-1': 10.14, 'm2-1': 100.91, 'm3-1': 93.24, 'm4-1': 1.09, 'm5-1': 1.05, 'm6-1': 97.76, 'm7-1': 117.21, 'm8-1': 10.69}",1.5750000000000002,171.25299999999996,172.30299999999997,inf,225.562,225.562
485,T2,BESTEFFORT,COMPLETED,m5-1,75.795,"{'m1-1': 9.95, 'm2-1': 106.78, 'm3-1': 112.97, 'm4-1': 0.97, 'm5-1': 1.15, 'm6-1': 104.69, 'm7-1': 100.61, 'm8-1': 11.18}",1.7249999999999999,79.38300000000002,80.53300000000003,inf,225.79500000000002,225.79500000000002
486,T2,BESTEFFORT,COMPLETED,m4-1,76.153,"{'m1-1': 9.85, 'm2-1': 103.03, 'm3-1': 115.45, 'm4-1': 0.99, 'm5-1': 1.05, 'm6-1': 113.75, 'm7-1': 109.43, 'm8-1': 10.12}",1.4849999999999999,79.53799999999995,80.52799999999995,inf,226.15300000000002,226.15300000000002
487,T4,BESTEFFORT,COMPLETED,m5-1,76.441,"{'m1-1': 11.05, 'm2-1': 106.6, 'm3-1': 99.9, 'm4-1': 0.99, 'm5-1': 1.08, 'm6-1': 105.85, 'm7-1': 100.24, 'm8-1': 10.07}",1.62,80.53300000000003,81.61300000000003,inf,226.441,226.441
488,T2,BESTEFFORT,COMPLETED,m4-1,77.073,"{'m1-1': 9.66, 'm2-1': 107.57, 'm3-1': 100.78, 'm4-1': 1.09, 'm5-1': 1.02, 'm6-1': 113.79, 'm7-1': 107.55, 'm8-1': 11.03}",1.6350000000000002,80.52799999999995,81.61799999999995,inf,227.07299999999998,227.07299999999998
489,T4,BESTEFFORT,MISSED,m3-1,77.148,"{'m1-1': 11.36, 'm2-1': 105.51, 'm3-1': 102.12, 'm4-1': 1.07, 'm5-1': 1.03, 'm6-1': 98.65, 'm7-1': 116.27, 'm8-1': 11.21}",19.188000000000002,214.356,inf,227.148,227.148,227.148
490,T4,BESTEFFORT,COMPLETED,m5-1,77.227,"{'m1-1': 11.46, 'm2-1': 106.4, 'm3-1': 94.42, 'm4-1': 1.09, 'm5-1': 1.1, 'm6-1': 104.47, 'm7-1': 106.22, 'm8-1': 10.88}",1.6500000000000001,97.46300000000001,98.563,inf,227.227,227.227
491,T4,BESTEFFORT,COMPLETED,m5-1,77.338,"{'m1-1': 11.06, 'm2-1': 113.65, 'm3-1': 108.22, 'm4-1': 1.02, 'm5-1': 0.96, 'm6-1': 108.79, 'm7-1': 117.11, 'm8-1': 11.06}",1.44,81.61300000000003,82.57300000000002,inf,227.338,227.338
492,T4,BESTEFFORT,COMPLETED,m5-1,77.384,"{'m1-1': 10.84, 'm2-1': 107.89, 'm3-1': 96.36, 'm4-1': 1.09, 'm5-1': 1.11, 'm6-1': 94.27, 'm7-1': 104.6, 'm8-1': 9.97}",1.665,175.247,176.35700000000003,inf,227.38400000000001,227.38400000000001
493,T2,BESTEFFORT,COMPLETED,m5-1,78.204,"{'m1-1': 10.29, 'm2-1': 100.33, 'm3-1': 113.36, 'm4-1': 1.06, 'm5-1': 1.0, 'm6-1': 97.49, 'm7-1': 100.9, 'm8-1': 10.83}",1.5,116.783,117.783,inf,228.204,228.204
494,T2,BESTEFFORT,COMPLETED,m4-1,78.817,"{'m1-1': 9.8, 'm2-1': 100.67, 'm3-1': 110.95, 'm4-1': 1.04, 'm5-1': 0.99, 'm6-1': 105.93, 'm7-1': 116.44, 'm8-1': 11.21}",1.56,82.64799999999995,83.68799999999996,inf,228.817,228.817
495,T2,BESTEFFORT,COMPLETED,m4-1,79.233,"{'m1-1': 9.82, 'm2-1': 103.52, 'm3-1': 111.72, 'm4-1': 1.01, 'm5-1': 1.04, 'm6-1': 111.77, 'm7-1': 109.26, 'm8-1': 11.11}",1.5150000000000001,83.68799999999996,84.69799999999996,inf,229.233,229.233
496,T2,BESTEFFORT,COMPLETED,m4-1,79.812,"{'m1-1': 11.15, 'm2-1': 94.93, 'm3-1': 113.71, 'm4-1': 0.93, 'm5-1': 1.08, 'm6-1': 110.69, 'm7-1': 106.27, 'm8-1': 11.08}",1.395,84.69799999999996,85.62799999999997,inf,229.812,229.812
497,T2,BESTEFFORT,MISSED,m2-1,80.241,"{'m1-1': 11.03, 'm2-1': 104.75, 'm3-1': 104.91, 'm4-1': 0.93, 'm5-1': 1.08, 'm6-1': 111.72, 'm7-1': 100.61, 'm8-1': 10.56}",40.28849999999997,203.382,inf,230.24099999999999,230.24099999999999,230.24099999999999
498,T2,BESTEFFORT,COMPLETED,m4-1,80.867,"{'m1-1': 11.12, 'm2-1': 100.87, 'm3-1': 107.25, 'm4-1': 1.04, 'm5-1': 1.02, 'm6-1': 98.1, 'm7-1': 109.17, 'm8-1': 11.07}",1.56,85.62799999999997,86.66799999999998,inf,230.86700000000002,230.86700000000002
499,T2,BESTEFFORT,COMPLETED,m4-1,81.067,"{'m1-1': 10.65, 'm2-1': 109.2, 'm3-1': 105.99, 'm4-1': 1.07, 'm5-1': 1.15, 'm6-1': 113.84, 'm7-1': 114.34, 'm8-1': 10.29}",1.605,139.698,140.768,inf,231.067,231.067
