id,type,urgency,status,assigned_machine,arrival_time,execution_time,energy_usage,start_time,completion_time,missed_time,deadline,extended_deadline
0,T3,BESTEFFORT,COMPLETED,m1-1,0.034,"{'m1-1': 1.06, 'm2-1': 11.34, 'm3-1': 11.0, 'm4-1': 106.5, 'm5-1': 110.94, 'm6-1': 1.0, 'm7-1': 107.0, 'm8-1': 108.83}",1.59,0.034,1.094,inf,150.034,150.034
1,T2,BESTEFFORT,COMPLETED,m6-1,0.469,"{'m1-1': 1.12, 'm2-1': 10.06, 'm3-1': 9.78, 'm4-1': 106.08, 'm5-1': 108.76, 'm6-1': 1.05, 'm7-1': 102.63, 'm8-1': 99.73}",1.5750000000000002,0.469,1.5190000000000001,inf,150.469,150.469
2,T3,BESTEFFORT,COMPLETED,m6-1,0.706,"{'m1-1': 1.12, 'm2-1': 11.28, 'm3-1': 9.41, 'm4-1': 95.73, 'm5-1': 101.53, 'm6-1': 1.09, 'm7-1': 95.76, 'm8-1': 112.17}",1.6350000000000002,1.5190000000000001,2.609,inf,150.706,150.706
3,T1,BESTEFFORT,COMPLETED,m6-1,1.958,"{'m1-1': 1.04, 'm2-1': 9.68, 'm3-1': 10.41, 'm4-1': 100.66, 'm5-1': 98.86, 'm6-1': 0.93, 'm7-1': 111.28, 'm8-1': 108.3}",1.395,2.609,3.539,inf,151.958,151.958
4,T4,BESTEFFORT,COMPLETED,m1-1,2.171,"{'m1-1': 1.06, 'm2-1': 11.08, 'm3-1': 9.86, 'm4-1': 109.16, 'm5-1': 99.68, 'm6-1': 1.1, 'm7-1': 108.19, 'm8-1': 99.65}",1.59,2.171,3.231,inf,152.171,152.171
5,T1,BESTEFFORT,COMPLETED,m6-1,2.425,"{'m1-1': 1.12, 'm2-1': 10.68, 'm3-1': 9.54, 'm4-1': 103.52, 'm5-1': 99.92, 'm6-1': 0.98, 'm7-1': 101.14, 'm8-1': 92.42}",1.47,3.539,4.519,inf,152.425,152.425
6,T3,BESTEFFORT,COMPLETED,m6-1,2.577,"{'m1-1': 1.08, 'm2-1': 9.91, 'm3-1': 10.88, 'm4-1': 99.67, 'm5-1': 111.03, 'm6-1': 1.15, 'm7-1': 101.61, 'm8-1': 103.55}",1.7249999999999999,4.519,5.6690000000000005,inf,152.577,152.577
7,T3,BESTEFFORT,COMPLETED,m1-1,3.107,"{'m1-1': 1.11, 'm2-1': 11.15, 'm3-1': 10.66, 'm4-1': 107.91, 'm5-1': 98.33, 'm6-1': 1.18, 'm7-1': 109.97, 'm8-1': 109.93}",1.665,3.231,4.341,inf,153.107,153.107
8,T1,BESTEFFORT,COMPLETED,m6-1,3.235,"{'m1-1': 1.05, 'm2-1': 11.0, 'm3-1': 10.22, 'm4-1': 102.65, 'm5-1': 103.99, 'm6-1': 1.01, 'm7-1': 114.6, 'm8-1': 94.46}",1.5150000000000001,5.6690000000000005,6.679,inf,153.235,153.235
9,T2,BESTEFFORT,COMPLETED,m1-1,3.479,"{'m1-1': 1.17, 'm2-1': 11.59, 'm3-1': 10.28, 'm4-1': 117.38, 'm5-1': 108.11, 'm6-1': 1.02, 'm7-1': 104.81, 'm8-1': 109.82}",1.755,4.341,5.511,inf,153.479,153.479
10,T4,BESTEFFORT,COMPLETED,m6-1,3.724,"{'m1-1': 0.96, 'm2-1': 10.27, 'm3-1': 9.54, 'm4-1': 109.4, 'm5-1': 100.85, 'm6-1': 0.94, 'm7-1': 117.95, 'm8-1': 101.41}",1.41,6.679,7.619,inf,153.724,153.724
11,T3,BESTEFFORT,COMPLETED,m1-1,4.105,"{'m1-1': 1.18, 'm2-1': 10.52, 'm3-1': 9.5, 'm4-1': 92.71, 'm5-1': 110.12, 'm6-1': 1.13, 'm7-1': 106.34, 'm8-1': 115.58}",1.77,5.511,6.691,inf,154.105,154.105
12,T4,BESTEFFORT,COMPLETED,m1-1,4.277,"{'m1-1': 1.01, 'm2-1': 9.65, 'm3-1': 10.84, 'm4-1': 110.56, 'm5-1': 102.85, 'm6-1': 0.95, 'm7-1': 109.95, 'm8-1': 97.78}",1.5150000000000001,6.691,7.701,inf,154.277,154.277
13,T3,BESTEFFORT,COMPLETED,m1-1,4.449,"{'m1-1': 1.04, 'm2-1': 11.08, 'm3-1': 9.96, 'm4-1': 100.51, 'm5-1': 111.57, 'm6-1': 1.07, 'm7-1': 103.72, 'm8-1': 107.49}",1.56,7.701,8.741,inf,154.449,154.449
14,T2,BESTEFFORT,COMPLETED,m6-1,4.796,"{'m1-1': 1.17, 'm2-1': 11.61, 'm3-1': 10.41, 'm4-1': 100.2, 'm5-1': 103.64, 'm6-1': 1.12, 'm7-1': 106.28, 'm8-1': 113.47}",1.6800000000000002,7.619,8.739,inf,154.796,154.796
15,T4,BESTEFFORT,COMPLETED,m3-1,4.929,"{'m1-1': 0.98, 'm2-1': 10.5, 'm3-1': 9.5, 'm4-1': 100.74, 'm5-1': 97.02, 'm6-1': 0.95, 'm7-1': 105.6, 'm8-1': 101.87}",14.25,15.629,25.128999999999998,inf,154.929,154.929
16,T4,BESTEFFORT,COMPLETED,m3-1,4.929,"{'m1-1': 1.02, 'm2-1': 11.2, 'm3-1': 10.7, 'm4-1': 95.43, 'm5-1': 97.61, 'm6-1': 1.04, 'm7-1': 116.26, 'm8-1': 97.18}",16.049999999999997,4.929,15.629,inf,154.929,154.929
17,T3,BESTEFFORT,COMPLETED,m3-1,5.232,"{'m1-1': 1.02, 'm2-1': 9.69, 'm3-1': 10.58, 'm4-1': 105.32, 'm5-1': 109.14, 'm6-1': 1.15, 'm7-1': 105.12, 'm8-1': 108.13}",15.870000000000001,25.128999999999998,35.708999999999996,inf,155.232,155.232
18,T3,BESTEFFORT,COMPLETED,m2-1,5.491,"{'m1-1': 1.1, 'm2-1': 10.9, 'm3-1': 10.1, 'm4-1': 101.92, 'm5-1': 105.26, 'm6-1': 1.11, 'm7-1': 103.96, 'm8-1': 110.8}",16.35,5.491,16.391,inf,155.49099999999999,155.49099999999999
19,T2,BESTEFFORT,COMPLETED,m6-1,5.709,"{'m1-1': 1.03, 'm2-1': 10.61, 'm3-1': 10.27, 'm4-1': 109.79, 'm5-1': 101.31, 'm6-1': 1.05, 'm7-1': 102.75, 'm8-1': 102.24}",1.5750000000000002,8.739,9.789000000000001,inf,155.709,155.709
20,T3,BESTEFFORT,COMPLETED,m1-1,5.766,"{'m1-1': 1.1, 'm2-1': 10.99, 'm3-1': 9.68, 'm4-1': 105.55, 'm5-1': 97.64, 'm6-1': 1.15, 'm7-1': 100.96, 'm8-1': 105.71}",1.6500000000000001,8.741,9.841,inf,155.766,155.766
21,T2,BESTEFFORT,COMPLETED,m2-1,5.879,"{'m1-1': 1.01, 'm2-1': 11.88, 'm3-1': 11.3, 'm4-1': 101.06, 'm5-1': 111.04, 'm6-1': 1.09, 'm7-1': 109.1, 'm8-1': 111.69}",17.82,16.391,28.271,inf,155.879,155.879
22,T2,BESTEFFORT,COMPLETED,m2-1,6.048,"{'m1-1': 1.1, 'm2-1': 10.46, 'm3-1': 9.72, 'm4-1': 108.68, 'm5-1': 106.91, 'm6-1': 1.04, 'm7-1': 106.39, 'm8-1': 111.61}",15.690000000000001,28.271,38.731,inf,156.048,156.048
23,T2,BESTEFFORT,COMPLETED,m3-1,6.108,"{'m1-1': 1.01, 'm2-1': 11.72, 'm3-1': 10.87, 'm4-1': 109.61, 'm5-1': 104.48, 'm6-1': 1.12, 'm7-1': 95.74, 'm8-1': 111.95}",16.305,35.708999999999996,46.57899999999999,inf,156.108,156.108
24,T1,BESTEFFORT,COMPLETED,m2-1,6.35,"{'m1-1': 1.01, 'm2-1': 11.02, 'm3-1': 11.19, 'm4-1': 109.18, 'm5-1': 103.5, 'm6-1': 0.98, 'm7-1': 101.73, 'm8-1': 96.19}",16.53,38.731,49.751000000000005,inf,156.35,156.35
25,T4,BESTEFFORT,COMPLETED,m1-1,6.87,"{'m1-1': 0.93, 'm2-1': 10.84, 'm3-1': 10.89, 'm4-1': 96.87, 'm5-1': 94.92, 'm6-1': 1.06, 'm7-1': 113.43, 'm8-1': 110.37}",1.395,9.841,10.770999999999999,inf,156.87,156.87
26,T4,BESTEFFORT,COMPLETED,m6-1,7.306,"{'m1-1': 0.94, 'm2-1': 10.91, 'm3-1': 10.32, 'm4-1': 109.16, 'm5-1': 92.55, 'm6-1': 1.0, 'm7-1': 113.88, 'm8-1': 110.52}",1.5,9.789000000000001,10.789000000000001,inf,157.306,157.306
27,T1,BESTEFFORT,COMPLETED,m6-1,7.685,"{'m1-1': 1.16, 'm2-1': 10.23, 'm3-1': 10.16, 'm4-1': 108.63, 'm5-1': 95.18, 'm6-1': 1.02, 'm7-1': 103.69, 'm8-1': 102.71}",1.53,10.789000000000001,11.809000000000001,inf,157.685,157.685
28,T4,BESTEFFORT,COMPLETED,m1-1,7.973,"{'m1-1': 1.0, 'm2-1': 10.59, 'm3-1': 10.18, 'm4-1': 107.75, 'm5-1': 101.01, 'm6-1': 1.01, 'm7-1': 105.16, 'm8-1': 109.3}",1.5,10.770999999999999,11.770999999999999,inf,157.973,157.973
29,T2,BESTEFFORT,COMPLETED,m5-1,8.119,"{'m1-1': 1.13, 'm2-1': 10.23, 'm3-1': 11.35, 'm4-1': 100.29, 'm5-1': 97.97, 'm6-1': 1.1, 'm7-1': 110.99, 'm8-1': 115.86}",146.95499999999998,8.119,106.089,inf,158.119,158.119
30,T4,BESTEFFORT,COMPLETED,m8-1,8.555,"{'m1-1': 0.93, 'm2-1': 10.77, 'm3-1': 10.46, 'm4-1': 103.8, 'm5-1': 104.4, 'm6-1': 1.01, 'm7-1': 112.26, 'm8-1': 103.73}",155.595,8.555,112.285,inf,158.555,158.555
31,T3,BESTEFFORT,COMPLETED,m1-1,8.833,"{'m1-1': 1.02, 'm2-1': 9.59, 'm3-1': 9.74, 'm4-1': 101.59, 'm5-1': 103.11, 'm6-1': 1.02, 'm7-1': 101.18, 'm8-1': 109.56}",1.53,11.770999999999999,12.790999999999999,inf,158.833,158.833
32,T2,BESTEFFORT,COMPLETED,m6-1,9.038,"{'m1-1': 1.15, 'm2-1': 10.14, 'm3-1': 10.21, 'm4-1': 114.97, 'm5-1': 107.59, 'm6-1': 1.04, 'm7-1': 97.24, 'm8-1': 100.83}",1.56,11.809000000000001,12.849,inf,159.038,159.038
33,T1,BESTEFFORT,COMPLETED,m7-1,9.379,"{'m1-1': 1.05, 'm2-1': 10.66, 'm3-1': 9.63, 'm4-1': 100.83, 'm5-1': 93.75, 'm6-1': 1.06, 'm7-1': 109.13, 'm8-1': 95.9}",163.695,9.379,118.509,inf,159.379,159.379
34,T1,BESTEFFORT,COMPLETED,m4-1,9.485,"{'m1-1': 0.99, 'm2-1': 10.18, 'm3-1': 11.0, 'm4-1': 110.32, 'm5-1': 99.11, 'm6-1': 1.08, 'm7-1': 111.91, 'm8-1': 95.58}",165.48,9.485,119.80499999999999,inf,159.485,159.485
35,T3,BESTEFFORT,COMPLETED,m1-1,9.871,"{'m1-1': 1.09, 'm2-1': 11.07, 'm3-1': 9.96, 'm4-1': 107.16, 'm5-1': 110.12, 'm6-1': 1.16, 'm7-1': 106.75, 'm8-1': 109.4}",1.6350000000000002,12.790999999999999,13.880999999999998,inf,159.871,159.871
36,T3,BESTEFFORT,COMPLETED,m6-1,9.889,"{'m1-1': 1.03, 'm2-1': 10.72, 'm3-1': 10.6, 'm4-1': 107.31, 'm5-1': 97.99, 'm6-1': 1.11, 'm7-1': 108.75, 'm8-1': 104.69}",1.665,12.849,13.959,inf,159.889,159.889
37,T2,BESTEFFORT,CANCELLED,,10.27,"{'m1-1': 1.07, 'm2-1': 10.42, 'm3-1': 11.32, 'm4-1': 118.46, 'm5-1': 102.49, 'm6-1': 1.09, 'm7-1': 106.34, 'm8-1': 100.99}",0.0,inf,inf,inf,160.27,160.27
38,T2,BESTEFFORT,CANCELLED,,10.291,"{'m1-1': 1.03, 'm2-1': 11.54, 'm3-1': 10.78, 'm4-1': 118.45, 'm5-1': 99.66, 'm6-1': 1.01, 'm7-1': 111.44, 'm8-1': 105.36}",0.0,inf,inf,inf,160.291,160.291
39,T4,BESTEFFORT,COMPLETED,m1-1,11.345,"{'m1-1': 0.97, 'm2-1': 10.93, 'm3-1': 10.56, 'm4-1': 102.62, 'm5-1': 94.02, 'm6-1': 1.01, 'm7-1': 100.84, 'm8-1': 107.71}",1.455,13.880999999999998,14.850999999999999,inf,161.345,161.345
40,T1,BESTEFFORT,COMPLETED,m6-1,12.123,"{'m1-1': 1.01, 'm2-1': 9.83, 'm3-1': 9.93, 'm4-1': 98.62, 'm5-1': 105.07, 'm6-1': 0.93, 'm7-1': 109.4, 'm8-1': 92.86}",1.395,13.959,14.889,inf,162.123,162.123
41,T4,BESTEFFORT,COMPLETED,m1-1,12.61,"{'m1-1': 0.98, 'm2-1': 11.04, 'm3-1': 9.55, 'm4-1': 107.71, 'm5-1': 98.87, 'm6-1': 1.03, 'm7-1': 114.54, 'm8-1': 113.44}",1.47,14.850999999999999,15.831,inf,162.61,162.61
42,T1,BESTEFFORT,COMPLETED,m6-1,13.062,"{'m1-1': 1.1, 'm2-1': 10.81, 'm3-1': 10.57, 'm4-1': 107.14, 'm5-1': 100.86, 'm6-1': 0.92, 'm7-1': 111.99, 'm8-1': 105.75}",1.3800000000000001,14.889,15.809,inf,163.062,163.062
43,T2,BESTEFFORT,COMPLETED,m6-1,13.794,"{'m1-1': 1.14, 'm2-1': 11.55, 'm3-1': 10.98, 'm4-1': 116.35, 'm5-1': 98.35, 'm6-1': 1.12, 'm7-1': 108.98, 'm8-1': 104.31}",1.6800000000000002,15.809,16.929,inf,163.794,163.794
44,T1,BESTEFFORT,COMPLETED,m6-1,13.97,"{'m1-1': 1.01, 'm2-1': 10.82, 'm3-1': 9.55, 'm4-1': 102.1, 'm5-1': 108.26, 'm6-1': 1.07, 'm7-1': 111.21, 'm8-1': 95.68}",1.605,16.929,17.999,inf,163.97,163.97
45,T1,BESTEFFORT,COMPLETED,m1-1,14.066,"{'m1-1': 1.07, 'm2-1': 9.79, 'm3-1': 10.01, 'm4-1': 99.49, 'm5-1': 95.25, 'm6-1': 0.95, 'm7-1': 114.05, 'm8-1': 96.42}",1.605,15.831,16.901,inf,164.066,164.066
46,T4,BESTEFFORT,COMPLETED,m1-1,14.444,"{'m1-1': 1.02, 'm2-1': 11.21, 'm3-1': 9.33, 'm4-1': 104.54, 'm5-1': 105.02, 'm6-1': 0.99, 'm7-1': 102.33, 'm8-1': 111.53}",1.53,16.901,17.921,inf,164.444,164.444
47,T1,BESTEFFORT,CANCELLED,,14.49,"{'m1-1': 1.12, 'm2-1': 9.73, 'm3-1': 9.46, 'm4-1': 107.44, 'm5-1': 93.03, 'm6-1': 1.05, 'm7-1': 103.52, 'm8-1': 106.19}",0.0,inf,inf,inf,164.49,164.49
48,T4,BESTEFFORT,CANCELLED,,14.789,"{'m1-1': 1.06, 'm2-1': 10.55, 'm3-1': 10.12, 'm4-1': 102.48, 'm5-1': 106.03, 'm6-1': 1.05, 'm7-1': 102.48, 'm8-1': 102.75}",0.0,inf,inf,inf,164.789,164.789
49,T3,BESTEFFORT,COMPLETED,m1-1,15.442,"{'m1-1': 1.15, 'm2-1': 10.25, 'm3-1': 10.43, 'm4-1': 102.04, 'm5-1': 106.41, 'm6-1': 1.13, 'm7-1': 94.32, 'm8-1': 112.4}",1.7249999999999999,17.921,19.070999999999998,inf,165.442,165.442
50,T1,BESTEFFORT,COMPLETED,m6-1,15.577,"{'m1-1': 1.09, 'm2-1': 10.02, 'm3-1': 9.66, 'm4-1': 111.36, 'm5-1': 97.06, 'm6-1': 1.03, 'm7-1': 110.0, 'm8-1': 92.27}",1.545,17.999,19.029,inf,165.577,165.577
51,T2,BESTEFFORT,COMPLETED,m3-1,15.58,"{'m1-1': 1.16, 'm2-1': 11.38, 'm3-1': 11.38, 'm4-1': 109.96, 'm5-1': 112.4, 'm6-1': 1.15, 'm7-1': 98.26, 'm8-1': 104.91}",17.07,46.57899999999999,57.958999999999996,inf,165.58,165.58
52,T2,BESTEFFORT,COMPLETED,m6-1,15.819,"{'m1-1': 1.07, 'm2-1': 10.8, 'm3-1': 10.73, 'm4-1': 100.03, 'm5-1': 113.24, 'm6-1': 1.01, 'm7-1': 103.09, 'm8-1': 108.07}",1.5150000000000001,19.029,20.039,inf,165.819,165.819
53,T2,BESTEFFORT,COMPLETED,m1-1,16.02,"{'m1-1': 1.1, 'm2-1': 11.54, 'm3-1': 9.94, 'm4-1': 110.33, 'm5-1': 111.76, 'm6-1': 1.1, 'm7-1': 110.79, 'm8-1': 113.46}",1.6500000000000001,19.070999999999998,20.171,inf,166.02,166.02
54,T1,BESTEFFORT,CANCELLED,,16.16,"{'m1-1': 1.14, 'm2-1': 9.66, 'm3-1': 10.05, 'm4-1': 109.15, 'm5-1': 96.21, 'm6-1': 1.0, 'm7-1': 107.71, 'm8-1': 103.43}",0.0,inf,inf,inf,166.16,166.16
55,T2,BESTEFFORT,CANCELLED,,16.222,"{'m1-1': 1.14, 'm2-1': 11.53, 'm3-1': 10.01, 'm4-1': 116.24, 'm5-1': 99.1, 'm6-1': 0.99, 'm7-1': 107.33, 'm8-1': 106.83}",0.0,inf,inf,inf,166.222,166.222
56,T2,BESTEFFORT,COMPLETED,m2-1,16.585,"{'m1-1': 1.17, 'm2-1': 11.37, 'm3-1': 10.35, 'm4-1': 105.04, 'm5-1': 100.13, 'm6-1': 1.1, 'm7-1': 97.86, 'm8-1': 110.81}",17.055,49.751000000000005,61.121,inf,166.585,166.585
57,T4,BESTEFFORT,CANCELLED,,16.592,"{'m1-1': 1.06, 'm2-1': 11.09, 'm3-1': 10.3, 'm4-1': 95.64, 'm5-1': 94.93, 'm6-1': 0.99, 'm7-1': 107.32, 'm8-1': 112.76}",0.0,inf,inf,inf,166.59199999999998,166.59199999999998
58,T3,BESTEFFORT,CANCELLED,,16.771,"{'m1-1': 1.09, 'm2-1': 11.4, 'm3-1': 9.5, 'm4-1': 100.75, 'm5-1': 108.26, 'm6-1': 1.14, 'm7-1': 105.61, 'm8-1': 117.1}",0.0,inf,inf,inf,166.77100000000002,166.77100000000002
59,T1,BESTEFFORT,COMPLETED,m6-1,16.961,"{'m1-1': 1.02, 'm2-1': 9.8, 'm3-1': 10.25, 'm4-1': 102.77, 'm5-1': 106.27, 'm6-1': 1.01, 'm7-1': 111.88, 'm8-1': 96.52}",1.5150000000000001,20.039,21.049000000000003,inf,166.961,166.961
60,T4,BESTEFFORT,COMPLETED,m1-1,17.185,"{'m1-1': 0.94, 'm2-1': 10.43, 'm3-1': 9.57, 'm4-1': 95.85, 'm5-1': 103.62, 'm6-1': 1.07, 'm7-1': 104.47, 'm8-1': 99.52}",1.41,20.171,21.111,inf,167.185,167.185
61,T2,BESTEFFORT,CANCELLED,,17.329,"{'m1-1': 1.12, 'm2-1': 11.63, 'm3-1': 11.36, 'm4-1': 117.11, 'm5-1': 103.15, 'm6-1': 1.03, 'm7-1': 105.41, 'm8-1': 106.26}",0.0,inf,inf,inf,167.329,167.329
62,T4,BESTEFFORT,CANCELLED,,17.527,"{'m1-1': 0.94, 'm2-1': 11.24, 'm3-1': 9.68, 'm4-1': 107.52, 'm5-1': 105.3, 'm6-1': 1.1, 'm7-1': 111.3, 'm8-1': 104.94}",0.0,inf,inf,inf,167.527,167.527
63,T2,BESTEFFORT,COMPLETED,m1-1,17.895,"{'m1-1': 1.07, 'm2-1': 11.51, 'm3-1': 11.42, 'm4-1': 113.63, 'm5-1': 100.84, 'm6-1': 1.05, 'm7-1': 107.73, 'm8-1': 114.61}",1.605,21.111,22.181,inf,167.895,167.895
64,T4,BESTEFFORT,COMPLETED,m6-1,18.043,"{'m1-1': 1.01, 'm2-1': 10.48, 'm3-1': 10.5, 'm4-1': 105.04, 'm5-1': 97.2, 'm6-1': 0.95, 'm7-1': 102.28, 'm8-1': 103.94}",1.4249999999999998,21.049000000000003,21.999000000000002,inf,168.043,168.043
65,T3,BESTEFFORT,CANCELLED,,18.051,"{'m1-1': 1.08, 'm2-1': 10.41, 'm3-1': 10.52, 'm4-1': 97.79, 'm5-1': 110.42, 'm6-1': 1.11, 'm7-1': 106.38, 'm8-1': 99.86}",0.0,inf,inf,inf,168.051,168.051
66,T1,BESTEFFORT,CANCELLED,,18.178,"{'m1-1': 1.14, 'm2-1': 9.45, 'm3-1': 9.74, 'm4-1': 97.91, 'm5-1': 97.83, 'm6-1': 0.95, 'm7-1': 103.49, 'm8-1': 106.43}",0.0,inf,inf,inf,168.178,168.178
67,T2,BESTEFFORT,CANCELLED,,18.239,"{'m1-1': 1.02, 'm2-1': 11.82, 'm3-1': 10.53, 'm4-1': 112.31, 'm5-1': 103.69, 'm6-1': 1.06, 'm7-1': 96.14, 'm8-1': 112.92}",0.0,inf,inf,inf,168.239,168.239
68,T3,BESTEFFORT,CANCELLED,,18.58,"{'m1-1': 1.08, 'm2-1': 10.32, 'm3-1': 10.9, 'm4-1': 104.97, 'm5-1': 104.42, 'm6-1': 1.1, 'm7-1': 102.67, 'm8-1': 108.83}",0.0,inf,inf,inf,168.57999999999998,168.57999999999998
69,T3,BESTEFFORT,COMPLETED,m6-1,18.807,"{'m1-1': 1.07, 'm2-1': 11.2, 'm3-1': 10.76, 'm4-1': 94.17, 'm5-1': 98.76, 'm6-1': 1.02, 'm7-1': 106.26, 'm8-1': 105.23}",1.53,21.999000000000002,23.019000000000002,inf,168.807,168.807
70,T1,BESTEFFORT,COMPLETED,m1-1,19.068,"{'m1-1': 1.16, 'm2-1': 9.66, 'm3-1': 10.52, 'm4-1': 102.56, 'm5-1': 100.9, 'm6-1': 1.06, 'm7-1': 111.53, 'm8-1': 93.8}",1.7399999999999998,22.181,23.341,inf,169.068,169.068
71,T1,BESTEFFORT,CANCELLED,,19.119,"{'m1-1': 1.13, 'm2-1': 9.55, 'm3-1': 9.87, 'm4-1': 110.8, 'm5-1': 99.41, 'm6-1': 0.97, 'm7-1': 107.5, 'm8-1': 98.11}",0.0,inf,inf,inf,169.119,169.119
72,T2,BESTEFFORT,CANCELLED,,19.185,"{'m1-1': 1.15, 'm2-1': 11.74, 'm3-1': 11.06, 'm4-1': 116.35, 'm5-1': 102.5, 'm6-1': 1.12, 'm7-1': 99.25, 'm8-1': 112.36}",0.0,inf,inf,inf,169.185,169.185
73,T2,BESTEFFORT,CANCELLED,,19.336,"{'m1-1': 1.05, 'm2-1': 11.29, 'm3-1': 10.51, 'm4-1': 103.2, 'm5-1': 102.01, 'm6-1': 1.1, 'm7-1': 106.43, 'm8-1': 109.41}",0.0,inf,inf,inf,169.336,169.336
74,T4,BESTEFFORT,CANCELLED,,19.649,"{'m1-1': 1.01, 'm2-1': 10.41, 'm3-1': 10.45, 'm4-1': 109.7, 'm5-1': 97.88, 'm6-1': 1.03, 'm7-1': 114.08, 'm8-1': 103.99}",0.0,inf,inf,inf,169.649,169.649
75,T2,BESTEFFORT,CANCELLED,,19.681,"{'m1-1': 1.18, 'm2-1': 11.83, 'm3-1': 10.31, 'm4-1': 104.16, 'm5-1': 107.72, 'm6-1': 1.04, 'm7-1': 95.47, 'm8-1': 115.13}",0.0,inf,inf,inf,169.681,169.681
76,T1,BESTEFFORT,CANCELLED,,19.944,"{'m1-1': 1.04, 'm2-1': 9.58, 'm3-1': 10.17, 'm4-1': 108.9, 'm5-1': 106.72, 'm6-1': 1.07, 'm7-1': 110.51, 'm8-1': 96.33}",0.0,inf,inf,inf,169.944,169.944
77,T2,BESTEFFORT,COMPLETED,m6-1,20.137,"{'m1-1': 1.11, 'm2-1': 10.62, 'm3-1': 9.87, 'm4-1': 108.4, 'm5-1': 109.84, 'm6-1': 1.01, 'm7-1': 95.93, 'm8-1': 111.09}",1.5150000000000001,23.019000000000002,24.029000000000003,inf,170.137,170.137
78,T2,BESTEFFORT,COMPLETED,m1-1,20.746,"{'m1-1': 1.05, 'm2-1': 11.41, 'm3-1': 11.35, 'm4-1': 105.68, 'm5-1': 109.96, 'm6-1': 1.03, 'm7-1': 104.37, 'm8-1': 111.22}",1.5750000000000002,23.341,24.391000000000002,inf,170.746,170.746
79,T1,BESTEFFORT,COMPLETED,m6-1,21.398,"{'m1-1': 1.01, 'm2-1': 10.42, 'm3-1': 9.69, 'm4-1': 107.88, 'm5-1': 102.03, 'm6-1': 1.08, 'm7-1': 104.93, 'm8-1': 102.71}",1.62,24.029000000000003,25.109,inf,171.398,171.398
80,T4,BESTEFFORT,COMPLETED,m1-1,21.586,"{'m1-1': 1.02, 'm2-1': 10.56, 'm3-1': 10.04, 'm4-1': 100.26, 'm5-1': 105.38, 'm6-1': 1.0, 'm7-1': 107.58, 'm8-1': 110.82}",1.53,24.391000000000002,25.411,inf,171.586,171.586
81,T3,BESTEFFORT,COMPLETED,m6-1,22.08,"{'m1-1': 1.14, 'm2-1': 10.5, 'm3-1': 10.08, 'm4-1': 98.5, 'm5-1': 107.89, 'm6-1': 1.04, 'm7-1': 96.91, 'm8-1': 111.19}",1.56,25.109,26.149,inf,172.07999999999998,172.07999999999998
82,T2,BESTEFFORT,COMPLETED,m1-1,22.284,"{'m1-1': 1.09, 'm2-1': 10.25, 'm3-1': 9.71, 'm4-1': 112.11, 'm5-1': 103.72, 'm6-1': 1.01, 'm7-1': 95.4, 'm8-1': 97.69}",1.6350000000000002,25.411,26.501,inf,172.284,172.284
83,T3,BESTEFFORT,CANCELLED,,22.335,"{'m1-1': 1.09, 'm2-1': 11.04, 'm3-1': 10.65, 'm4-1': 95.22, 'm5-1': 95.92, 'm6-1': 1.03, 'm7-1': 98.5, 'm8-1': 106.55}",0.0,inf,inf,inf,172.335,172.335
84,T3,BESTEFFORT,CANCELLED,,22.383,"{'m1-1': 1.11, 'm2-1': 9.59, 'm3-1': 9.44, 'm4-1': 104.43, 'm5-1': 95.47, 'm6-1': 1.02, 'm7-1': 96.72, 'm8-1': 110.57}",0.0,inf,inf,inf,172.383,172.383
85,T2,BESTEFFORT,CANCELLED,,22.507,"{'m1-1': 1.13, 'm2-1': 10.42, 'm3-1': 11.08, 'm4-1': 105.21, 'm5-1': 111.48, 'm6-1': 1.07, 'm7-1': 98.52, 'm8-1': 111.19}",0.0,inf,inf,inf,172.507,172.507
86,T4,BESTEFFORT,CANCELLED,,22.845,"{'m1-1': 0.94, 'm2-1': 9.72, 'm3-1': 9.23, 'm4-1': 112.91, 'm5-1': 99.31, 'm6-1': 1.0, 'm7-1': 103.62, 'm8-1': 99.48}",0.0,inf,inf,inf,172.845,172.845
87,T2,BESTEFFORT,COMPLETED,m6-1,23.229,"{'m1-1': 1.07, 'm2-1': 11.61, 'm3-1': 10.07, 'm4-1': 108.26, 'm5-1': 111.2, 'm6-1': 1.12, 'm7-1': 107.97, 'm8-1': 97.76}",1.6800000000000002,26.149,27.269000000000002,inf,173.22899999999998,173.22899999999998
88,T1,BESTEFFORT,COMPLETED,m1-1,23.816,"{'m1-1': 1.04, 'm2-1': 10.57, 'm3-1': 9.63, 'm4-1': 111.54, 'm5-1': 104.5, 'm6-1': 0.98, 'm7-1': 108.88, 'm8-1': 100.65}",1.56,26.501,27.541,inf,173.816,173.816
89,T1,BESTEFFORT,COMPLETED,m6-1,23.914,"{'m1-1': 1.01, 'm2-1': 11.1, 'm3-1': 10.14, 'm4-1': 109.69, 'm5-1': 103.17, 'm6-1': 0.96, 'm7-1': 106.19, 'm8-1': 107.92}",1.44,27.269000000000002,28.229000000000003,inf,173.914,173.914
90,T2,BESTEFFORT,CANCELLED,,24.126,"{'m1-1': 1.17, 'm2-1': 10.36, 'm3-1': 10.51, 'm4-1': 109.63, 'm5-1': 96.34, 'm6-1': 1.0, 'm7-1': 101.28, 'm8-1': 106.83}",0.0,inf,inf,inf,174.126,174.126
91,T2,BESTEFFORT,CANCELLED,,24.174,"{'m1-1': 1.15, 'm2-1': 11.64, 'm3-1': 11.03, 'm4-1': 104.07, 'm5-1': 111.99, 'm6-1': 1.14, 'm7-1': 111.96, 'm8-1': 115.83}",0.0,inf,inf,inf,174.174,174.174
92,T4,BESTEFFORT,COMPLETED,m1-1,24.375,"{'m1-1': 0.99, 'm2-1': 9.75, 'm3-1': 10.56, 'm4-1': 105.99, 'm5-1': 95.83, 'm6-1': 1.11, 'm7-1': 112.08, 'm8-1': 105.47}",1.4849999999999999,27.541,28.531,inf,174.375,174.375
93,T3,BESTEFFORT,COMPLETED,m6-1,24.536,"{'m1-1': 1.19, 'm2-1': 11.23, 'm3-1': 9.45, 'm4-1': 98.41, 'm5-1': 97.25, 'm6-1': 1.1, 'm7-1': 110.0, 'm8-1': 103.47}",1.6500000000000001,28.229000000000003,29.329000000000004,inf,174.536,174.536
94,T2,BESTEFFORT,COMPLETED,m3-1,25.109,"{'m1-1': 1.01, 'm2-1': 10.85, 'm3-1': 9.8, 'm4-1': 115.69, 'm5-1': 102.01, 'm6-1': 1.01, 'm7-1': 101.1, 'm8-1': 112.42}",14.700000000000001,57.958999999999996,67.759,inf,175.109,175.109
95,T2,BESTEFFORT,CANCELLED,,25.296,"{'m1-1': 1.07, 'm2-1': 10.28, 'm3-1': 10.29, 'm4-1': 100.22, 'm5-1': 110.09, 'm6-1': 1.06, 'm7-1': 105.14, 'm8-1': 104.7}",0.0,inf,inf,inf,175.296,175.296
96,T2,BESTEFFORT,CANCELLED,,25.364,"{'m1-1': 1.01, 'm2-1': 11.42, 'm3-1': 11.36, 'm4-1': 105.68, 'm5-1': 111.77, 'm6-1': 1.09, 'm7-1': 111.53, 'm8-1': 109.88}",0.0,inf,inf,inf,175.364,175.364
97,T1,BESTEFFORT,COMPLETED,m6-1,26.242,"{'m1-1': 1.16, 'm2-1': 9.83, 'm3-1': 10.17, 'm4-1': 100.1, 'm5-1': 104.0, 'm6-1': 0.93, 'm7-1': 97.71, 'm8-1': 96.0}",1.395,29.329000000000004,30.259000000000004,inf,176.242,176.242
98,T4,BESTEFFORT,COMPLETED,m1-1,26.416,"{'m1-1': 0.93, 'm2-1': 10.82, 'm3-1': 9.9, 'm4-1': 100.82, 'm5-1': 99.16, 'm6-1': 0.98, 'm7-1': 111.07, 'm8-1': 110.53}",1.395,28.531,29.461,inf,176.416,176.416
99,T4,BESTEFFORT,COMPLETED,m1-1,26.604,"{'m1-1': 0.95, 'm2-1': 10.67, 'm3-1': 10.2, 'm4-1': 104.4, 'm5-1': 92.28, 'm6-1': 1.09, 'm7-1': 113.48, 'm8-1': 105.26}",1.4249999999999998,29.461,30.410999999999998,inf,176.60399999999998,176.60399999999998
100,T3,BESTEFFORT,CANCELLED,,26.736,"{'m1-1': 1.14, 'm2-1': 9.99, 'm3-1': 10.34, 'm4-1': 106.93, 'm5-1': 104.29, 'm6-1': 1.08, 'm7-1': 97.69, 'm8-1': 108.23}",0.0,inf,inf,inf,176.736,176.736
101,T1,BESTEFFORT,CANCELLED,,26.86,"{'m1-1': 1.02, 'm2-1': 9.54, 'm3-1': 9.82, 'm4-1': 99.33, 'm5-1': 97.99, 'm6-1': 1.1, 'm7-1': 103.8, 'm8-1': 91.51}",0.0,inf,inf,inf,176.86,176.86
102,T4,BESTEFFORT,COMPLETED,m6-1,27.184,"{'m1-1': 0.93, 'm2-1': 10.32, 'm3-1': 10.32, 'm4-1': 102.6, 'm5-1': 94.09, 'm6-1': 1.12, 'm7-1': 103.4, 'm8-1': 103.67}",1.6800000000000002,30.259000000000004,31.379000000000005,inf,177.184,177.184
103,T1,BESTEFFORT,COMPLETED,m1-1,27.461,"{'m1-1': 1.02, 'm2-1': 10.1, 'm3-1': 10.93, 'm4-1': 100.52, 'm5-1': 107.23, 'm6-1': 1.04, 'm7-1': 100.25, 'm8-1': 91.79}",1.53,30.410999999999998,31.430999999999997,inf,177.461,177.461
104,T2,BESTEFFORT,COMPLETED,m6-1,28.337,"{'m1-1': 1.02, 'm2-1': 11.01, 'm3-1': 9.92, 'm4-1': 108.41, 'm5-1': 107.24, 'm6-1': 1.03, 'm7-1': 99.77, 'm8-1': 98.21}",1.545,31.379000000000005,32.409000000000006,inf,178.337,178.337
105,T4,BESTEFFORT,COMPLETED,m1-1,28.669,"{'m1-1': 1.03, 'm2-1': 11.26, 'm3-1': 9.2, 'm4-1': 99.86, 'm5-1': 96.1, 'm6-1': 0.96, 'm7-1': 109.2, 'm8-1': 110.52}",1.545,31.430999999999997,32.461,inf,178.669,178.669
106,T3,BESTEFFORT,COMPLETED,m6-1,30.027,"{'m1-1': 1.04, 'm2-1': 10.63, 'm3-1': 10.9, 'm4-1': 103.55, 'm5-1': 111.83, 'm6-1': 1.16, 'm7-1': 94.48, 'm8-1': 106.23}",1.7399999999999998,32.409000000000006,33.569,inf,180.027,180.027
107,T3,BESTEFFORT,COMPLETED,m1-1,30.971,"{'m1-1': 1.08, 'm2-1': 11.23, 'm3-1': 9.76, 'm4-1': 95.04, 'm5-1': 102.22, 'm6-1': 1.08, 'm7-1': 96.95, 'm8-1': 109.24}",1.62,32.461,33.541,inf,180.971,180.971
108,T4,BESTEFFORT,COMPLETED,m1-1,31.196,"{'m1-1': 0.99, 'm2-1': 10.55, 'm3-1': 10.52, 'm4-1': 98.06, 'm5-1': 95.47, 'm6-1': 1.08, 'm7-1': 106.84, 'm8-1': 109.77}",1.4849999999999999,33.541,34.531,inf,181.196,181.196
109,T4,BESTEFFORT,COMPLETED,m6-1,31.631,"{'m1-1': 0.94, 'm2-1': 11.05, 'm3-1': 9.49, 'm4-1': 102.57, 'm5-1': 98.85, 'm6-1': 1.08, 'm7-1': 106.2, 'm8-1': 103.37}",1.62,33.569,34.649,inf,181.631,181.631
110,T2,BESTEFFORT,COMPLETED,m6-1,31.708,"{'m1-1': 1.17, 'm2-1': 11.58, 'm3-1': 10.48, 'm4-1': 116.83, 'm5-1': 104.71, 'm6-1': 1.05, 'm7-1': 102.24, 'm8-1': 115.26}",1.5750000000000002,34.649,35.699,inf,181.708,181.708
111,T4,BESTEFFORT,COMPLETED,m1-1,31.758,"{'m1-1': 1.08, 'm2-1': 10.12, 'm3-1': 10.14, 'm4-1': 112.0, 'm5-1': 96.43, 'm6-1': 0.95, 'm7-1': 115.55, 'm8-1': 101.73}",1.62,34.531,35.611,inf,181.758,181.758
112,T4,BESTEFFORT,COMPLETED,m2-1,32.225,"{'m1-1': 0.98, 'm2-1': 10.7, 'm3-1': 10.09, 'm4-1': 107.57, 'm5-1': 98.08, 'm6-1': 1.08, 'm7-1': 105.51, 'm8-1': 104.13}",16.049999999999997,61.121,71.821,inf,182.225,182.225
113,T4,BESTEFFORT,COMPLETED,m6-1,32.427,"{'m1-1': 1.02, 'm2-1': 10.45, 'm3-1': 10.69, 'm4-1': 99.86, 'm5-1': 102.01, 'm6-1': 1.11, 'm7-1': 102.59, 'm8-1': 109.42}",1.665,35.699,36.809,inf,182.427,182.427
114,T4,BESTEFFORT,COMPLETED,m1-1,32.434,"{'m1-1': 1.09, 'm2-1': 10.92, 'm3-1': 10.77, 'm4-1': 109.68, 'm5-1': 98.94, 'm6-1': 1.04, 'm7-1': 111.81, 'm8-1': 99.88}",1.6350000000000002,35.611,36.701,inf,182.434,182.434
115,T2,BESTEFFORT,COMPLETED,m1-1,33.36,"{'m1-1': 1.14, 'm2-1': 10.29, 'm3-1': 10.95, 'm4-1': 104.19, 'm5-1': 109.45, 'm6-1': 1.13, 'm7-1': 101.89, 'm8-1': 112.36}",1.71,36.701,37.841,inf,183.36,183.36
116,T2,BESTEFFORT,COMPLETED,m6-1,33.724,"{'m1-1': 1.11, 'm2-1': 10.86, 'm3-1': 11.18, 'm4-1': 108.68, 'm5-1': 106.27, 'm6-1': 1.08, 'm7-1': 106.26, 'm8-1': 102.51}",1.62,36.809,37.888999999999996,inf,183.724,183.724
117,T2,BESTEFFORT,COMPLETED,m1-1,33.826,"{'m1-1': 1.16, 'm2-1': 10.13, 'm3-1': 10.39, 'm4-1': 117.55, 'm5-1': 112.14, 'm6-1': 1.06, 'm7-1': 109.97, 'm8-1': 101.74}",1.7399999999999998,37.841,39.001,inf,183.826,183.826
118,T4,BESTEFFORT,COMPLETED,m6-1,34.92,"{'m1-1': 0.94, 'm2-1': 11.19, 'm3-1': 10.1, 'm4-1': 109.31, 'm5-1': 92.73, 'm6-1': 0.97, 'm7-1': 103.64, 'm8-1': 104.1}",1.455,37.888999999999996,38.858999999999995,inf,184.92000000000002,184.92000000000002
119,T1,BESTEFFORT,CANCELLED,,34.923,"{'m1-1': 1.15, 'm2-1': 9.5, 'm3-1': 10.46, 'm4-1': 104.55, 'm5-1': 104.48, 'm6-1': 1.01, 'm7-1': 102.49, 'm8-1': 102.52}",0.0,inf,inf,inf,184.923,184.923
120,T2,BESTEFFORT,CANCELLED,,34.979,"{'m1-1': 1.08, 'm2-1': 11.44, 'm3-1': 11.06, 'm4-1': 108.68, 'm5-1': 103.21, 'm6-1': 1.11, 'm7-1': 99.23, 'm8-1': 114.84}",0.0,inf,inf,inf,184.97899999999998,184.97899999999998
121,T1,BESTEFFORT,CANCELLED,,35.101,"{'m1-1': 1.01, 'm2-1': 10.75, 'm3-1': 10.41, 'm4-1': 101.78, 'm5-1': 99.8, 'm6-1': 0.92, 'm7-1': 110.52, 'm8-1': 96.15}",0.0,inf,inf,inf,185.101,185.101
122,T3,BESTEFFORT,CANCELLED,,35.227,"{'m1-1': 1.18, 'm2-1': 11.38, 'm3-1': 10.3, 'm4-1': 108.13, 'm5-1': 98.82, 'm6-1': 1.11, 'm7-1': 106.62, 'm8-1': 100.21}",0.0,inf,inf,inf,185.227,185.227
123,T2,BESTEFFORT,COMPLETED,m1-1,35.559,"{'m1-1': 1.11, 'm2-1': 11.65, 'm3-1': 11.42, 'm4-1': 110.84, 'm5-1': 97.31, 'm6-1': 0.98, 'm7-1': 98.72, 'm8-1': 106.36}",1.665,39.001,40.111,inf,185.559,185.559
124,T2,BESTEFFORT,COMPLETED,m6-1,35.689,"{'m1-1': 1.06, 'm2-1': 10.14, 'm3-1': 10.33, 'm4-1': 113.51, 'm5-1': 101.16, 'm6-1': 1.05, 'm7-1': 94.58, 'm8-1': 101.34}",1.5750000000000002,38.858999999999995,39.90899999999999,inf,185.689,185.689
125,T3,BESTEFFORT,COMPLETED,m3-1,35.743,"{'m1-1': 1.1, 'm2-1': 10.13, 'm3-1': 10.06, 'm4-1': 99.52, 'm5-1': 110.52, 'm6-1': 1.1, 'm7-1': 96.98, 'm8-1': 111.16}",15.09,67.759,77.819,inf,185.743,185.743
126,T3,BESTEFFORT,CANCELLED,,35.914,"{'m1-1': 1.08, 'm2-1': 10.5, 'm3-1': 10.15, 'm4-1': 105.68, 'm5-1': 98.27, 'm6-1': 1.0, 'm7-1': 101.43, 'm8-1': 107.49}",0.0,inf,inf,inf,185.914,185.914
127,T4,BESTEFFORT,CANCELLED,,36.317,"{'m1-1': 0.94, 'm2-1': 10.44, 'm3-1': 9.66, 'm4-1': 97.73, 'm5-1': 105.46, 'm6-1': 0.95, 'm7-1': 109.11, 'm8-1': 104.88}",0.0,inf,inf,inf,186.317,186.317
128,T1,BESTEFFORT,CANCELLED,,36.336,"{'m1-1': 1.0, 'm2-1': 10.84, 'm3-1': 10.84, 'm4-1': 101.52, 'm5-1': 108.45, 'm6-1': 0.93, 'm7-1': 101.68, 'm8-1': 94.38}",0.0,inf,inf,inf,186.336,186.336
129,T2,BESTEFFORT,CANCELLED,,36.373,"{'m1-1': 1.1, 'm2-1': 11.13, 'm3-1': 10.35, 'm4-1': 111.27, 'm5-1': 110.32, 'm6-1': 1.1, 'm7-1': 98.81, 'm8-1': 114.33}",0.0,inf,inf,inf,186.373,186.373
130,T2,BESTEFFORT,CANCELLED,,36.408,"{'m1-1': 1.11, 'm2-1': 10.74, 'm3-1': 10.1, 'm4-1': 102.71, 'm5-1': 101.34, 'm6-1': 1.0, 'm7-1': 104.38, 'm8-1': 108.64}",0.0,inf,inf,inf,186.40800000000002,186.40800000000002
131,T4,BESTEFFORT,CANCELLED,,36.431,"{'m1-1': 1.07, 'm2-1': 11.14, 'm3-1': 10.87, 'm4-1': 113.17, 'm5-1': 93.13, 'm6-1': 0.97, 'm7-1': 100.76, 'm8-1': 105.3}",0.0,inf,inf,inf,186.43099999999998,186.43099999999998
132,T1,BESTEFFORT,COMPLETED,m1-1,36.511,"{'m1-1': 1.1, 'm2-1': 10.32, 'm3-1': 10.07, 'm4-1': 100.0, 'm5-1': 96.78, 'm6-1': 0.95, 'm7-1': 107.59, 'm8-1': 94.58}",1.6500000000000001,40.111,41.211,inf,186.511,186.511
133,T3,BESTEFFORT,COMPLETED,m6-1,36.799,"{'m1-1': 1.03, 'm2-1': 10.52, 'm3-1': 9.42, 'm4-1': 104.79, 'm5-1': 101.69, 'm6-1': 1.16, 'm7-1': 109.42, 'm8-1': 111.34}",1.7399999999999998,39.90899999999999,41.06899999999999,inf,186.799,186.799
134,T3,BESTEFFORT,CANCELLED,,37.284,"{'m1-1': 1.02, 'm2-1': 10.74, 'm3-1': 9.82, 'm4-1': 100.61, 'm5-1': 96.17, 'm6-1': 1.18, 'm7-1': 95.28, 'm8-1': 114.87}",0.0,inf,inf,inf,187.284,187.284
135,T4,BESTEFFORT,CANCELLED,,37.559,"{'m1-1': 1.05, 'm2-1': 10.36, 'm3-1': 10.08, 'm4-1': 110.73, 'm5-1': 98.81, 'm6-1': 1.03, 'm7-1': 106.63, 'm8-1': 110.19}",0.0,inf,inf,inf,187.559,187.559
136,T3,BESTEFFORT,CANCELLED,,37.632,"{'m1-1': 1.14, 'm2-1': 11.17, 'm3-1': 9.88, 'm4-1': 93.86, 'm5-1': 110.76, 'm6-1': 1.04, 'm7-1': 95.29, 'm8-1': 113.47}",0.0,inf,inf,inf,187.632,187.632
137,T3,BESTEFFORT,CANCELLED,,37.65,"{'m1-1': 1.08, 'm2-1': 9.94, 'm3-1': 9.88, 'm4-1': 99.31, 'm5-1': 111.64, 'm6-1': 1.15, 'm7-1': 107.93, 'm8-1': 101.67}",0.0,inf,inf,inf,187.65,187.65
138,T1,BESTEFFORT,COMPLETED,m6-1,38.176,"{'m1-1': 1.12, 'm2-1': 10.13, 'm3-1': 10.45, 'm4-1': 100.99, 'm5-1': 108.16, 'm6-1': 1.03, 'm7-1': 103.72, 'm8-1': 93.46}",1.545,41.06899999999999,42.09899999999999,inf,188.176,188.176
139,T1,BESTEFFORT,COMPLETED,m1-1,38.212,"{'m1-1': 1.16, 'm2-1': 10.53, 'm3-1': 9.85, 'm4-1': 104.96, 'm5-1': 96.5, 'm6-1': 0.99, 'm7-1': 106.44, 'm8-1': 96.72}",1.7399999999999998,41.211,42.370999999999995,inf,188.212,188.212
140,T3,BESTEFFORT,CANCELLED,,38.279,"{'m1-1': 1.14, 'm2-1': 9.73, 'm3-1': 10.97, 'm4-1': 94.86, 'm5-1': 106.3, 'm6-1': 1.1, 'm7-1': 100.56, 'm8-1': 113.97}",0.0,inf,inf,inf,188.279,188.279
141,T4,BESTEFFORT,CANCELLED,,38.333,"{'m1-1': 0.97, 'm2-1': 11.13, 'm3-1': 9.57, 'm4-1': 109.65, 'm5-1': 99.52, 'm6-1': 1.0, 'm7-1': 101.5, 'm8-1': 99.52}",0.0,inf,inf,inf,188.333,188.333
142,T2,BESTEFFORT,COMPLETED,m2-1,38.808,"{'m1-1': 1.11, 'm2-1': 10.1, 'm3-1': 9.87, 'm4-1': 111.27, 'm5-1': 110.9, 'm6-1': 1.04, 'm7-1': 106.08, 'm8-1': 111.33}",15.149999999999999,71.821,81.92099999999999,inf,188.808,188.808
143,T1,BESTEFFORT,COMPLETED,m6-1,38.978,"{'m1-1': 1.14, 'm2-1': 10.56, 'm3-1': 11.09, 'm4-1': 96.72, 'm5-1': 97.82, 'm6-1': 1.03, 'm7-1': 110.5, 'm8-1': 100.63}",1.545,42.09899999999999,43.12899999999999,inf,188.978,188.978
144,T4,BESTEFFORT,COMPLETED,m1-1,39.078,"{'m1-1': 0.97, 'm2-1': 10.79, 'm3-1': 10.46, 'm4-1': 106.47, 'm5-1': 98.24, 'm6-1': 0.96, 'm7-1': 112.43, 'm8-1': 103.38}",1.455,42.370999999999995,43.340999999999994,inf,189.078,189.078
145,T2,BESTEFFORT,CANCELLED,,39.108,"{'m1-1': 1.04, 'm2-1': 10.41, 'm3-1': 10.35, 'm4-1': 105.7, 'm5-1': 109.44, 'm6-1': 1.04, 'm7-1': 94.66, 'm8-1': 111.41}",0.0,inf,inf,inf,189.108,189.108
146,T1,BESTEFFORT,CANCELLED,,39.16,"{'m1-1': 1.08, 'm2-1': 10.82, 'm3-1': 9.65, 'm4-1': 102.16, 'm5-1': 95.74, 'm6-1': 0.98, 'm7-1': 107.49, 'm8-1': 102.55}",0.0,inf,inf,inf,189.16,189.16
147,T1,BESTEFFORT,CANCELLED,,39.528,"{'m1-1': 0.99, 'm2-1': 10.28, 'm3-1': 10.5, 'm4-1': 112.18, 'm5-1': 101.71, 'm6-1': 1.06, 'm7-1': 115.02, 'm8-1': 106.7}",0.0,inf,inf,inf,189.528,189.528
148,T1,BESTEFFORT,CANCELLED,,39.575,"{'m1-1': 1.0, 'm2-1': 9.86, 'm3-1': 9.67, 'm4-1': 104.97, 'm5-1': 102.96, 'm6-1': 1.1, 'm7-1': 113.02, 'm8-1': 106.54}",0.0,inf,inf,inf,189.575,189.575
149,T1,BESTEFFORT,COMPLETED,m6-1,39.847,"{'m1-1': 1.06, 'm2-1': 9.82, 'm3-1': 9.43, 'm4-1': 104.71, 'm5-1': 105.36, 'm6-1': 0.94, 'm7-1': 106.4, 'm8-1': 94.29}",1.41,43.12899999999999,44.06899999999999,inf,189.847,189.847
150,T4,BESTEFFORT,COMPLETED,m1-1,40.031,"{'m1-1': 0.95, 'm2-1': 9.73, 'm3-1': 9.41, 'm4-1': 112.41, 'm5-1': 91.52, 'm6-1': 1.05, 'm7-1': 112.44, 'm8-1': 96.62}",1.4249999999999998,43.340999999999994,44.291,inf,190.031,190.031
151,T2,BESTEFFORT,CANCELLED,,40.194,"{'m1-1': 1.19, 'm2-1': 11.38, 'm3-1': 11.33, 'm4-1': 106.3, 'm5-1': 112.07, 'm6-1': 1.14, 'm7-1': 96.9, 'm8-1': 99.76}",0.0,inf,inf,inf,190.19400000000002,190.19400000000002
152,T2,BESTEFFORT,CANCELLED,,40.568,"{'m1-1': 1.18, 'm2-1': 10.7, 'm3-1': 9.87, 'm4-1': 103.38, 'm5-1': 100.83, 'm6-1': 1.14, 'm7-1': 102.57, 'm8-1': 106.95}",0.0,inf,inf,inf,190.56799999999998,190.56799999999998
153,T3,BESTEFFORT,CANCELLED,,40.688,"{'m1-1': 1.19, 'm2-1': 9.89, 'm3-1': 10.21, 'm4-1': 107.3, 'm5-1': 104.99, 'm6-1': 1.08, 'm7-1': 96.33, 'm8-1': 103.93}",0.0,inf,inf,inf,190.688,190.688
154,T3,BESTEFFORT,CANCELLED,,40.796,"{'m1-1': 1.14, 'm2-1': 9.76, 'm3-1': 10.9, 'm4-1': 103.06, 'm5-1': 96.49, 'm6-1': 1.13, 'm7-1': 95.79, 'm8-1': 103.05}",0.0,inf,inf,inf,190.796,190.796
155,T1,BESTEFFORT,COMPLETED,m6-1,40.971,"{'m1-1': 1.11, 'm2-1': 10.12, 'm3-1': 9.95, 'm4-1': 98.8, 'm5-1': 102.86, 'm6-1': 1.07, 'm7-1': 98.58, 'm8-1': 92.87}",1.605,44.06899999999999,45.13899999999999,inf,190.971,190.971
156,T2,BESTEFFORT,COMPLETED,m1-1,41.302,"{'m1-1': 1.1, 'm2-1': 10.21, 'm3-1': 11.44, 'm4-1': 112.03, 'm5-1': 108.06, 'm6-1': 1.12, 'm7-1': 111.07, 'm8-1': 99.52}",1.6500000000000001,44.291,45.391,inf,191.302,191.302
157,T4,BESTEFFORT,CANCELLED,,41.319,"{'m1-1': 0.98, 'm2-1': 11.09, 'm3-1': 9.39, 'm4-1': 99.01, 'm5-1': 94.83, 'm6-1': 1.08, 'm7-1': 106.33, 'm8-1': 105.75}",0.0,inf,inf,inf,191.31900000000002,191.31900000000002
158,T3,BESTEFFORT,CANCELLED,,41.356,"{'m1-1': 1.14, 'm2-1': 10.22, 'm3-1': 9.92, 'm4-1': 97.16, 'm5-1': 109.36, 'm6-1': 1.02, 'm7-1': 110.22, 'm8-1': 102.41}",0.0,inf,inf,inf,191.356,191.356
159,T4,BESTEFFORT,CANCELLED,,41.389,"{'m1-1': 1.09, 'm2-1': 10.06, 'm3-1': 10.74, 'm4-1': 110.72, 'm5-1': 100.49, 'm6-1': 1.12, 'm7-1': 101.67, 'm8-1': 99.88}",0.0,inf,inf,inf,191.389,191.389
160,T3,BESTEFFORT,CANCELLED,,41.496,"{'m1-1': 1.17, 'm2-1': 10.88, 'm3-1': 9.97, 'm4-1': 103.74, 'm5-1': 96.64, 'm6-1': 1.17, 'm7-1': 102.21, 'm8-1': 115.83}",0.0,inf,inf,inf,191.496,191.496
161,T3,BESTEFFORT,CANCELLED,,41.615,"{'m1-1': 1.1, 'm2-1': 10.53, 'm3-1': 10.21, 'm4-1': 102.64, 'm5-1': 98.19, 'm6-1': 1.07, 'm7-1': 103.1, 'm8-1': 117.76}",0.0,inf,inf,inf,191.615,191.615
162,T4,BESTEFFORT,CANCELLED,,42.019,"{'m1-1': 0.98, 'm2-1': 10.01, 'm3-1': 10.63, 'm4-1': 95.31, 'm5-1': 98.89, 'm6-1': 1.04, 'm7-1': 105.59, 'm8-1': 113.24}",0.0,inf,inf,inf,192.019,192.019
163,T2,BESTEFFORT,COMPLETED,m6-1,42.093,"{'m1-1': 1.02, 'm2-1': 11.09, 'm3-1': 10.53, 'm4-1': 118.16, 'm5-1': 101.11, 'm6-1': 1.12, 'm7-1': 104.19, 'm8-1': 99.04}",1.6800000000000002,45.13899999999999,46.258999999999986,inf,192.09300000000002,192.09300000000002
164,T2,BESTEFFORT,COMPLETED,m1-1,42.297,"{'m1-1': 1.05, 'm2-1': 10.64, 'm3-1': 10.94, 'm4-1': 115.57, 'm5-1': 105.62, 'm6-1': 1.12, 'm7-1': 108.97, 'm8-1': 104.55}",1.5750000000000002,45.391,46.440999999999995,inf,192.297,192.297
165,T1,BESTEFFORT,CANCELLED,,42.496,"{'m1-1': 1.1, 'm2-1': 9.78, 'm3-1': 9.75, 'm4-1': 109.52, 'm5-1': 106.72, 'm6-1': 1.01, 'm7-1': 100.2, 'm8-1': 103.46}",0.0,inf,inf,inf,192.496,192.496
166,T4,BESTEFFORT,CANCELLED,,42.638,"{'m1-1': 0.98, 'm2-1': 10.08, 'm3-1': 10.1, 'm4-1': 108.16, 'm5-1': 96.64, 'm6-1': 1.08, 'm7-1': 105.1, 'm8-1': 104.25}",0.0,inf,inf,inf,192.638,192.638
167,T1,BESTEFFORT,COMPLETED,m6-1,43.684,"{'m1-1': 1.16, 'm2-1': 9.66, 'm3-1': 10.22, 'm4-1': 99.16, 'm5-1': 106.42, 'm6-1': 0.95, 'm7-1': 104.42, 'm8-1': 108.53}",1.4249999999999998,46.258999999999986,47.20899999999999,inf,193.684,193.684
168,T1,BESTEFFORT,COMPLETED,m1-1,44.083,"{'m1-1': 1.0, 'm2-1': 10.45, 'm3-1': 9.73, 'm4-1': 109.12, 'm5-1': 97.48, 'm6-1': 0.95, 'm7-1': 100.2, 'm8-1': 99.93}",1.5,46.440999999999995,47.440999999999995,inf,194.083,194.083
169,T3,BESTEFFORT,COMPLETED,m6-1,44.257,"{'m1-1': 1.18, 'm2-1': 11.23, 'm3-1': 10.06, 'm4-1': 101.96, 'm5-1': 110.06, 'm6-1': 1.09, 'm7-1': 111.53, 'm8-1': 107.29}",1.6350000000000002,47.20899999999999,48.29899999999999,inf,194.257,194.257
170,T4,BESTEFFORT,COMPLETED,m1-1,44.373,"{'m1-1': 1.0, 'm2-1': 9.64, 'm3-1': 10.37, 'm4-1': 107.69, 'm5-1': 94.94, 'm6-1': 1.1, 'm7-1': 112.91, 'm8-1': 112.74}",1.5,47.440999999999995,48.440999999999995,inf,194.373,194.373
171,T1,BESTEFFORT,CANCELLED,,44.764,"{'m1-1': 1.06, 'm2-1': 10.39, 'm3-1': 10.16, 'm4-1': 101.86, 'm5-1': 98.98, 'm6-1': 1.02, 'm7-1': 103.8, 'm8-1': 97.42}",0.0,inf,inf,inf,194.764,194.764
172,T4,BESTEFFORT,CANCELLED,,44.833,"{'m1-1': 1.09, 'm2-1': 10.61, 'm3-1': 10.02, 'm4-1': 101.24, 'm5-1': 105.71, 'm6-1': 1.11, 'm7-1': 103.29, 'm8-1': 100.46}",0.0,inf,inf,inf,194.833,194.833
173,T3,BESTEFFORT,COMPLETED,m6-1,45.223,"{'m1-1': 1.16, 'm2-1': 10.04, 'm3-1': 9.87, 'm4-1': 92.87, 'm5-1': 112.97, 'm6-1': 1.02, 'm7-1': 99.5, 'm8-1': 100.08}",1.53,48.29899999999999,49.318999999999996,inf,195.223,195.223
174,T4,BESTEFFORT,CANCELLED,,45.308,"{'m1-1': 1.04, 'm2-1': 9.87, 'm3-1': 10.28, 'm4-1': 102.06, 'm5-1': 94.42, 'm6-1': 1.0, 'm7-1': 117.42, 'm8-1': 111.93}",0.0,inf,inf,inf,195.308,195.308
175,T4,BESTEFFORT,CANCELLED,,45.377,"{'m1-1': 0.94, 'm2-1': 9.62, 'm3-1': 9.6, 'm4-1': 105.1, 'm5-1': 99.08, 'm6-1': 1.04, 'm7-1': 104.82, 'm8-1': 96.45}",0.0,inf,inf,inf,195.377,195.377
176,T1,BESTEFFORT,COMPLETED,m1-1,45.506,"{'m1-1': 1.1, 'm2-1': 9.45, 'm3-1': 9.73, 'm4-1': 99.47, 'm5-1': 103.45, 'm6-1': 1.03, 'm7-1': 111.48, 'm8-1': 105.54}",1.6500000000000001,48.440999999999995,49.541,inf,195.506,195.506
177,T3,BESTEFFORT,CANCELLED,,45.539,"{'m1-1': 1.01, 'm2-1': 10.15, 'm3-1': 10.78, 'm4-1': 92.61, 'm5-1': 100.54, 'm6-1': 1.13, 'm7-1': 96.3, 'm8-1': 116.74}",0.0,inf,inf,inf,195.539,195.539
178,T4,BESTEFFORT,CANCELLED,,45.735,"{'m1-1': 0.98, 'm2-1': 11.27, 'm3-1': 10.84, 'm4-1': 100.62, 'm5-1': 104.22, 'm6-1': 1.08, 'm7-1': 100.64, 'm8-1': 104.38}",0.0,inf,inf,inf,195.735,195.735
179,T2,BESTEFFORT,CANCELLED,,45.79,"{'m1-1': 1.08, 'm2-1': 11.39, 'm3-1': 11.42, 'm4-1': 103.11, 'm5-1': 103.78, 'm6-1': 1.03, 'm7-1': 98.26, 'm8-1': 115.44}",0.0,inf,inf,inf,195.79,195.79
180,T1,BESTEFFORT,CANCELLED,,45.861,"{'m1-1': 1.02, 'm2-1': 10.35, 'm3-1': 10.97, 'm4-1': 106.74, 'm5-1': 99.52, 'm6-1': 1.04, 'm7-1': 109.86, 'm8-1': 91.96}",0.0,inf,inf,inf,195.861,195.861
181,T1,BESTEFFORT,COMPLETED,m6-1,46.483,"{'m1-1': 1.11, 'm2-1': 9.96, 'm3-1': 9.61, 'm4-1': 113.58, 'm5-1': 98.78, 'm6-1': 0.96, 'm7-1': 101.82, 'm8-1': 102.27}",1.44,49.318999999999996,50.278999999999996,inf,196.483,196.483
182,T3,BESTEFFORT,COMPLETED,m1-1,46.867,"{'m1-1': 1.09, 'm2-1': 10.96, 'm3-1': 9.38, 'm4-1': 102.91, 'm5-1': 101.59, 'm6-1': 1.13, 'm7-1': 95.89, 'm8-1': 106.57}",1.6350000000000002,49.541,50.631,inf,196.867,196.867
183,T3,BESTEFFORT,COMPLETED,m3-1,47.076,"{'m1-1': 1.04, 'm2-1': 10.76, 'm3-1': 9.81, 'm4-1': 109.16, 'm5-1': 105.04, 'm6-1': 1.02, 'm7-1': 98.48, 'm8-1': 105.87}",14.715,77.819,87.629,inf,197.076,197.076
184,T2,BESTEFFORT,COMPLETED,m6-1,47.282,"{'m1-1': 1.02, 'm2-1': 10.3, 'm3-1': 10.07, 'm4-1': 111.12, 'm5-1': 99.7, 'm6-1': 1.03, 'm7-1': 97.51, 'm8-1': 111.12}",1.545,50.278999999999996,51.309,inf,197.28199999999998,197.28199999999998
185,T3,BESTEFFORT,COMPLETED,m1-1,47.408,"{'m1-1': 1.08, 'm2-1': 10.78, 'm3-1': 10.58, 'm4-1': 108.98, 'm5-1': 99.41, 'm6-1': 1.02, 'm7-1': 110.94, 'm8-1': 103.11}",1.62,50.631,51.711,inf,197.40800000000002,197.40800000000002
186,T3,BESTEFFORT,CANCELLED,,47.752,"{'m1-1': 1.11, 'm2-1': 9.99, 'm3-1': 9.65, 'm4-1': 97.81, 'm5-1': 103.66, 'm6-1': 1.15, 'm7-1': 109.03, 'm8-1': 105.07}",0.0,inf,inf,inf,197.752,197.752
187,T4,BESTEFFORT,CANCELLED,,47.788,"{'m1-1': 0.96, 'm2-1': 10.02, 'm3-1': 9.28, 'm4-1': 105.0, 'm5-1': 99.68, 'm6-1': 1.12, 'm7-1': 100.89, 'm8-1': 113.4}",0.0,inf,inf,inf,197.788,197.788
188,T4,BESTEFFORT,COMPLETED,m6-1,48.453,"{'m1-1': 1.03, 'm2-1': 10.05, 'm3-1': 10.07, 'm4-1': 104.99, 'm5-1': 93.57, 'm6-1': 0.95, 'm7-1': 114.72, 'm8-1': 105.76}",1.4249999999999998,51.309,52.259,inf,198.453,198.453
189,T3,BESTEFFORT,COMPLETED,m1-1,48.481,"{'m1-1': 1.13, 'm2-1': 10.81, 'm3-1': 9.78, 'm4-1': 92.87, 'm5-1': 96.64, 'm6-1': 1.07, 'm7-1': 100.97, 'm8-1': 104.09}",1.6949999999999998,51.711,52.841,inf,198.481,198.481
190,T4,BESTEFFORT,CANCELLED,,48.689,"{'m1-1': 1.07, 'm2-1': 10.01, 'm3-1': 9.98, 'm4-1': 105.53, 'm5-1': 107.89, 'm6-1': 1.05, 'm7-1': 105.51, 'm8-1': 98.57}",0.0,inf,inf,inf,198.689,198.689
191,T4,BESTEFFORT,CANCELLED,,48.834,"{'m1-1': 1.07, 'm2-1': 9.63, 'm3-1': 9.96, 'm4-1': 101.6, 'm5-1': 91.76, 'm6-1': 1.06, 'm7-1': 112.46, 'm8-1': 100.64}",0.0,inf,inf,inf,198.834,198.834
192,T4,BESTEFFORT,CANCELLED,,48.924,"{'m1-1': 1.07, 'm2-1': 10.77, 'm3-1': 10.61, 'm4-1': 110.69, 'm5-1': 99.74, 'm6-1': 1.11, 'm7-1': 106.0, 'm8-1': 114.38}",0.0,inf,inf,inf,198.924,198.924
193,T3,BESTEFFORT,CANCELLED,,48.969,"{'m1-1': 1.17, 'm2-1': 11.36, 'm3-1': 10.58, 'm4-1': 105.94, 'm5-1': 97.62, 'm6-1': 1.02, 'm7-1': 107.93, 'm8-1': 107.71}",0.0,inf,inf,inf,198.969,198.969
194,T3,BESTEFFORT,COMPLETED,m6-1,49.233,"{'m1-1': 1.16, 'm2-1': 11.01, 'm3-1': 9.66, 'm4-1': 105.94, 'm5-1': 102.85, 'm6-1': 1.15, 'm7-1': 104.97, 'm8-1': 101.3}",1.7249999999999999,52.259,53.409,inf,199.233,199.233
195,T2,BESTEFFORT,COMPLETED,m1-1,50.087,"{'m1-1': 1.19, 'm2-1': 10.21, 'm3-1': 11.22, 'm4-1': 109.95, 'm5-1': 101.38, 'm6-1': 0.98, 'm7-1': 106.68, 'm8-1': 115.3}",1.785,52.841,54.031,inf,200.087,200.087
196,T4,BESTEFFORT,COMPLETED,m6-1,50.496,"{'m1-1': 1.08, 'm2-1': 11.1, 'm3-1': 10.61, 'm4-1': 95.96, 'm5-1': 91.46, 'm6-1': 1.1, 'm7-1': 115.83, 'm8-1': 110.32}",1.6500000000000001,53.409,54.509,inf,200.496,200.496
197,T1,BESTEFFORT,COMPLETED,m1-1,50.668,"{'m1-1': 1.14, 'm2-1': 9.38, 'm3-1': 10.44, 'm4-1': 114.52, 'm5-1': 108.64, 'm6-1': 1.04, 'm7-1': 113.5, 'm8-1': 92.3}",1.71,54.031,55.171,inf,200.668,200.668
198,T3,BESTEFFORT,COMPLETED,m2-1,50.874,"{'m1-1': 1.13, 'm2-1': 11.24, 'm3-1': 9.45, 'm4-1': 100.15, 'm5-1': 98.27, 'm6-1': 1.06, 'm7-1': 100.56, 'm8-1': 108.78}",16.86,81.92099999999999,93.16099999999999,inf,200.874,200.874
199,T1,BESTEFFORT,COMPLETED,m6-1,51.364,"{'m1-1': 1.02, 'm2-1': 10.34, 'm3-1': 10.74, 'm4-1': 99.07, 'm5-1': 94.18, 'm6-1': 1.08, 'm7-1': 103.14, 'm8-1': 102.9}",1.62,54.509,55.589,inf,201.364,201.364
200,T4,BESTEFFORT,COMPLETED,m1-1,51.844,"{'m1-1': 0.92, 'm2-1': 10.2, 'm3-1': 10.23, 'm4-1': 101.37, 'm5-1': 100.92, 'm6-1': 0.98, 'm7-1': 113.53, 'm8-1': 106.39}",1.3800000000000001,55.171,56.091,inf,201.844,201.844
201,T1,BESTEFFORT,CANCELLED,,51.871,"{'m1-1': 1.07, 'm2-1': 10.7, 'm3-1': 9.52, 'm4-1': 96.61, 'm5-1': 103.3, 'm6-1': 1.06, 'm7-1': 110.31, 'm8-1': 96.81}",0.0,inf,inf,inf,201.871,201.871
202,T3,BESTEFFORT,CANCELLED,,52.104,"{'m1-1': 1.05, 'm2-1': 9.74, 'm3-1': 9.83, 'm4-1': 101.21, 'm5-1': 110.64, 'm6-1': 1.11, 'm7-1': 99.25, 'm8-1': 100.4}",0.0,inf,inf,inf,202.10399999999998,202.10399999999998
203,T2,BESTEFFORT,COMPLETED,m6-1,52.34,"{'m1-1': 1.12, 'm2-1': 11.9, 'm3-1': 10.12, 'm4-1': 105.87, 'm5-1': 108.6, 'm6-1': 1.05, 'm7-1': 98.62, 'm8-1': 115.34}",1.5750000000000002,55.589,56.638999999999996,inf,202.34,202.34
204,T4,BESTEFFORT,COMPLETED,m1-1,52.631,"{'m1-1': 1.0, 'm2-1': 9.87, 'm3-1': 9.56, 'm4-1': 112.72, 'm5-1': 103.23, 'm6-1': 1.03, 'm7-1': 117.89, 'm8-1': 107.58}",1.5,56.091,57.091,inf,202.631,202.631
205,T4,BESTEFFORT,CANCELLED,,52.854,"{'m1-1': 1.0, 'm2-1': 10.12, 'm3-1': 9.59, 'm4-1': 106.27, 'm5-1': 94.14, 'm6-1': 0.99, 'm7-1': 102.07, 'm8-1': 113.09}",0.0,inf,inf,inf,202.85399999999998,202.85399999999998
206,T1,BESTEFFORT,COMPLETED,m5-1,53.173,"{'m1-1': 1.13, 'm2-1': 11.01, 'm3-1': 9.56, 'm4-1': 98.02, 'm5-1': 92.6, 'm6-1': 1.02, 'm7-1': 106.26, 'm8-1': 91.61}",138.89999999999998,106.089,198.689,inf,203.173,203.173
207,T2,BESTEFFORT,COMPLETED,m6-1,53.251,"{'m1-1': 1.07, 'm2-1': 10.25, 'm3-1': 10.15, 'm4-1': 103.6, 'm5-1': 104.5, 'm6-1': 0.99, 'm7-1': 109.45, 'm8-1': 109.53}",1.4849999999999999,56.638999999999996,57.629,inf,203.251,203.251
208,T3,BESTEFFORT,COMPLETED,m1-1,53.999,"{'m1-1': 1.04, 'm2-1': 11.37, 'm3-1': 10.22, 'm4-1': 92.91, 'm5-1': 106.56, 'm6-1': 1.13, 'm7-1': 96.54, 'm8-1': 108.76}",1.56,57.091,58.131,inf,203.999,203.999
209,T4,BESTEFFORT,CANCELLED,,54.118,"{'m1-1': 1.0, 'm2-1': 9.83, 'm3-1': 10.61, 'm4-1': 111.32, 'm5-1': 97.96, 'm6-1': 1.11, 'm7-1': 102.23, 'm8-1': 112.97}",0.0,inf,inf,inf,204.118,204.118
210,T4,BESTEFFORT,CANCELLED,,54.148,"{'m1-1': 1.03, 'm2-1': 9.89, 'm3-1': 10.46, 'm4-1': 111.59, 'm5-1': 102.12, 'm6-1': 1.09, 'm7-1': 115.31, 'm8-1': 111.82}",0.0,inf,inf,inf,204.148,204.148
211,T3,BESTEFFORT,CANCELLED,,54.451,"{'m1-1': 1.17, 'm2-1': 10.35, 'm3-1': 9.74, 'm4-1': 103.78, 'm5-1': 102.14, 'm6-1': 1.17, 'm7-1': 97.23, 'm8-1': 102.95}",0.0,inf,inf,inf,204.451,204.451
212,T4,BESTEFFORT,CANCELLED,,54.457,"{'m1-1': 1.07, 'm2-1': 10.8, 'm3-1': 10.61, 'm4-1': 109.48, 'm5-1': 106.29, 'm6-1': 1.08, 'm7-1': 101.26, 'm8-1': 109.57}",0.0,inf,inf,inf,204.457,204.457
213,T3,BESTEFFORT,COMPLETED,m6-1,54.86,"{'m1-1': 1.14, 'm2-1': 11.21, 'm3-1': 9.98, 'm4-1': 102.91, 'm5-1': 113.04, 'm6-1': 1.03, 'm7-1': 110.77, 'm8-1': 104.0}",1.545,57.629,58.659,inf,204.86,204.86
214,T1,BESTEFFORT,COMPLETED,m1-1,55.163,"{'m1-1': 1.12, 'm2-1': 11.06, 'm3-1': 10.78, 'm4-1': 112.71, 'm5-1': 102.29, 'm6-1': 1.03, 'm7-1': 106.87, 'm8-1': 99.4}",1.6800000000000002,58.131,59.251,inf,205.163,205.163
215,T1,BESTEFFORT,MISSED,m8-1,55.19,"{'m1-1': 1.06, 'm2-1': 9.79, 'm3-1': 9.92, 'm4-1': 112.68, 'm5-1': 106.25, 'm6-1': 1.01, 'm7-1': 113.96, 'm8-1': 95.66}",139.35750000000002,112.285,inf,205.19,205.19,205.19
216,T1,BESTEFFORT,COMPLETED,m6-1,55.532,"{'m1-1': 1.0, 'm2-1': 11.0, 'm3-1': 10.07, 'm4-1': 110.04, 'm5-1': 105.0, 'm6-1': 1.08, 'm7-1': 109.8, 'm8-1': 105.85}",1.62,58.659,59.739,inf,205.53199999999998,205.53199999999998
217,T2,BESTEFFORT,CANCELLED,,55.8,"{'m1-1': 1.13, 'm2-1': 11.41, 'm3-1': 10.48, 'm4-1': 107.35, 'm5-1': 100.95, 'm6-1': 1.05, 'm7-1': 112.07, 'm8-1': 109.52}",0.0,inf,inf,inf,205.8,205.8
218,T2,BESTEFFORT,CANCELLED,,55.893,"{'m1-1': 1.08, 'm2-1': 10.53, 'm3-1': 10.28, 'm4-1': 108.05, 'm5-1': 101.52, 'm6-1': 1.03, 'm7-1': 103.02, 'm8-1': 114.71}",0.0,inf,inf,inf,205.893,205.893
219,T2,BESTEFFORT,COMPLETED,m1-1,56.111,"{'m1-1': 1.11, 'm2-1': 10.61, 'm3-1': 10.78, 'm4-1': 112.57, 'm5-1': 105.7, 'm6-1': 1.14, 'm7-1': 107.67, 'm8-1': 113.47}",1.665,59.251,60.361,inf,206.111,206.111
220,T2,BESTEFFORT,CANCELLED,,56.157,"{'m1-1': 1.07, 'm2-1': 10.74, 'm3-1': 10.4, 'm4-1': 103.19, 'm5-1': 101.88, 'm6-1': 1.08, 'm7-1': 101.91, 'm8-1': 108.54}",0.0,inf,inf,inf,206.15699999999998,206.15699999999998
221,T4,BESTEFFORT,CANCELLED,,56.454,"{'m1-1': 1.03, 'm2-1': 10.76, 'm3-1': 10.44, 'm4-1': 108.39, 'm5-1': 91.82, 'm6-1': 1.02, 'm7-1': 104.82, 'm8-1': 112.76}",0.0,inf,inf,inf,206.454,206.454
222,T2,BESTEFFORT,COMPLETED,m6-1,56.551,"{'m1-1': 1.11, 'm2-1': 10.78, 'm3-1': 10.71, 'm4-1': 100.19, 'm5-1': 101.6, 'm6-1': 1.01, 'm7-1': 101.36, 'm8-1': 114.74}",1.5150000000000001,59.739,60.748999999999995,inf,206.551,206.551
223,T2,BESTEFFORT,CANCELLED,,57.043,"{'m1-1': 1.06, 'm2-1': 11.25, 'm3-1': 10.8, 'm4-1': 113.33, 'm5-1': 108.84, 'm6-1': 0.98, 'm7-1': 108.43, 'm8-1': 103.02}",0.0,inf,inf,inf,207.043,207.043
224,T1,BESTEFFORT,CANCELLED,,57.089,"{'m1-1': 1.02, 'm2-1': 10.26, 'm3-1': 9.77, 'm4-1': 108.18, 'm5-1': 94.33, 'm6-1': 1.06, 'm7-1': 108.08, 'm8-1': 96.75}",0.0,inf,inf,inf,207.089,207.089
225,T2,BESTEFFORT,COMPLETED,m1-1,57.359,"{'m1-1': 1.09, 'm2-1': 10.21, 'm3-1': 10.07, 'm4-1': 100.08, 'm5-1': 110.53, 'm6-1': 1.15, 'm7-1': 109.5, 'm8-1': 97.54}",1.6350000000000002,60.361,61.451,inf,207.359,207.359
226,T3,BESTEFFORT,COMPLETED,m6-1,57.518,"{'m1-1': 1.05, 'm2-1': 11.32, 'm3-1': 10.34, 'm4-1': 100.84, 'm5-1': 113.11, 'm6-1': 1.01, 'm7-1': 96.3, 'm8-1': 118.37}",1.5150000000000001,60.748999999999995,61.75899999999999,inf,207.518,207.518
227,T1,BESTEFFORT,CANCELLED,,57.699,"{'m1-1': 1.05, 'm2-1': 9.7, 'm3-1': 11.0, 'm4-1': 108.18, 'm5-1': 104.09, 'm6-1': 1.07, 'm7-1': 111.03, 'm8-1': 92.56}",0.0,inf,inf,inf,207.699,207.699
228,T1,BESTEFFORT,CANCELLED,,57.706,"{'m1-1': 1.06, 'm2-1': 10.61, 'm3-1': 11.06, 'm4-1': 103.58, 'm5-1': 94.78, 'm6-1': 1.03, 'm7-1': 98.59, 'm8-1': 108.43}",0.0,inf,inf,inf,207.70600000000002,207.70600000000002
229,T4,BESTEFFORT,COMPLETED,m1-1,58.145,"{'m1-1': 0.97, 'm2-1': 10.18, 'm3-1': 9.19, 'm4-1': 98.25, 'm5-1': 95.47, 'm6-1': 1.0, 'm7-1': 102.44, 'm8-1': 113.34}",1.455,61.451,62.421,inf,208.145,208.145
230,T1,BESTEFFORT,COMPLETED,m3-1,58.25,"{'m1-1': 1.03, 'm2-1': 9.4, 'm3-1': 11.1, 'm4-1': 101.61, 'm5-1': 101.29, 'm6-1': 0.99, 'm7-1': 107.48, 'm8-1': 94.48}",16.65,87.629,98.729,inf,208.25,208.25
231,T4,BESTEFFORT,CANCELLED,,58.58,"{'m1-1': 0.97, 'm2-1': 11.26, 'm3-1': 9.2, 'm4-1': 104.82, 'm5-1': 106.01, 'm6-1': 0.96, 'm7-1': 112.07, 'm8-1': 98.8}",0.0,inf,inf,inf,208.57999999999998,208.57999999999998
232,T1,BESTEFFORT,CANCELLED,,58.651,"{'m1-1': 1.07, 'm2-1': 10.73, 'm3-1': 10.48, 'm4-1': 108.02, 'm5-1': 98.85, 'm6-1': 0.94, 'm7-1': 100.53, 'm8-1': 104.66}",0.0,inf,inf,inf,208.651,208.651
233,T3,BESTEFFORT,COMPLETED,m6-1,59.006,"{'m1-1': 1.18, 'm2-1': 10.76, 'm3-1': 10.66, 'm4-1': 95.56, 'm5-1': 99.29, 'm6-1': 1.08, 'm7-1': 105.54, 'm8-1': 112.95}",1.62,61.75899999999999,62.83899999999999,inf,209.006,209.006
234,T2,BESTEFFORT,COMPLETED,m1-1,59.124,"{'m1-1': 1.1, 'm2-1': 10.33, 'm3-1': 11.15, 'm4-1': 110.76, 'm5-1': 112.26, 'm6-1': 1.1, 'm7-1': 106.21, 'm8-1': 111.74}",1.6500000000000001,62.421,63.521,inf,209.124,209.124
235,T2,BESTEFFORT,CANCELLED,,59.565,"{'m1-1': 1.07, 'm2-1': 10.12, 'm3-1': 9.9, 'm4-1': 104.72, 'm5-1': 98.12, 'm6-1': 0.98, 'm7-1': 107.4, 'm8-1': 114.09}",0.0,inf,inf,inf,209.565,209.565
236,T1,BESTEFFORT,CANCELLED,,59.578,"{'m1-1': 1.04, 'm2-1': 10.74, 'm3-1': 9.83, 'm4-1': 107.76, 'm5-1': 103.3, 'm6-1': 1.06, 'm7-1': 108.32, 'm8-1': 103.57}",0.0,inf,inf,inf,209.578,209.578
237,T2,BESTEFFORT,COMPLETED,m6-1,59.895,"{'m1-1': 1.18, 'm2-1': 11.13, 'm3-1': 9.87, 'm4-1': 111.22, 'm5-1': 103.0, 'm6-1': 1.08, 'm7-1': 96.42, 'm8-1': 111.36}",1.62,62.83899999999999,63.91899999999999,inf,209.895,209.895
238,T3,BESTEFFORT,CANCELLED,,59.899,"{'m1-1': 1.14, 'm2-1': 10.99, 'm3-1': 9.5, 'm4-1': 96.85, 'm5-1': 106.83, 'm6-1': 1.03, 'm7-1': 105.33, 'm8-1': 113.91}",0.0,inf,inf,inf,209.899,209.899
239,T1,BESTEFFORT,CANCELLED,,59.971,"{'m1-1': 1.06, 'm2-1': 9.99, 'm3-1': 9.93, 'm4-1': 103.9, 'm5-1': 107.37, 'm6-1': 1.05, 'm7-1': 112.17, 'm8-1': 105.36}",0.0,inf,inf,inf,209.971,209.971
240,T4,BESTEFFORT,COMPLETED,m1-1,60.083,"{'m1-1': 0.97, 'm2-1': 10.73, 'm3-1': 10.04, 'm4-1': 103.03, 'm5-1': 103.57, 'm6-1': 1.07, 'm7-1': 114.46, 'm8-1': 114.12}",1.455,63.521,64.491,inf,210.083,210.083
241,T2,BESTEFFORT,MISSED,m7-1,60.677,"{'m1-1': 1.15, 'm2-1': 10.48, 'm3-1': 10.2, 'm4-1': 111.72, 'm5-1': 97.5, 'm6-1': 1.07, 'm7-1': 107.62, 'm8-1': 101.17}",138.25199999999998,118.509,inf,210.677,210.677,210.677
242,T2,BESTEFFORT,COMPLETED,m6-1,60.829,"{'m1-1': 1.1, 'm2-1': 11.2, 'm3-1': 9.65, 'm4-1': 108.2, 'm5-1': 111.32, 'm6-1': 1.02, 'm7-1': 108.91, 'm8-1': 97.78}",1.53,63.91899999999999,64.939,inf,210.829,210.829
243,T4,BESTEFFORT,COMPLETED,m6-1,61.832,"{'m1-1': 1.08, 'm2-1': 10.28, 'm3-1': 10.33, 'm4-1': 97.83, 'm5-1': 96.14, 'm6-1': 1.06, 'm7-1': 110.05, 'm8-1': 110.64}",1.59,64.939,65.999,inf,211.832,211.832
244,T3,BESTEFFORT,COMPLETED,m1-1,62.085,"{'m1-1': 1.01, 'm2-1': 10.25, 'm3-1': 10.98, 'm4-1': 96.83, 'm5-1': 107.15, 'm6-1': 1.09, 'm7-1': 110.7, 'm8-1': 118.02}",1.5150000000000001,64.491,65.501,inf,212.085,212.085
245,T2,BESTEFFORT,COMPLETED,m1-1,62.45,"{'m1-1': 1.09, 'm2-1': 11.37, 'm3-1': 9.8, 'm4-1': 116.24, 'm5-1': 100.49, 'm6-1': 1.0, 'm7-1': 108.7, 'm8-1': 111.74}",1.6350000000000002,65.501,66.59100000000001,inf,212.45,212.45
246,T2,BESTEFFORT,COMPLETED,m2-1,62.527,"{'m1-1': 1.02, 'm2-1': 10.57, 'm3-1': 10.05, 'm4-1': 105.12, 'm5-1': 102.37, 'm6-1': 1.08, 'm7-1': 105.61, 'm8-1': 115.56}",15.855,93.16099999999999,103.731,inf,212.527,212.527
247,T4,BESTEFFORT,MISSED,m4-1,62.731,"{'m1-1': 1.08, 'm2-1': 11.01, 'm3-1': 9.54, 'm4-1': 100.06, 'm5-1': 92.32, 'm6-1': 0.94, 'm7-1': 105.45, 'm8-1': 102.56}",139.389,119.80499999999999,inf,212.731,212.731,212.731
248,T3,BESTEFFORT,COMPLETED,m6-1,63.224,"{'m1-1': 1.16, 'm2-1': 10.94, 'm3-1': 10.54, 'm4-1': 104.33, 'm5-1': 95.61, 'm6-1': 1.04, 'm7-1': 104.58, 'm8-1': 104.62}",1.56,65.999,67.039,inf,213.224,213.224
249,T3,BESTEFFORT,COMPLETED,m1-1,63.242,"{'m1-1': 1.09, 'm2-1': 10.24, 'm3-1': 10.88, 'm4-1': 101.34, 'm5-1': 101.76, 'm6-1': 1.17, 'm7-1': 105.36, 'm8-1': 115.16}",1.6350000000000002,66.59100000000001,67.68100000000001,inf,213.242,213.242
250,T1,BESTEFFORT,COMPLETED,m6-1,63.947,"{'m1-1': 1.14, 'm2-1': 10.48, 'm3-1': 11.05, 'm4-1': 102.48, 'm5-1': 98.37, 'm6-1': 1.09, 'm7-1': 101.24, 'm8-1': 94.66}",1.6350000000000002,67.039,68.129,inf,213.947,213.947
251,T4,BESTEFFORT,COMPLETED,m1-1,64.215,"{'m1-1': 0.96, 'm2-1': 11.21, 'm3-1': 9.8, 'm4-1': 112.68, 'm5-1': 104.01, 'm6-1': 0.99, 'm7-1': 114.91, 'm8-1': 111.11}",1.44,67.68100000000001,68.641,inf,214.215,214.215
252,T4,BESTEFFORT,CANCELLED,,64.805,"{'m1-1': 0.93, 'm2-1': 9.8, 'm3-1': 10.59, 'm4-1': 95.9, 'm5-1': 97.62, 'm6-1': 0.98, 'm7-1': 103.47, 'm8-1': 99.89}",0.0,inf,inf,inf,214.805,214.805
253,T1,BESTEFFORT,CANCELLED,,64.835,"{'m1-1': 1.03, 'm2-1': 9.79, 'm3-1': 9.56, 'm4-1': 113.85, 'm5-1': 91.89, 'm6-1': 1.04, 'm7-1': 106.26, 'm8-1': 103.54}",0.0,inf,inf,inf,214.83499999999998,214.83499999999998
254,T3,BESTEFFORT,COMPLETED,m6-1,64.851,"{'m1-1': 1.12, 'm2-1': 10.29, 'm3-1': 11.0, 'm4-1': 107.3, 'm5-1': 109.92, 'm6-1': 1.04, 'm7-1': 98.45, 'm8-1': 115.39}",1.56,68.129,69.16900000000001,inf,214.851,214.851
255,T1,BESTEFFORT,CANCELLED,,64.975,"{'m1-1': 1.0, 'm2-1': 11.12, 'm3-1': 10.09, 'm4-1': 108.95, 'm5-1': 100.86, 'm6-1': 1.04, 'm7-1': 105.89, 'm8-1': 100.56}",0.0,inf,inf,inf,214.975,214.975
256,T4,BESTEFFORT,CANCELLED,,65.405,"{'m1-1': 1.05, 'm2-1': 10.43, 'm3-1': 10.56, 'm4-1': 95.9, 'm5-1': 95.47, 'm6-1': 0.94, 'm7-1': 111.42, 'm8-1': 98.32}",0.0,inf,inf,inf,215.405,215.405
257,T1,BESTEFFORT,COMPLETED,m1-1,65.711,"{'m1-1': 1.02, 'm2-1': 10.73, 'm3-1': 10.9, 'm4-1': 111.09, 'm5-1': 105.39, 'm6-1': 1.03, 'm7-1': 109.85, 'm8-1': 92.3}",1.53,68.641,69.661,inf,215.711,215.711
258,T3,BESTEFFORT,COMPLETED,m6-1,65.942,"{'m1-1': 1.05, 'm2-1': 10.9, 'm3-1': 9.74, 'm4-1': 93.28, 'm5-1': 113.02, 'm6-1': 1.15, 'm7-1': 103.42, 'm8-1': 117.65}",1.7249999999999999,69.16900000000001,70.31900000000002,inf,215.942,215.942
259,T4,BESTEFFORT,CANCELLED,,66.039,"{'m1-1': 1.08, 'm2-1': 10.24, 'm3-1': 9.28, 'm4-1': 106.9, 'm5-1': 102.83, 'm6-1': 0.96, 'm7-1': 103.69, 'm8-1': 105.28}",0.0,inf,inf,inf,216.039,216.039
260,T1,BESTEFFORT,CANCELLED,,66.154,"{'m1-1': 1.06, 'm2-1': 9.99, 'm3-1': 10.14, 'm4-1': 110.38, 'm5-1': 92.92, 'm6-1': 0.92, 'm7-1': 108.48, 'm8-1': 97.84}",0.0,inf,inf,inf,216.154,216.154
261,T1,BESTEFFORT,CANCELLED,,66.169,"{'m1-1': 1.03, 'm2-1': 10.94, 'm3-1': 11.13, 'm4-1': 114.02, 'm5-1': 102.78, 'm6-1': 0.95, 'm7-1': 98.2, 'm8-1': 104.43}",0.0,inf,inf,inf,216.16899999999998,216.16899999999998
262,T4,BESTEFFORT,CANCELLED,,66.243,"{'m1-1': 0.97, 'm2-1': 10.89, 'm3-1': 10.61, 'm4-1': 105.63, 'm5-1': 108.3, 'm6-1': 1.0, 'm7-1': 109.48, 'm8-1': 109.46}",0.0,inf,inf,inf,216.243,216.243
263,T4,BESTEFFORT,CANCELLED,,66.255,"{'m1-1': 0.96, 'm2-1': 9.71, 'm3-1': 9.43, 'm4-1': 107.52, 'm5-1': 102.21, 'm6-1': 1.1, 'm7-1': 107.71, 'm8-1': 108.44}",0.0,inf,inf,inf,216.255,216.255
264,T1,BESTEFFORT,CANCELLED,,66.271,"{'m1-1': 1.09, 'm2-1': 9.81, 'm3-1': 9.52, 'm4-1': 111.02, 'm5-1': 106.66, 'm6-1': 1.08, 'm7-1': 107.59, 'm8-1': 106.78}",0.0,inf,inf,inf,216.27100000000002,216.27100000000002
265,T3,BESTEFFORT,COMPLETED,m1-1,66.297,"{'m1-1': 1.1, 'm2-1': 10.36, 'm3-1': 10.31, 'm4-1': 107.34, 'm5-1': 102.4, 'm6-1': 1.14, 'm7-1': 97.61, 'm8-1': 101.75}",1.6500000000000001,69.661,70.761,inf,216.297,216.297
266,T2,BESTEFFORT,COMPLETED,m6-1,66.861,"{'m1-1': 1.05, 'm2-1': 10.44, 'm3-1': 10.17, 'm4-1': 115.83, 'm5-1': 107.81, 'm6-1': 1.05, 'm7-1': 95.22, 'm8-1': 101.81}",1.5750000000000002,70.31900000000002,71.36900000000001,inf,216.861,216.861
267,T3,BESTEFFORT,CANCELLED,,67.046,"{'m1-1': 1.03, 'm2-1': 11.25, 'm3-1': 9.62, 'm4-1': 103.83, 'm5-1': 101.35, 'm6-1': 1.17, 'm7-1': 97.54, 'm8-1': 110.29}",0.0,inf,inf,inf,217.046,217.046
268,T3,BESTEFFORT,CANCELLED,,67.264,"{'m1-1': 1.12, 'm2-1': 11.33, 'm3-1': 9.51, 'm4-1': 98.11, 'm5-1': 102.83, 'm6-1': 1.15, 'm7-1': 95.19, 'm8-1': 107.17}",0.0,inf,inf,inf,217.264,217.264
269,T3,BESTEFFORT,COMPLETED,m1-1,67.472,"{'m1-1': 1.07, 'm2-1': 10.79, 'm3-1': 10.52, 'm4-1': 99.45, 'm5-1': 96.35, 'm6-1': 1.06, 'm7-1': 108.45, 'm8-1': 107.69}",1.605,70.761,71.83099999999999,inf,217.47199999999998,217.47199999999998
270,T1,BESTEFFORT,COMPLETED,m3-1,67.804,"{'m1-1': 1.06, 'm2-1': 10.65, 'm3-1': 10.14, 'm4-1': 105.39, 'm5-1': 103.23, 'm6-1': 1.04, 'm7-1': 97.5, 'm8-1': 92.12}",15.21,98.729,108.869,inf,217.804,217.804
271,T2,BESTEFFORT,COMPLETED,m6-1,68.341,"{'m1-1': 1.15, 'm2-1': 10.34, 'm3-1': 10.45, 'm4-1': 112.17, 'm5-1': 111.7, 'm6-1': 1.08, 'm7-1': 107.65, 'm8-1': 110.14}",1.62,71.36900000000001,72.44900000000001,inf,218.341,218.341
272,T1,BESTEFFORT,CANCELLED,,68.361,"{'m1-1': 1.08, 'm2-1': 9.41, 'm3-1': 9.56, 'm4-1': 100.87, 'm5-1': 96.29, 'm6-1': 0.93, 'm7-1': 106.1, 'm8-1': 107.92}",0.0,inf,inf,inf,218.361,218.361
273,T2,BESTEFFORT,CANCELLED,,68.562,"{'m1-1': 1.11, 'm2-1': 11.37, 'm3-1': 9.72, 'm4-1': 111.98, 'm5-1': 108.23, 'm6-1': 1.12, 'm7-1': 97.78, 'm8-1': 104.7}",0.0,inf,inf,inf,218.562,218.562
274,T2,BESTEFFORT,CANCELLED,,68.568,"{'m1-1': 1.13, 'm2-1': 11.76, 'm3-1': 10.03, 'm4-1': 116.83, 'm5-1': 111.02, 'm6-1': 1.02, 'm7-1': 107.24, 'm8-1': 110.07}",0.0,inf,inf,inf,218.56799999999998,218.56799999999998
275,T1,BESTEFFORT,CANCELLED,,68.582,"{'m1-1': 1.07, 'm2-1': 11.04, 'm3-1': 9.48, 'm4-1': 108.74, 'm5-1': 106.85, 'm6-1': 0.96, 'm7-1': 110.11, 'm8-1': 106.42}",0.0,inf,inf,inf,218.582,218.582
276,T3,BESTEFFORT,COMPLETED,m1-1,68.9,"{'m1-1': 1.14, 'm2-1': 11.08, 'm3-1': 10.15, 'm4-1': 92.65, 'm5-1': 97.47, 'm6-1': 1.07, 'm7-1': 104.63, 'm8-1': 114.77}",1.71,71.83099999999999,72.97099999999999,inf,218.9,218.9
277,T4,BESTEFFORT,COMPLETED,m6-1,69.4,"{'m1-1': 0.97, 'm2-1': 10.33, 'm3-1': 9.73, 'm4-1': 99.17, 'm5-1': 102.69, 'm6-1': 0.98, 'm7-1': 109.55, 'm8-1': 113.88}",1.47,72.44900000000001,73.42900000000002,inf,219.4,219.4
278,T1,BESTEFFORT,COMPLETED,m1-1,69.56,"{'m1-1': 1.03, 'm2-1': 9.96, 'm3-1': 9.9, 'm4-1': 107.75, 'm5-1': 105.7, 'm6-1': 1.06, 'm7-1': 107.35, 'm8-1': 106.1}",1.545,72.97099999999999,74.00099999999999,inf,219.56,219.56
279,T3,BESTEFFORT,CANCELLED,,69.681,"{'m1-1': 1.12, 'm2-1': 9.96, 'm3-1': 10.08, 'm4-1': 97.96, 'm5-1': 101.51, 'm6-1': 1.16, 'm7-1': 98.72, 'm8-1': 106.96}",0.0,inf,inf,inf,219.68099999999998,219.68099999999998
280,T2,BESTEFFORT,CANCELLED,,70.258,"{'m1-1': 1.09, 'm2-1': 10.83, 'm3-1': 10.98, 'm4-1': 106.75, 'm5-1': 112.07, 'm6-1': 0.98, 'm7-1': 103.25, 'm8-1': 115.12}",0.0,inf,inf,inf,220.25799999999998,220.25799999999998
281,T1,BESTEFFORT,COMPLETED,m6-1,70.583,"{'m1-1': 1.13, 'm2-1': 9.83, 'm3-1': 10.54, 'm4-1': 101.18, 'm5-1': 92.42, 'm6-1': 0.92, 'm7-1': 102.49, 'm8-1': 96.04}",1.3800000000000001,73.42900000000002,74.34900000000002,inf,220.583,220.583
282,T1,BESTEFFORT,COMPLETED,m1-1,70.898,"{'m1-1': 1.03, 'm2-1': 10.84, 'm3-1': 10.22, 'm4-1': 113.8, 'm5-1': 106.82, 'm6-1': 0.98, 'm7-1': 114.56, 'm8-1': 96.54}",1.545,74.00099999999999,75.03099999999999,inf,220.898,220.898
283,T1,BESTEFFORT,COMPLETED,m6-1,71.037,"{'m1-1': 1.17, 'm2-1': 10.24, 'm3-1': 10.36, 'm4-1': 107.85, 'm5-1': 94.38, 'm6-1': 0.93, 'm7-1': 102.57, 'm8-1': 93.04}",1.395,74.34900000000002,75.27900000000002,inf,221.037,221.037
284,T2,BESTEFFORT,CANCELLED,,71.485,"{'m1-1': 1.11, 'm2-1': 10.75, 'm3-1': 11.12, 'm4-1': 108.92, 'm5-1': 99.7, 'm6-1': 1.11, 'm7-1': 101.81, 'm8-1': 114.48}",0.0,inf,inf,inf,221.485,221.485
285,T1,BESTEFFORT,CANCELLED,,71.677,"{'m1-1': 1.09, 'm2-1': 10.36, 'm3-1': 9.82, 'm4-1': 107.01, 'm5-1': 99.55, 'm6-1': 1.06, 'm7-1': 102.85, 'm8-1': 92.37}",0.0,inf,inf,inf,221.67700000000002,221.67700000000002
286,T3,BESTEFFORT,COMPLETED,m2-1,71.704,"{'m1-1': 1.14, 'm2-1': 11.08, 'm3-1': 10.62, 'm4-1': 106.36, 'm5-1': 102.03, 'm6-1': 1.14, 'm7-1': 98.48, 'm8-1': 109.24}",16.62,103.731,114.81099999999999,inf,221.704,221.704
287,T3,BESTEFFORT,COMPLETED,m1-1,71.89,"{'m1-1': 1.1, 'm2-1': 10.18, 'm3-1': 10.16, 'm4-1': 93.59, 'm5-1': 104.77, 'm6-1': 1.0, 'm7-1': 105.88, 'm8-1': 104.96}",1.6500000000000001,75.03099999999999,76.13099999999999,inf,221.89,221.89
288,T1,BESTEFFORT,CANCELLED,,72.173,"{'m1-1': 1.05, 'm2-1': 9.52, 'm3-1': 9.94, 'm4-1': 98.35, 'm5-1': 99.31, 'm6-1': 1.08, 'm7-1': 100.7, 'm8-1': 104.63}",0.0,inf,inf,inf,222.173,222.173
289,T3,BESTEFFORT,CANCELLED,,72.217,"{'m1-1': 1.04, 'm2-1': 9.73, 'm3-1': 9.88, 'm4-1': 101.34, 'm5-1': 104.64, 'm6-1': 1.14, 'm7-1': 106.77, 'm8-1': 110.84}",0.0,inf,inf,inf,222.21699999999998,222.21699999999998
290,T4,BESTEFFORT,CANCELLED,,72.263,"{'m1-1': 0.99, 'm2-1': 11.35, 'm3-1': 10.51, 'm4-1': 112.91, 'm5-1': 100.45, 'm6-1': 0.98, 'm7-1': 116.73, 'm8-1': 102.8}",0.0,inf,inf,inf,222.263,222.263
291,T4,BESTEFFORT,CANCELLED,,72.312,"{'m1-1': 0.95, 'm2-1': 10.36, 'm3-1': 10.29, 'm4-1': 101.36, 'm5-1': 95.94, 'm6-1': 1.0, 'm7-1': 102.21, 'm8-1': 99.21}",0.0,inf,inf,inf,222.312,222.312
292,T1,BESTEFFORT,COMPLETED,m6-1,72.692,"{'m1-1': 1.13, 'm2-1': 10.36, 'm3-1': 10.58, 'm4-1': 104.84, 'm5-1': 108.05, 'm6-1': 0.96, 'm7-1': 112.17, 'm8-1': 98.15}",1.44,75.27900000000002,76.23900000000002,inf,222.692,222.692
293,T2,BESTEFFORT,CANCELLED,,72.791,"{'m1-1': 1.04, 'm2-1': 11.9, 'm3-1': 10.48, 'm4-1': 111.47, 'm5-1': 96.89, 'm6-1': 1.06, 'm7-1': 108.23, 'm8-1': 108.55}",0.0,inf,inf,inf,222.791,222.791
294,T3,BESTEFFORT,CANCELLED,,72.938,"{'m1-1': 1.15, 'm2-1': 9.73, 'm3-1': 9.32, 'm4-1': 102.45, 'm5-1': 105.46, 'm6-1': 1.13, 'm7-1': 97.32, 'm8-1': 105.0}",0.0,inf,inf,inf,222.938,222.938
295,T1,BESTEFFORT,COMPLETED,m1-1,73.164,"{'m1-1': 1.06, 'm2-1': 9.52, 'm3-1': 9.66, 'm4-1': 108.19, 'm5-1': 96.23, 'm6-1': 0.97, 'm7-1': 101.75, 'm8-1': 92.86}",1.59,76.13099999999999,77.19099999999999,inf,223.164,223.164
296,T1,BESTEFFORT,COMPLETED,m6-1,73.509,"{'m1-1': 1.08, 'm2-1': 10.99, 'm3-1': 9.68, 'm4-1': 112.2, 'm5-1': 100.18, 'm6-1': 0.93, 'm7-1': 107.71, 'm8-1': 98.34}",1.395,76.23900000000002,77.16900000000003,inf,223.50900000000001,223.50900000000001
297,T3,BESTEFFORT,CANCELLED,,73.67,"{'m1-1': 1.17, 'm2-1': 9.73, 'm3-1': 9.51, 'm4-1': 106.44, 'm5-1': 107.44, 'm6-1': 1.08, 'm7-1': 94.36, 'm8-1': 101.1}",0.0,inf,inf,inf,223.67000000000002,223.67000000000002
298,T3,BESTEFFORT,CANCELLED,,73.71,"{'m1-1': 1.18, 'm2-1': 9.73, 'm3-1': 10.94, 'm4-1': 107.0, 'm5-1': 97.12, 'm6-1': 1.0, 'm7-1': 107.5, 'm8-1': 112.73}",0.0,inf,inf,inf,223.70999999999998,223.70999999999998
299,T2,BESTEFFORT,COMPLETED,m1-1,74.266,"{'m1-1': 1.09, 'm2-1': 11.65, 'm3-1': 10.02, 'm4-1': 109.94, 'm5-1': 104.85, 'm6-1': 1.04, 'm7-1': 106.94, 'm8-1': 102.5}",1.6350000000000002,77.19099999999999,78.28099999999999,inf,224.26600000000002,224.26600000000002
300,T1,BESTEFFORT,CANCELLED,,74.314,"{'m1-1': 1.02, 'm2-1': 9.59, 'm3-1': 10.02, 'm4-1': 106.5, 'm5-1': 102.22, 'm6-1': 0.96, 'm7-1': 100.43, 'm8-1': 91.55}",0.0,inf,inf,inf,224.314,224.314
301,T2,BESTEFFORT,CANCELLED,,74.343,"{'m1-1': 1.09, 'm2-1': 10.1, 'm3-1': 10.85, 'm4-1': 118.17, 'm5-1': 102.44, 'm6-1': 1.04, 'm7-1': 97.51, 'm8-1': 112.42}",0.0,inf,inf,inf,224.34300000000002,224.34300000000002
302,T2,BESTEFFORT,COMPLETED,m6-1,74.787,"{'m1-1': 1.13, 'm2-1': 11.76, 'm3-1': 10.51, 'm4-1': 101.52, 'm5-1': 108.0, 'm6-1': 1.0, 'm7-1': 106.1, 'm8-1': 110.81}",1.5,77.16900000000003,78.16900000000003,inf,224.787,224.787
303,T1,BESTEFFORT,CANCELLED,,74.879,"{'m1-1': 1.15, 'm2-1': 10.22, 'm3-1': 10.02, 'm4-1': 104.03, 'm5-1': 100.51, 'm6-1': 0.97, 'm7-1': 98.98, 'm8-1': 108.24}",0.0,inf,inf,inf,224.87900000000002,224.87900000000002
304,T2,BESTEFFORT,CANCELLED,,74.91,"{'m1-1': 1.04, 'm2-1': 11.54, 'm3-1': 11.39, 'm4-1': 104.86, 'm5-1': 109.11, 'm6-1': 1.1, 'm7-1': 107.93, 'm8-1': 115.3}",0.0,inf,inf,inf,224.91,224.91
305,T3,BESTEFFORT,COMPLETED,m1-1,75.028,"{'m1-1': 1.12, 'm2-1': 10.1, 'm3-1': 9.51, 'm4-1': 95.71, 'm5-1': 97.19, 'm6-1': 1.09, 'm7-1': 101.8, 'm8-1': 101.94}",1.6800000000000002,78.28099999999999,79.401,inf,225.02800000000002,225.02800000000002
306,T4,BESTEFFORT,COMPLETED,m6-1,75.183,"{'m1-1': 1.02, 'm2-1': 9.61, 'm3-1': 10.42, 'm4-1': 100.24, 'm5-1': 91.62, 'm6-1': 1.02, 'm7-1': 112.79, 'm8-1': 109.56}",1.53,78.16900000000003,79.18900000000002,inf,225.183,225.183
307,T3,BESTEFFORT,CANCELLED,,75.342,"{'m1-1': 1.09, 'm2-1': 10.4, 'm3-1': 10.52, 'm4-1': 100.61, 'm5-1': 101.83, 'm6-1': 1.17, 'm7-1': 95.57, 'm8-1': 112.83}",0.0,inf,inf,inf,225.34199999999998,225.34199999999998
308,T4,BESTEFFORT,CANCELLED,,75.952,"{'m1-1': 1.0, 'm2-1': 11.36, 'm3-1': 10.14, 'm4-1': 95.62, 'm5-1': 91.91, 'm6-1': 1.03, 'm7-1': 109.55, 'm8-1': 110.76}",0.0,inf,inf,inf,225.952,225.952
309,T4,BESTEFFORT,COMPLETED,m1-1,76.159,"{'m1-1': 1.08, 'm2-1': 10.84, 'm3-1': 9.93, 'm4-1': 102.89, 'm5-1': 108.66, 'm6-1': 1.07, 'm7-1': 115.19, 'm8-1': 111.6}",1.62,79.401,80.481,inf,226.159,226.159
310,T1,BESTEFFORT,COMPLETED,m6-1,76.41,"{'m1-1': 1.12, 'm2-1': 9.56, 'm3-1': 10.41, 'm4-1': 98.61, 'm5-1': 103.38, 'm6-1': 0.94, 'm7-1': 103.37, 'm8-1': 100.78}",1.41,79.18900000000002,80.12900000000002,inf,226.41,226.41
311,T4,BESTEFFORT,CANCELLED,,76.487,"{'m1-1': 0.96, 'm2-1': 10.48, 'm3-1': 9.77, 'm4-1': 99.56, 'm5-1': 98.42, 'm6-1': 1.03, 'm7-1': 106.54, 'm8-1': 96.94}",0.0,inf,inf,inf,226.487,226.487
312,T2,BESTEFFORT,CANCELLED,,76.898,"{'m1-1': 1.17, 'm2-1': 11.26, 'm3-1': 10.68, 'm4-1': 106.12, 'm5-1': 109.77, 'm6-1': 1.13, 'm7-1': 101.43, 'm8-1': 104.53}",0.0,inf,inf,inf,226.898,226.898
313,T4,BESTEFFORT,COMPLETED,m6-1,77.343,"{'m1-1': 0.92, 'm2-1': 11.28, 'm3-1': 9.79, 'm4-1': 104.65, 'm5-1': 100.12, 'm6-1': 1.11, 'm7-1': 105.3, 'm8-1': 103.66}",1.665,80.12900000000002,81.23900000000002,inf,227.34300000000002,227.34300000000002
314,T1,BESTEFFORT,COMPLETED,m1-1,77.616,"{'m1-1': 1.08, 'm2-1': 10.11, 'm3-1': 10.55, 'm4-1': 106.92, 'm5-1': 108.99, 'm6-1': 1.09, 'm7-1': 112.12, 'm8-1': 94.99}",1.62,80.481,81.56099999999999,inf,227.61599999999999,227.61599999999999
315,T3,BESTEFFORT,COMPLETED,m3-1,77.731,"{'m1-1': 1.17, 'm2-1': 10.86, 'm3-1': 10.45, 'm4-1': 99.59, 'm5-1': 112.12, 'm6-1': 1.12, 'm7-1': 96.78, 'm8-1': 109.24}",15.674999999999999,108.869,119.319,inf,227.731,227.731
316,T2,BESTEFFORT,CANCELLED,,77.875,"{'m1-1': 1.19, 'm2-1': 10.77, 'm3-1': 10.41, 'm4-1': 116.1, 'm5-1': 106.27, 'm6-1': 1.08, 'm7-1': 100.16, 'm8-1': 100.41}",0.0,inf,inf,inf,227.875,227.875
317,T4,BESTEFFORT,CANCELLED,,77.993,"{'m1-1': 0.94, 'm2-1': 10.62, 'm3-1': 9.68, 'm4-1': 105.9, 'm5-1': 108.66, 'm6-1': 1.0, 'm7-1': 103.58, 'm8-1': 112.36}",0.0,inf,inf,inf,227.993,227.993
318,T2,BESTEFFORT,COMPLETED,m6-1,78.276,"{'m1-1': 1.12, 'm2-1': 10.37, 'm3-1': 10.93, 'm4-1': 113.66, 'm5-1': 109.43, 'm6-1': 1.09, 'm7-1': 106.03, 'm8-1': 111.4}",1.6350000000000002,81.23900000000002,82.32900000000002,inf,228.276,228.276
319,T2,BESTEFFORT,COMPLETED,m1-1,78.342,"{'m1-1': 1.16, 'm2-1': 10.24, 'm3-1': 11.41, 'm4-1': 103.76, 'm5-1': 103.2, 'm6-1': 1.15, 'm7-1': 101.37, 'm8-1': 112.54}",1.7399999999999998,81.56099999999999,82.72099999999999,inf,228.34199999999998,228.34199999999998
320,T2,BESTEFFORT,CANCELLED,,78.715,"{'m1-1': 1.12, 'm2-1': 10.56, 'm3-1': 10.51, 'm4-1': 105.0, 'm5-1': 107.6, 'm6-1': 1.04, 'm7-1': 94.73, 'm8-1': 114.62}",0.0,inf,inf,inf,228.715,228.715
321,T2,BESTEFFORT,CANCELLED,,79.108,"{'m1-1': 1.06, 'm2-1': 11.74, 'm3-1': 11.39, 'm4-1': 105.69, 'm5-1': 98.06, 'm6-1': 1.07, 'm7-1': 109.37, 'm8-1': 100.43}",0.0,inf,inf,inf,229.108,229.108
322,T1,BESTEFFORT,COMPLETED,m6-1,79.114,"{'m1-1': 1.09, 'm2-1': 9.62, 'm3-1': 9.73, 'm4-1': 106.63, 'm5-1': 96.35, 'm6-1': 1.03, 'm7-1': 100.49, 'm8-1': 94.66}",1.545,82.32900000000002,83.35900000000002,inf,229.114,229.114
323,T1,BESTEFFORT,COMPLETED,m1-1,79.454,"{'m1-1': 1.17, 'm2-1': 9.57, 'm3-1': 9.75, 'm4-1': 101.61, 'm5-1': 109.06, 'm6-1': 1.03, 'm7-1': 103.41, 'm8-1': 94.83}",1.755,82.72099999999999,83.89099999999999,inf,229.454,229.454
324,T1,BESTEFFORT,CANCELLED,,79.69,"{'m1-1': 1.12, 'm2-1': 10.37, 'm3-1': 10.56, 'm4-1': 104.75, 'm5-1': 100.23, 'm6-1': 0.96, 'm7-1': 102.14, 'm8-1': 93.8}",0.0,inf,inf,inf,229.69,229.69
325,T3,BESTEFFORT,CANCELLED,,79.845,"{'m1-1': 1.03, 'm2-1': 11.24, 'm3-1': 10.52, 'm4-1': 94.76, 'm5-1': 103.21, 'm6-1': 1.13, 'm7-1': 103.7, 'm8-1': 110.88}",0.0,inf,inf,inf,229.845,229.845
326,T4,BESTEFFORT,COMPLETED,m6-1,80.164,"{'m1-1': 0.99, 'm2-1': 10.58, 'm3-1': 10.62, 'm4-1': 107.75, 'm5-1': 98.81, 'm6-1': 1.01, 'm7-1': 106.01, 'm8-1': 113.85}",1.5150000000000001,83.35900000000002,84.36900000000003,inf,230.164,230.164
327,T3,BESTEFFORT,CANCELLED,,80.271,"{'m1-1': 1.02, 'm2-1': 10.42, 'm3-1': 9.52, 'm4-1': 104.62, 'm5-1': 97.19, 'm6-1': 1.16, 'm7-1': 107.5, 'm8-1': 116.53}",0.0,inf,inf,inf,230.27100000000002,230.27100000000002
328,T1,BESTEFFORT,CANCELLED,,80.391,"{'m1-1': 1.17, 'm2-1': 9.84, 'm3-1': 10.12, 'm4-1': 113.27, 'm5-1': 99.9, 'm6-1': 0.94, 'm7-1': 97.29, 'm8-1': 108.24}",0.0,inf,inf,inf,230.39100000000002,230.39100000000002
329,T2,BESTEFFORT,CANCELLED,,80.416,"{'m1-1': 1.07, 'm2-1': 10.77, 'm3-1': 10.96, 'm4-1': 101.27, 'm5-1': 102.14, 'm6-1': 1.14, 'm7-1': 109.98, 'm8-1': 100.95}",0.0,inf,inf,inf,230.416,230.416
330,T4,BESTEFFORT,CANCELLED,,80.428,"{'m1-1': 1.01, 'm2-1': 10.81, 'm3-1': 10.12, 'm4-1': 101.07, 'm5-1': 92.07, 'm6-1': 0.98, 'm7-1': 105.94, 'm8-1': 100.88}",0.0,inf,inf,inf,230.428,230.428
331,T1,BESTEFFORT,COMPLETED,m1-1,80.534,"{'m1-1': 1.0, 'm2-1': 9.39, 'm3-1': 10.55, 'm4-1': 107.53, 'm5-1': 92.09, 'm6-1': 0.94, 'm7-1': 97.52, 'm8-1': 94.4}",1.5,83.89099999999999,84.89099999999999,inf,230.534,230.534
332,T3,BESTEFFORT,CANCELLED,,80.697,"{'m1-1': 1.02, 'm2-1': 11.28, 'm3-1': 9.56, 'm4-1': 96.69, 'm5-1': 103.73, 'm6-1': 1.09, 'm7-1': 103.28, 'm8-1': 108.22}",0.0,inf,inf,inf,230.697,230.697
333,T1,BESTEFFORT,CANCELLED,,80.722,"{'m1-1': 1.05, 'm2-1': 9.43, 'm3-1': 10.08, 'm4-1': 106.11, 'm5-1': 93.37, 'm6-1': 0.99, 'm7-1': 102.52, 'm8-1': 94.09}",0.0,inf,inf,inf,230.72199999999998,230.72199999999998
334,T1,BESTEFFORT,CANCELLED,,81.004,"{'m1-1': 1.08, 'm2-1': 9.74, 'm3-1': 9.96, 'm4-1': 113.32, 'm5-1': 102.37, 'm6-1': 1.0, 'm7-1': 111.88, 'm8-1': 94.03}",0.0,inf,inf,inf,231.00400000000002,231.00400000000002
335,T1,BESTEFFORT,CANCELLED,,81.047,"{'m1-1': 1.09, 'm2-1': 10.78, 'm3-1': 10.55, 'm4-1': 100.3, 'm5-1': 101.49, 'm6-1': 0.95, 'm7-1': 109.85, 'm8-1': 100.22}",0.0,inf,inf,inf,231.047,231.047
336,T1,BESTEFFORT,COMPLETED,m6-1,81.304,"{'m1-1': 1.16, 'm2-1': 9.82, 'm3-1': 9.94, 'm4-1': 98.22, 'm5-1': 101.39, 'm6-1': 1.03, 'm7-1': 105.96, 'm8-1': 105.72}",1.545,84.36900000000003,85.39900000000003,inf,231.304,231.304
337,T2,BESTEFFORT,COMPLETED,m1-1,81.431,"{'m1-1': 1.07, 'm2-1': 10.49, 'm3-1': 9.93, 'm4-1': 113.1, 'm5-1': 103.52, 'm6-1': 1.1, 'm7-1': 104.91, 'm8-1': 112.68}",1.605,84.89099999999999,85.96099999999998,inf,231.43099999999998,231.43099999999998
338,T3,BESTEFFORT,COMPLETED,m2-1,81.77,"{'m1-1': 1.19, 'm2-1': 10.94, 'm3-1': 10.74, 'm4-1': 93.59, 'm5-1': 109.6, 'm6-1': 1.11, 'm7-1': 101.32, 'm8-1': 108.33}",16.41,114.81099999999999,125.75099999999999,inf,231.76999999999998,231.76999999999998
339,T1,BESTEFFORT,COMPLETED,m6-1,82.287,"{'m1-1': 1.04, 'm2-1': 9.83, 'm3-1': 10.34, 'm4-1': 100.87, 'm5-1': 96.52, 'm6-1': 0.98, 'm7-1': 100.54, 'm8-1': 95.51}",1.47,85.39900000000003,86.37900000000003,inf,232.287,232.287
340,T1,BESTEFFORT,COMPLETED,m1-1,83.293,"{'m1-1': 1.03, 'm2-1': 9.72, 'm3-1': 9.45, 'm4-1': 105.36, 'm5-1': 103.27, 'm6-1': 1.03, 'm7-1': 109.24, 'm8-1': 99.18}",1.545,85.96099999999998,86.99099999999999,inf,233.293,233.293
341,T3,BESTEFFORT,COMPLETED,m6-1,83.341,"{'m1-1': 1.02, 'm2-1': 11.16, 'm3-1': 10.79, 'm4-1': 103.73, 'm5-1': 107.58, 'm6-1': 1.14, 'm7-1': 98.8, 'm8-1': 101.18}",1.71,86.37900000000003,87.51900000000003,inf,233.341,233.341
342,T2,BESTEFFORT,CANCELLED,,83.613,"{'m1-1': 1.03, 'm2-1': 11.2, 'm3-1': 10.67, 'm4-1': 108.77, 'm5-1': 110.26, 'm6-1': 1.12, 'm7-1': 107.91, 'm8-1': 101.75}",0.0,inf,inf,inf,233.613,233.613
343,T3,BESTEFFORT,CANCELLED,,83.839,"{'m1-1': 1.18, 'm2-1': 11.01, 'm3-1': 11.01, 'm4-1': 102.24, 'm5-1': 109.51, 'm6-1': 1.18, 'm7-1': 97.29, 'm8-1': 115.58}",0.0,inf,inf,inf,233.839,233.839
344,T1,BESTEFFORT,COMPLETED,m1-1,84.054,"{'m1-1': 1.04, 'm2-1': 9.42, 'm3-1': 9.69, 'm4-1': 105.39, 'm5-1': 100.23, 'm6-1': 1.01, 'm7-1': 115.64, 'm8-1': 91.61}",1.56,86.99099999999999,88.03099999999999,inf,234.054,234.054
345,T2,BESTEFFORT,COMPLETED,m6-1,84.252,"{'m1-1': 1.01, 'm2-1': 10.4, 'm3-1': 10.83, 'm4-1': 102.97, 'm5-1': 105.31, 'm6-1': 1.04, 'm7-1': 98.04, 'm8-1': 102.33}",1.56,87.51900000000003,88.55900000000004,inf,234.252,234.252
346,T2,BESTEFFORT,COMPLETED,m1-1,84.379,"{'m1-1': 1.18, 'm2-1': 10.29, 'm3-1': 10.98, 'm4-1': 106.26, 'm5-1': 97.14, 'm6-1': 1.03, 'm7-1': 97.49, 'm8-1': 114.68}",1.77,88.03099999999999,89.211,inf,234.37900000000002,234.37900000000002
347,T4,BESTEFFORT,CANCELLED,,84.943,"{'m1-1': 0.93, 'm2-1': 9.64, 'm3-1': 9.6, 'm4-1': 110.78, 'm5-1': 107.51, 'm6-1': 1.08, 'm7-1': 114.24, 'm8-1': 101.87}",0.0,inf,inf,inf,234.94299999999998,234.94299999999998
348,T1,BESTEFFORT,CANCELLED,,85.384,"{'m1-1': 1.06, 'm2-1': 10.32, 'm3-1': 9.87, 'm4-1': 107.41, 'm5-1': 101.26, 'm6-1': 0.96, 'm7-1': 108.74, 'm8-1': 91.55}",0.0,inf,inf,inf,235.38400000000001,235.38400000000001
349,T2,BESTEFFORT,COMPLETED,m6-1,85.628,"{'m1-1': 1.07, 'm2-1': 10.95, 'm3-1': 10.27, 'm4-1': 115.49, 'm5-1': 108.62, 'm6-1': 1.13, 'm7-1': 94.26, 'm8-1': 111.96}",1.6949999999999998,88.55900000000004,89.68900000000004,inf,235.628,235.628
350,T4,BESTEFFORT,COMPLETED,m1-1,85.868,"{'m1-1': 1.05, 'm2-1': 9.85, 'm3-1': 9.2, 'm4-1': 100.25, 'm5-1': 93.33, 'm6-1': 1.07, 'm7-1': 117.61, 'm8-1': 113.66}",1.5750000000000002,89.211,90.261,inf,235.868,235.868
351,T2,BESTEFFORT,COMPLETED,m1-1,87.059,"{'m1-1': 1.16, 'm2-1': 11.24, 'm3-1': 11.4, 'm4-1': 104.52, 'm5-1': 100.64, 'm6-1': 1.12, 'm7-1': 103.41, 'm8-1': 106.8}",1.7399999999999998,90.261,91.42099999999999,inf,237.059,237.059
352,T1,BESTEFFORT,COMPLETED,m6-1,87.072,"{'m1-1': 1.0, 'm2-1': 9.65, 'm3-1': 10.06, 'm4-1': 108.21, 'm5-1': 107.97, 'm6-1': 1.09, 'm7-1': 106.75, 'm8-1': 97.44}",1.6350000000000002,89.68900000000004,90.77900000000004,inf,237.072,237.072
353,T3,BESTEFFORT,COMPLETED,m6-1,87.373,"{'m1-1': 1.04, 'm2-1': 9.84, 'm3-1': 9.31, 'm4-1': 106.01, 'm5-1': 111.21, 'm6-1': 1.0, 'm7-1': 94.93, 'm8-1': 112.46}",1.5,90.77900000000004,91.77900000000004,inf,237.373,237.373
354,T1,BESTEFFORT,COMPLETED,m3-1,87.542,"{'m1-1': 1.04, 'm2-1': 9.52, 'm3-1': 10.53, 'm4-1': 105.9, 'm5-1': 98.23, 'm6-1': 0.99, 'm7-1': 108.73, 'm8-1': 104.49}",15.794999999999998,119.319,129.849,inf,237.542,237.542
355,T2,BESTEFFORT,COMPLETED,m1-1,87.883,"{'m1-1': 1.09, 'm2-1': 10.57, 'm3-1': 10.48, 'm4-1': 116.5, 'm5-1': 106.93, 'm6-1': 1.13, 'm7-1': 107.22, 'm8-1': 108.28}",1.6350000000000002,91.42099999999999,92.511,inf,237.88299999999998,237.88299999999998
356,T4,BESTEFFORT,COMPLETED,m6-1,88.043,"{'m1-1': 1.08, 'm2-1': 10.24, 'm3-1': 10.84, 'm4-1': 105.83, 'm5-1': 96.73, 'm6-1': 1.04, 'm7-1': 118.0, 'm8-1': 96.79}",1.56,91.77900000000004,92.81900000000005,inf,238.043,238.043
357,T3,BESTEFFORT,CANCELLED,,88.6,"{'m1-1': 1.01, 'm2-1': 11.31, 'm3-1': 10.36, 'm4-1': 100.93, 'm5-1': 97.86, 'm6-1': 1.1, 'm7-1': 106.77, 'm8-1': 113.12}",0.0,inf,inf,inf,238.6,238.6
358,T4,BESTEFFORT,CANCELLED,,88.646,"{'m1-1': 1.06, 'm2-1': 9.87, 'm3-1': 9.84, 'm4-1': 107.2, 'm5-1': 95.31, 'm6-1': 1.12, 'm7-1': 117.92, 'm8-1': 112.04}",0.0,inf,inf,inf,238.64600000000002,238.64600000000002
359,T1,BESTEFFORT,COMPLETED,m1-1,89.176,"{'m1-1': 1.01, 'm2-1': 10.09, 'm3-1': 10.72, 'm4-1': 103.74, 'm5-1': 104.93, 'm6-1': 0.93, 'm7-1': 100.92, 'm8-1': 92.65}",1.5150000000000001,92.511,93.521,inf,239.176,239.176
360,T2,BESTEFFORT,COMPLETED,m6-1,89.357,"{'m1-1': 1.12, 'm2-1': 10.5, 'm3-1': 10.8, 'm4-1': 102.63, 'm5-1': 104.85, 'm6-1': 0.98, 'm7-1': 97.63, 'm8-1': 102.87}",1.47,92.81900000000005,93.79900000000005,inf,239.357,239.357
361,T4,BESTEFFORT,CANCELLED,,89.826,"{'m1-1': 1.01, 'm2-1': 11.1, 'm3-1': 9.44, 'm4-1': 105.9, 'm5-1': 101.32, 'm6-1': 1.05, 'm7-1': 113.04, 'm8-1': 103.65}",0.0,inf,inf,inf,239.826,239.826
362,T2,BESTEFFORT,CANCELLED,,90.037,"{'m1-1': 1.12, 'm2-1': 11.54, 'm3-1': 11.02, 'm4-1': 105.96, 'm5-1': 106.81, 'm6-1': 1.05, 'm7-1': 96.3, 'm8-1': 111.61}",0.0,inf,inf,inf,240.037,240.037
363,T3,BESTEFFORT,COMPLETED,m1-1,90.528,"{'m1-1': 1.12, 'm2-1': 10.6, 'm3-1': 9.4, 'm4-1': 99.45, 'm5-1': 104.84, 'm6-1': 1.05, 'm7-1': 104.21, 'm8-1': 102.78}",1.6800000000000002,93.521,94.641,inf,240.52800000000002,240.52800000000002
364,T2,BESTEFFORT,COMPLETED,m6-1,90.777,"{'m1-1': 1.15, 'm2-1': 11.52, 'm3-1': 10.75, 'm4-1': 110.44, 'm5-1': 112.11, 'm6-1': 1.01, 'm7-1': 106.26, 'm8-1': 108.28}",1.5150000000000001,93.79900000000005,94.80900000000005,inf,240.777,240.777
365,T1,BESTEFFORT,CANCELLED,,91.294,"{'m1-1': 0.99, 'm2-1': 10.62, 'm3-1': 10.34, 'm4-1': 100.12, 'm5-1': 107.99, 'm6-1': 1.05, 'm7-1': 100.72, 'm8-1': 105.85}",0.0,inf,inf,inf,241.29399999999998,241.29399999999998
366,T2,BESTEFFORT,CANCELLED,,91.335,"{'m1-1': 1.19, 'm2-1': 10.14, 'm3-1': 10.13, 'm4-1': 117.18, 'm5-1': 109.03, 'm6-1': 1.09, 'm7-1': 94.39, 'm8-1': 112.26}",0.0,inf,inf,inf,241.33499999999998,241.33499999999998
367,T2,BESTEFFORT,COMPLETED,m1-1,91.361,"{'m1-1': 1.05, 'm2-1': 10.85, 'm3-1': 11.27, 'm4-1': 106.12, 'm5-1': 112.11, 'm6-1': 1.0, 'm7-1': 94.69, 'm8-1': 111.14}",1.5750000000000002,94.641,95.691,inf,241.361,241.361
368,T2,BESTEFFORT,CANCELLED,,91.475,"{'m1-1': 1.05, 'm2-1': 10.28, 'm3-1': 10.59, 'm4-1': 108.9, 'm5-1': 112.43, 'm6-1': 1.08, 'm7-1': 111.51, 'm8-1': 115.12}",0.0,inf,inf,inf,241.475,241.475
369,T2,BESTEFFORT,CANCELLED,,91.507,"{'m1-1': 1.16, 'm2-1': 10.16, 'm3-1': 10.05, 'm4-1': 113.46, 'm5-1': 110.06, 'm6-1': 1.1, 'm7-1': 98.91, 'm8-1': 104.68}",0.0,inf,inf,inf,241.507,241.507
370,T1,BESTEFFORT,COMPLETED,m6-1,92.178,"{'m1-1': 1.0, 'm2-1': 10.94, 'm3-1': 9.65, 'm4-1': 96.5, 'm5-1': 96.07, 'm6-1': 1.08, 'm7-1': 114.06, 'm8-1': 92.74}",1.62,94.80900000000005,95.88900000000005,inf,242.178,242.178
371,T2,BESTEFFORT,COMPLETED,m1-1,92.518,"{'m1-1': 1.05, 'm2-1': 10.46, 'm3-1': 11.36, 'm4-1': 100.35, 'm5-1': 101.9, 'm6-1': 1.15, 'm7-1': 111.79, 'm8-1': 113.79}",1.5750000000000002,95.691,96.741,inf,242.518,242.518
372,T4,BESTEFFORT,COMPLETED,m6-1,92.743,"{'m1-1': 1.03, 'm2-1': 10.26, 'm3-1': 10.22, 'm4-1': 104.17, 'm5-1': 95.63, 'm6-1': 1.07, 'm7-1': 100.65, 'm8-1': 113.39}",1.605,95.88900000000005,96.95900000000005,inf,242.743,242.743
373,T2,BESTEFFORT,CANCELLED,,92.896,"{'m1-1': 1.02, 'm2-1': 10.85, 'm3-1': 10.21, 'm4-1': 110.56, 'm5-1': 104.36, 'm6-1': 1.02, 'm7-1': 104.26, 'm8-1': 100.04}",0.0,inf,inf,inf,242.89600000000002,242.89600000000002
374,T3,BESTEFFORT,CANCELLED,,93.074,"{'m1-1': 1.08, 'm2-1': 10.94, 'm3-1': 10.25, 'm4-1': 100.62, 'm5-1': 112.46, 'm6-1': 1.01, 'm7-1': 95.42, 'm8-1': 116.48}",0.0,inf,inf,inf,243.074,243.074
375,T4,BESTEFFORT,COMPLETED,m2-1,93.09,"{'m1-1': 0.92, 'm2-1': 10.86, 'm3-1': 9.32, 'm4-1': 100.59, 'm5-1': 108.17, 'm6-1': 1.09, 'm7-1': 106.76, 'm8-1': 113.5}",16.29,125.75099999999999,136.611,inf,243.09,243.09
376,T1,BESTEFFORT,COMPLETED,m1-1,93.244,"{'m1-1': 1.14, 'm2-1': 9.42, 'm3-1': 10.12, 'm4-1': 96.5, 'm5-1': 99.38, 'm6-1': 1.0, 'm7-1': 111.18, 'm8-1': 96.04}",1.71,96.741,97.881,inf,243.244,243.244
377,T1,BESTEFFORT,CANCELLED,,93.587,"{'m1-1': 1.1, 'm2-1': 10.46, 'm3-1': 10.37, 'm4-1': 108.6, 'm5-1': 99.1, 'm6-1': 1.09, 'm7-1': 99.06, 'm8-1': 105.26}",0.0,inf,inf,inf,243.587,243.587
378,T2,BESTEFFORT,CANCELLED,,93.606,"{'m1-1': 1.16, 'm2-1': 10.48, 'm3-1': 10.14, 'm4-1': 112.59, 'm5-1': 96.16, 'm6-1': 1.07, 'm7-1': 104.18, 'm8-1': 99.73}",0.0,inf,inf,inf,243.606,243.606
379,T3,BESTEFFORT,COMPLETED,m6-1,93.786,"{'m1-1': 1.02, 'm2-1': 10.06, 'm3-1': 10.11, 'm4-1': 96.6, 'm5-1': 110.64, 'm6-1': 1.12, 'm7-1': 109.42, 'm8-1': 114.64}",1.6800000000000002,96.95900000000005,98.07900000000005,inf,243.786,243.786
380,T1,BESTEFFORT,CANCELLED,,94.079,"{'m1-1': 1.13, 'm2-1': 10.61, 'm3-1': 11.0, 'm4-1': 104.23, 'm5-1': 101.82, 'm6-1': 1.03, 'm7-1': 108.32, 'm8-1': 98.28}",0.0,inf,inf,inf,244.079,244.079
381,T4,BESTEFFORT,CANCELLED,,94.132,"{'m1-1': 1.05, 'm2-1': 11.2, 'm3-1': 10.5, 'm4-1': 110.82, 'm5-1': 104.12, 'm6-1': 0.96, 'm7-1': 107.86, 'm8-1': 107.62}",0.0,inf,inf,inf,244.132,244.132
382,T1,BESTEFFORT,CANCELLED,,94.215,"{'m1-1': 1.0, 'm2-1': 10.5, 'm3-1': 9.88, 'm4-1': 110.2, 'm5-1': 98.37, 'm6-1': 1.09, 'm7-1': 106.42, 'm8-1': 103.19}",0.0,inf,inf,inf,244.215,244.215
383,T4,BESTEFFORT,CANCELLED,,94.337,"{'m1-1': 1.0, 'm2-1': 10.01, 'm3-1': 9.23, 'm4-1': 110.17, 'm5-1': 102.21, 'm6-1': 1.04, 'm7-1': 101.19, 'm8-1': 99.94}",0.0,inf,inf,inf,244.337,244.337
384,T1,BESTEFFORT,COMPLETED,m1-1,94.454,"{'m1-1': 1.16, 'm2-1': 9.62, 'm3-1': 11.12, 'm4-1': 109.3, 'm5-1': 93.3, 'm6-1': 1.03, 'm7-1': 112.64, 'm8-1': 92.0}",1.7399999999999998,97.881,99.041,inf,244.454,244.454
385,T4,BESTEFFORT,COMPLETED,m6-1,94.823,"{'m1-1': 0.93, 'm2-1': 10.18, 'm3-1': 10.12, 'm4-1': 105.78, 'm5-1': 99.72, 'm6-1': 0.98, 'm7-1': 118.2, 'm8-1': 113.09}",1.47,98.07900000000005,99.05900000000005,inf,244.82299999999998,244.82299999999998
386,T4,BESTEFFORT,CANCELLED,,94.847,"{'m1-1': 1.06, 'm2-1': 11.01, 'm3-1': 9.26, 'm4-1': 97.23, 'm5-1': 95.94, 'm6-1': 1.07, 'm7-1': 111.99, 'm8-1': 108.29}",0.0,inf,inf,inf,244.84699999999998,244.84699999999998
387,T3,BESTEFFORT,CANCELLED,,95.154,"{'m1-1': 1.03, 'm2-1': 10.8, 'm3-1': 9.42, 'm4-1': 100.15, 'm5-1': 110.7, 'm6-1': 1.18, 'm7-1': 107.34, 'm8-1': 104.03}",0.0,inf,inf,inf,245.154,245.154
388,T3,BESTEFFORT,CANCELLED,,95.296,"{'m1-1': 1.06, 'm2-1': 10.03, 'm3-1': 10.78, 'm4-1': 102.64, 'm5-1': 110.65, 'm6-1': 1.17, 'm7-1': 108.59, 'm8-1': 114.71}",0.0,inf,inf,inf,245.296,245.296
389,T4,BESTEFFORT,CANCELLED,,95.658,"{'m1-1': 1.03, 'm2-1': 9.8, 'm3-1': 10.28, 'm4-1': 112.34, 'm5-1': 93.87, 'm6-1': 1.08, 'm7-1': 117.86, 'm8-1': 107.77}",0.0,inf,inf,inf,245.65800000000002,245.65800000000002
390,T3,BESTEFFORT,COMPLETED,m1-1,95.686,"{'m1-1': 1.06, 'm2-1': 10.51, 'm3-1': 10.84, 'm4-1': 100.78, 'm5-1': 112.23, 'm6-1': 1.09, 'm7-1': 94.7, 'm8-1': 113.15}",1.59,99.041,100.101,inf,245.686,245.686
391,T1,BESTEFFORT,COMPLETED,m6-1,95.861,"{'m1-1': 1.04, 'm2-1': 10.24, 'm3-1': 9.78, 'm4-1': 99.16, 'm5-1': 107.11, 'm6-1': 0.94, 'm7-1': 109.91, 'm8-1': 92.8}",1.41,99.05900000000005,99.99900000000005,inf,245.861,245.861
392,T2,BESTEFFORT,CANCELLED,,95.988,"{'m1-1': 1.12, 'm2-1': 11.26, 'm3-1': 10.79, 'm4-1': 115.83, 'm5-1': 96.49, 'm6-1': 1.1, 'm7-1': 101.88, 'm8-1': 100.57}",0.0,inf,inf,inf,245.988,245.988
393,T2,BESTEFFORT,CANCELLED,,96.274,"{'m1-1': 1.17, 'm2-1': 11.68, 'm3-1': 10.95, 'm4-1': 112.4, 'm5-1': 108.71, 'm6-1': 1.06, 'm7-1': 96.35, 'm8-1': 109.44}",0.0,inf,inf,inf,246.274,246.274
394,T1,BESTEFFORT,COMPLETED,m1-1,96.726,"{'m1-1': 0.99, 'm2-1': 10.82, 'm3-1': 9.53, 'm4-1': 106.66, 'm5-1': 105.57, 'm6-1': 0.98, 'm7-1': 97.63, 'm8-1': 102.77}",1.4849999999999999,100.101,101.091,inf,246.726,246.726
395,T2,BESTEFFORT,COMPLETED,m6-1,96.803,"{'m1-1': 1.14, 'm2-1': 11.52, 'm3-1': 10.83, 'm4-1': 112.61, 'm5-1': 99.44, 'm6-1': 1.03, 'm7-1': 103.43, 'm8-1': 97.54}",1.545,99.99900000000005,101.02900000000005,inf,246.803,246.803
396,T4,BESTEFFORT,CANCELLED,,97.244,"{'m1-1': 1.01, 'm2-1': 10.66, 'm3-1': 10.09, 'm4-1': 105.01, 'm5-1': 93.29, 'm6-1': 1.08, 'm7-1': 101.34, 'm8-1': 110.84}",0.0,inf,inf,inf,247.244,247.244
397,T1,BESTEFFORT,CANCELLED,,97.725,"{'m1-1': 1.08, 'm2-1': 10.02, 'm3-1': 9.52, 'm4-1': 102.68, 'm5-1': 107.23, 'm6-1': 0.98, 'm7-1': 109.97, 'm8-1': 96.25}",0.0,inf,inf,inf,247.725,247.725
398,T4,BESTEFFORT,COMPLETED,m1-1,97.895,"{'m1-1': 1.08, 'm2-1': 10.57, 'm3-1': 9.25, 'm4-1': 102.68, 'm5-1': 98.22, 'm6-1': 1.12, 'm7-1': 114.41, 'm8-1': 100.05}",1.62,101.091,102.17099999999999,inf,247.89499999999998,247.89499999999998
399,T4,BESTEFFORT,CANCELLED,,97.927,"{'m1-1': 1.0, 'm2-1': 10.7, 'm3-1': 10.19, 'm4-1': 106.18, 'm5-1': 92.26, 'm6-1': 0.98, 'm7-1': 117.42, 'm8-1': 112.24}",0.0,inf,inf,inf,247.92700000000002,247.92700000000002
400,T4,BESTEFFORT,CANCELLED,,97.964,"{'m1-1': 0.92, 'm2-1': 10.43, 'm3-1': 10.51, 'm4-1': 99.93, 'm5-1': 98.96, 'm6-1': 1.04, 'm7-1': 109.24, 'm8-1': 107.58}",0.0,inf,inf,inf,247.964,247.964
401,T2,BESTEFFORT,COMPLETED,m6-1,98.211,"{'m1-1': 1.08, 'm2-1': 10.64, 'm3-1': 11.28, 'm4-1': 100.74, 'm5-1': 99.34, 'm6-1': 0.98, 'm7-1': 105.9, 'm8-1': 104.14}",1.47,101.02900000000005,102.00900000000006,inf,248.211,248.211
402,T3,BESTEFFORT,CANCELLED,,98.29,"{'m1-1': 1.04, 'm2-1': 11.03, 'm3-1': 10.35, 'm4-1': 107.18, 'm5-1': 108.59, 'm6-1': 1.11, 'm7-1': 108.68, 'm8-1': 103.93}",0.0,inf,inf,inf,248.29000000000002,248.29000000000002
403,T2,BESTEFFORT,CANCELLED,,98.471,"{'m1-1': 1.07, 'm2-1': 11.82, 'm3-1': 10.51, 'm4-1': 116.56, 'm5-1': 101.78, 'm6-1': 1.12, 'm7-1': 103.01, 'm8-1': 115.12}",0.0,inf,inf,inf,248.471,248.471
404,T2,BESTEFFORT,COMPLETED,m3-1,98.551,"{'m1-1': 1.13, 'm2-1': 10.92, 'm3-1': 10.39, 'm4-1': 113.46, 'm5-1': 97.59, 'm6-1': 1.11, 'm7-1': 110.79, 'm8-1': 115.25}",15.585,129.849,140.23899999999998,inf,248.551,248.551
405,T2,BESTEFFORT,COMPLETED,m1-1,98.893,"{'m1-1': 1.04, 'm2-1': 10.63, 'm3-1': 10.4, 'm4-1': 115.58, 'm5-1': 111.54, 'm6-1': 1.07, 'm7-1': 110.2, 'm8-1': 115.12}",1.56,102.17099999999999,103.211,inf,248.893,248.893
406,T2,BESTEFFORT,COMPLETED,m6-1,99.069,"{'m1-1': 1.04, 'm2-1': 10.45, 'm3-1': 10.1, 'm4-1': 105.15, 'm5-1': 109.56, 'm6-1': 1.02, 'm7-1': 105.82, 'm8-1': 100.47}",1.53,102.00900000000006,103.02900000000005,inf,249.06900000000002,249.06900000000002
407,T1,BESTEFFORT,COMPLETED,m6-1,100.885,"{'m1-1': 1.1, 'm2-1': 9.99, 'm3-1': 10.89, 'm4-1': 97.91, 'm5-1': 94.15, 'm6-1': 1.05, 'm7-1': 114.98, 'm8-1': 101.62}",1.5750000000000002,103.02900000000005,104.07900000000005,inf,250.885,250.885
408,T1,BESTEFFORT,COMPLETED,m1-1,100.984,"{'m1-1': 1.01, 'm2-1': 10.95, 'm3-1': 10.1, 'm4-1': 103.05, 'm5-1': 102.74, 'm6-1': 1.06, 'm7-1': 109.18, 'm8-1': 92.56}",1.5150000000000001,103.211,104.221,inf,250.98399999999998,250.98399999999998
409,T1,BESTEFFORT,COMPLETED,m6-1,101.121,"{'m1-1': 0.99, 'm2-1': 10.23, 'm3-1': 10.81, 'm4-1': 111.03, 'm5-1': 107.99, 'm6-1': 0.98, 'm7-1': 106.73, 'm8-1': 92.05}",1.47,104.07900000000005,105.05900000000005,inf,251.12099999999998,251.12099999999998
410,T1,BESTEFFORT,COMPLETED,m1-1,101.643,"{'m1-1': 1.13, 'm2-1': 10.13, 'm3-1': 10.56, 'm4-1': 109.3, 'm5-1': 106.79, 'm6-1': 1.08, 'm7-1': 115.17, 'm8-1': 97.59}",1.6949999999999998,104.221,105.351,inf,251.643,251.643
411,T2,BESTEFFORT,CANCELLED,,101.724,"{'m1-1': 1.03, 'm2-1': 11.84, 'm3-1': 11.14, 'm4-1': 112.11, 'm5-1': 112.3, 'm6-1': 1.14, 'm7-1': 103.11, 'm8-1': 108.28}",0.0,inf,inf,inf,251.724,251.724
412,T1,BESTEFFORT,CANCELLED,,101.894,"{'m1-1': 1.07, 'm2-1': 11.02, 'm3-1': 9.57, 'm4-1': 102.39, 'm5-1': 104.62, 'm6-1': 0.94, 'm7-1': 102.34, 'm8-1': 98.16}",0.0,inf,inf,inf,251.894,251.894
413,T4,BESTEFFORT,COMPLETED,m6-1,102.165,"{'m1-1': 0.99, 'm2-1': 11.05, 'm3-1': 10.19, 'm4-1': 100.13, 'm5-1': 104.6, 'm6-1': 0.98, 'm7-1': 110.88, 'm8-1': 99.46}",1.47,105.05900000000005,106.03900000000006,inf,252.16500000000002,252.16500000000002
414,T1,BESTEFFORT,COMPLETED,m1-1,102.653,"{'m1-1': 1.1, 'm2-1': 10.02, 'm3-1': 10.51, 'm4-1': 100.12, 'm5-1': 106.82, 'm6-1': 1.08, 'm7-1': 107.7, 'm8-1': 108.24}",1.6500000000000001,105.351,106.451,inf,252.65300000000002,252.65300000000002
415,T2,BESTEFFORT,COMPLETED,m6-1,103.375,"{'m1-1': 1.07, 'm2-1': 10.29, 'm3-1': 9.69, 'm4-1': 108.9, 'm5-1': 106.71, 'm6-1': 1.06, 'm7-1': 111.78, 'm8-1': 106.73}",1.59,106.03900000000006,107.09900000000006,inf,253.375,253.375
416,T4,BESTEFFORT,COMPLETED,m1-1,103.383,"{'m1-1': 1.04, 'm2-1': 10.68, 'm3-1': 9.37, 'm4-1': 101.6, 'm5-1': 101.45, 'm6-1': 1.05, 'm7-1': 112.05, 'm8-1': 101.33}",1.56,106.451,107.491,inf,253.38299999999998,253.38299999999998
417,T2,BESTEFFORT,COMPLETED,m6-1,104.379,"{'m1-1': 1.1, 'm2-1': 11.54, 'm3-1': 11.36, 'm4-1': 112.93, 'm5-1': 112.54, 'm6-1': 1.01, 'm7-1': 107.42, 'm8-1': 107.37}",1.5150000000000001,107.09900000000006,108.10900000000007,inf,254.37900000000002,254.37900000000002
418,T1,BESTEFFORT,COMPLETED,m1-1,104.428,"{'m1-1': 1.07, 'm2-1': 10.95, 'm3-1': 10.89, 'm4-1': 96.92, 'm5-1': 105.0, 'm6-1': 0.93, 'm7-1': 110.2, 'm8-1': 106.18}",1.605,107.491,108.56099999999999,inf,254.428,254.428
419,T1,BESTEFFORT,COMPLETED,m6-1,105.355,"{'m1-1': 1.09, 'm2-1': 9.86, 'm3-1': 9.63, 'm4-1': 106.45, 'm5-1': 106.64, 'm6-1': 0.98, 'm7-1': 108.26, 'm8-1': 93.06}",1.47,108.10900000000007,109.08900000000007,inf,255.35500000000002,255.35500000000002
420,T4,BESTEFFORT,COMPLETED,m1-1,105.458,"{'m1-1': 0.95, 'm2-1': 9.64, 'm3-1': 9.34, 'm4-1': 102.5, 'm5-1': 107.23, 'm6-1': 1.0, 'm7-1': 111.78, 'm8-1': 99.43}",1.4249999999999998,108.56099999999999,109.511,inf,255.458,255.458
421,T1,BESTEFFORT,COMPLETED,m2-1,105.56,"{'m1-1': 1.17, 'm2-1': 10.69, 'm3-1': 10.5, 'm4-1': 112.33, 'm5-1': 101.95, 'm6-1': 1.04, 'm7-1': 102.53, 'm8-1': 99.46}",16.035,136.611,147.301,inf,255.56,255.56
422,T4,BESTEFFORT,COMPLETED,m6-1,105.569,"{'m1-1': 0.92, 'm2-1': 9.77, 'm3-1': 9.46, 'm4-1': 110.76, 'm5-1': 97.12, 'm6-1': 1.11, 'm7-1': 103.7, 'm8-1': 103.66}",1.665,109.08900000000007,110.19900000000007,inf,255.56900000000002,255.56900000000002
423,T1,BESTEFFORT,CANCELLED,,106.04,"{'m1-1': 1.09, 'm2-1': 9.84, 'm3-1': 10.9, 'm4-1': 114.05, 'm5-1': 104.13, 'm6-1': 0.99, 'm7-1': 101.52, 'm8-1': 92.65}",0.0,inf,inf,inf,256.04,256.04
424,T3,BESTEFFORT,CANCELLED,,106.081,"{'m1-1': 1.16, 'm2-1': 10.33, 'm3-1': 9.46, 'm4-1': 99.84, 'm5-1': 97.19, 'm6-1': 1.15, 'm7-1': 96.46, 'm8-1': 113.42}",0.0,inf,inf,inf,256.081,256.081
425,T3,BESTEFFORT,CANCELLED,,106.179,"{'m1-1': 1.15, 'm2-1': 10.5, 'm3-1': 10.83, 'm4-1': 96.2, 'm5-1': 108.17, 'm6-1': 1.13, 'm7-1': 109.35, 'm8-1': 106.84}",0.0,inf,inf,inf,256.179,256.179
426,T4,BESTEFFORT,CANCELLED,,106.302,"{'m1-1': 0.99, 'm2-1': 10.08, 'm3-1': 10.64, 'm4-1': 106.97, 'm5-1': 91.96, 'm6-1': 1.01, 'm7-1': 110.98, 'm8-1': 109.51}",0.0,inf,inf,inf,256.302,256.302
427,T1,BESTEFFORT,CANCELLED,,106.374,"{'m1-1': 1.01, 'm2-1': 10.68, 'm3-1': 9.44, 'm4-1': 110.39, 'm5-1': 102.96, 'm6-1': 1.03, 'm7-1': 100.72, 'm8-1': 102.88}",0.0,inf,inf,inf,256.374,256.374
428,T2,BESTEFFORT,CANCELLED,,106.43,"{'m1-1': 1.19, 'm2-1': 10.76, 'm3-1': 9.72, 'm4-1': 106.73, 'm5-1': 101.88, 'm6-1': 1.05, 'm7-1': 97.24, 'm8-1': 98.96}",0.0,inf,inf,inf,256.43,256.43
429,T4,BESTEFFORT,COMPLETED,m1-1,106.629,"{'m1-1': 0.95, 'm2-1': 10.99, 'm3-1': 9.18, 'm4-1': 104.71, 'm5-1': 105.03, 'm6-1': 1.02, 'm7-1': 110.43, 'm8-1': 102.17}",1.4249999999999998,109.511,110.461,inf,256.629,256.629
430,T4,BESTEFFORT,COMPLETED,m6-1,106.706,"{'m1-1': 0.98, 'm2-1': 9.82, 'm3-1': 10.47, 'm4-1': 98.86, 'm5-1': 102.12, 'm6-1': 1.04, 'm7-1': 116.72, 'm8-1': 98.56}",1.56,110.19900000000007,111.23900000000008,inf,256.706,256.706
431,T4,BESTEFFORT,COMPLETED,m1-1,107.37,"{'m1-1': 1.08, 'm2-1': 9.93, 'm3-1': 10.12, 'm4-1': 97.23, 'm5-1': 100.92, 'm6-1': 1.08, 'm7-1': 111.46, 'm8-1': 106.35}",1.62,110.461,111.541,inf,257.37,257.37
432,T1,BESTEFFORT,CANCELLED,,107.589,"{'m1-1': 1.11, 'm2-1': 10.02, 'm3-1': 10.65, 'm4-1': 98.51, 'm5-1': 92.77, 'm6-1': 0.93, 'm7-1': 111.88, 'm8-1': 104.49}",0.0,inf,inf,inf,257.589,257.589
433,T1,BESTEFFORT,CANCELLED,,107.882,"{'m1-1': 1.07, 'm2-1': 9.68, 'm3-1': 10.74, 'm4-1': 113.02, 'm5-1': 96.21, 'm6-1': 0.94, 'm7-1': 97.38, 'm8-1': 99.73}",0.0,inf,inf,inf,257.882,257.882
434,T2,BESTEFFORT,COMPLETED,m6-1,108.058,"{'m1-1': 1.14, 'm2-1': 10.98, 'm3-1': 9.88, 'm4-1': 114.95, 'm5-1': 103.68, 'm6-1': 1.07, 'm7-1': 104.03, 'm8-1': 111.41}",1.605,111.23900000000008,112.30900000000007,inf,258.058,258.058
435,T2,BESTEFFORT,COMPLETED,m1-1,108.265,"{'m1-1': 1.18, 'm2-1': 11.51, 'm3-1': 10.21, 'm4-1': 107.24, 'm5-1': 103.72, 'm6-1': 1.12, 'm7-1': 101.04, 'm8-1': 111.86}",1.77,111.541,112.721,inf,258.265,258.265
436,T3,BESTEFFORT,CANCELLED,,108.711,"{'m1-1': 1.12, 'm2-1': 10.54, 'm3-1': 11.02, 'm4-1': 108.33, 'm5-1': 111.33, 'm6-1': 1.01, 'm7-1': 94.92, 'm8-1': 107.87}",0.0,inf,inf,inf,258.711,258.711
437,T3,BESTEFFORT,CANCELLED,,108.747,"{'m1-1': 1.08, 'm2-1': 10.53, 'm3-1': 10.78, 'm4-1': 94.38, 'm5-1': 103.28, 'm6-1': 1.1, 'm7-1': 100.96, 'm8-1': 117.15}",0.0,inf,inf,inf,258.747,258.747
438,T3,BESTEFFORT,COMPLETED,m3-1,108.884,"{'m1-1': 1.12, 'm2-1': 11.11, 'm3-1': 9.48, 'm4-1': 92.24, 'm5-1': 108.76, 'm6-1': 1.1, 'm7-1': 98.08, 'm8-1': 102.46}",14.22,140.23899999999998,149.71899999999997,inf,258.884,258.884
439,T1,BESTEFFORT,COMPLETED,m6-1,109.314,"{'m1-1': 1.16, 'm2-1': 9.92, 'm3-1': 9.73, 'm4-1': 100.88, 'm5-1': 98.28, 'm6-1': 0.99, 'm7-1': 108.54, 'm8-1': 106.62}",1.4849999999999999,112.30900000000007,113.29900000000006,inf,259.31399999999996,259.31399999999996
440,T1,BESTEFFORT,COMPLETED,m1-1,109.639,"{'m1-1': 1.13, 'm2-1': 10.86, 'm3-1': 10.24, 'm4-1': 108.13, 'm5-1': 106.64, 'm6-1': 0.94, 'm7-1': 102.65, 'm8-1': 103.14}",1.6949999999999998,112.721,113.851,inf,259.639,259.639
441,T1,BESTEFFORT,CANCELLED,,109.685,"{'m1-1': 1.17, 'm2-1': 9.6, 'm3-1': 11.08, 'm4-1': 102.26, 'm5-1': 94.39, 'm6-1': 0.98, 'm7-1': 114.72, 'm8-1': 95.93}",0.0,inf,inf,inf,259.685,259.685
442,T4,BESTEFFORT,CANCELLED,,109.909,"{'m1-1': 1.05, 'm2-1': 10.57, 'm3-1': 9.61, 'm4-1': 108.66, 'm5-1': 108.24, 'm6-1': 1.0, 'm7-1': 101.15, 'm8-1': 100.29}",0.0,inf,inf,inf,259.909,259.909
443,T2,BESTEFFORT,COMPLETED,m6-1,110.495,"{'m1-1': 1.02, 'm2-1': 10.06, 'm3-1': 10.32, 'm4-1': 118.42, 'm5-1': 97.58, 'm6-1': 1.05, 'm7-1': 98.38, 'm8-1': 112.91}",1.5750000000000002,113.29900000000006,114.34900000000006,inf,260.495,260.495
444,T4,BESTEFFORT,COMPLETED,m1-1,110.763,"{'m1-1': 1.08, 'm2-1': 10.06, 'm3-1': 9.64, 'm4-1': 96.45, 'm5-1': 99.48, 'm6-1': 1.05, 'm7-1': 103.4, 'm8-1': 101.48}",1.62,113.851,114.931,inf,260.76300000000003,260.76300000000003
445,T4,BESTEFFORT,CANCELLED,,110.772,"{'m1-1': 0.97, 'm2-1': 9.96, 'm3-1': 10.47, 'm4-1': 98.29, 'm5-1': 98.42, 'm6-1': 1.03, 'm7-1': 117.73, 'm8-1': 112.95}",0.0,inf,inf,inf,260.772,260.772
446,T3,BESTEFFORT,CANCELLED,,111.017,"{'m1-1': 1.06, 'm2-1': 10.76, 'm3-1': 10.39, 'm4-1': 95.28, 'm5-1': 98.08, 'm6-1': 1.16, 'm7-1': 96.46, 'm8-1': 108.94}",0.0,inf,inf,inf,261.017,261.017
447,T2,BESTEFFORT,COMPLETED,m6-1,111.27,"{'m1-1': 1.05, 'm2-1': 11.75, 'm3-1': 10.62, 'm4-1': 106.95, 'm5-1': 103.56, 'm6-1': 1.01, 'm7-1': 104.0, 'm8-1': 109.78}",1.5150000000000001,114.34900000000006,115.35900000000007,inf,261.27,261.27
448,T1,BESTEFFORT,COMPLETED,m6-1,112.542,"{'m1-1': 1.08, 'm2-1': 10.51, 'm3-1': 11.02, 'm4-1': 104.84, 'm5-1': 104.55, 'm6-1': 0.96, 'm7-1': 105.95, 'm8-1': 103.49}",1.44,115.35900000000007,116.31900000000006,inf,262.54200000000003,262.54200000000003
449,T3,BESTEFFORT,COMPLETED,m1-1,112.765,"{'m1-1': 1.02, 'm2-1': 9.72, 'm3-1': 10.89, 'm4-1': 102.8, 'm5-1': 110.78, 'm6-1': 1.11, 'm7-1': 108.86, 'm8-1': 109.02}",1.53,114.931,115.951,inf,262.765,262.765
450,T2,BESTEFFORT,COMPLETED,m1-1,112.918,"{'m1-1': 1.01, 'm2-1': 11.73, 'm3-1': 10.45, 'm4-1': 116.35, 'm5-1': 111.11, 'm6-1': 1.06, 'm7-1': 108.02, 'm8-1': 114.16}",1.5150000000000001,115.951,116.961,inf,262.918,262.918
451,T4,BESTEFFORT,CANCELLED,,113.116,"{'m1-1': 1.07, 'm2-1': 10.4, 'm3-1': 10.72, 'm4-1': 107.58, 'm5-1': 101.36, 'm6-1': 1.12, 'm7-1': 107.03, 'm8-1': 109.54}",0.0,inf,inf,inf,263.116,263.116
452,T1,BESTEFFORT,CANCELLED,,113.268,"{'m1-1': 0.99, 'm2-1': 10.07, 'm3-1': 10.64, 'm4-1': 107.85, 'm5-1': 104.27, 'm6-1': 1.04, 'm7-1': 110.21, 'm8-1': 95.59}",0.0,inf,inf,inf,263.26800000000003,263.26800000000003
453,T4,BESTEFFORT,COMPLETED,m6-1,113.386,"{'m1-1': 1.03, 'm2-1': 9.96, 'm3-1': 9.44, 'm4-1': 106.42, 'm5-1': 92.73, 'm6-1': 1.03, 'm7-1': 117.68, 'm8-1': 100.31}",1.545,116.31900000000006,117.34900000000006,inf,263.38599999999997,263.38599999999997
454,T3,BESTEFFORT,CANCELLED,,113.42,"{'m1-1': 1.12, 'm2-1': 10.01, 'm3-1': 9.72, 'm4-1': 106.23, 'm5-1': 104.62, 'm6-1': 1.06, 'm7-1': 102.78, 'm8-1': 103.26}",0.0,inf,inf,inf,263.42,263.42
455,T4,BESTEFFORT,CANCELLED,,113.569,"{'m1-1': 1.06, 'm2-1': 10.36, 'm3-1': 10.31, 'm4-1': 107.44, 'm5-1': 106.01, 'm6-1': 0.96, 'm7-1': 106.45, 'm8-1': 111.82}",0.0,inf,inf,inf,263.569,263.569
456,T3,BESTEFFORT,COMPLETED,m1-1,113.622,"{'m1-1': 1.19, 'm2-1': 10.09, 'm3-1': 10.22, 'm4-1': 104.09, 'm5-1': 101.93, 'm6-1': 1.02, 'm7-1': 107.53, 'm8-1': 113.44}",1.785,116.961,118.151,inf,263.622,263.622
457,T3,BESTEFFORT,COMPLETED,m6-1,114.737,"{'m1-1': 1.01, 'm2-1': 11.26, 'm3-1': 10.2, 'm4-1': 96.85, 'm5-1': 97.9, 'm6-1': 1.07, 'm7-1': 100.88, 'm8-1': 106.56}",1.605,117.34900000000006,118.41900000000005,inf,264.73699999999997,264.73699999999997
458,T2,BESTEFFORT,COMPLETED,m1-1,115.182,"{'m1-1': 1.05, 'm2-1': 10.71, 'm3-1': 10.34, 'm4-1': 116.92, 'm5-1': 98.92, 'm6-1': 1.1, 'm7-1': 99.58, 'm8-1': 100.88}",1.5750000000000002,118.151,119.201,inf,265.182,265.182
459,T2,BESTEFFORT,COMPLETED,m6-1,115.565,"{'m1-1': 1.19, 'm2-1': 10.45, 'm3-1': 10.41, 'm4-1': 111.64, 'm5-1': 98.36, 'm6-1': 0.98, 'm7-1': 94.53, 'm8-1': 111.69}",1.47,118.41900000000005,119.39900000000006,inf,265.565,265.565
460,T2,BESTEFFORT,COMPLETED,m2-1,115.681,"{'m1-1': 1.14, 'm2-1': 11.59, 'm3-1': 10.99, 'm4-1': 117.25, 'm5-1': 109.56, 'm6-1': 1.0, 'm7-1': 98.45, 'm8-1': 111.69}",17.384999999999998,147.301,158.891,inf,265.681,265.681
461,T4,BESTEFFORT,CANCELLED,,115.794,"{'m1-1': 1.08, 'm2-1': 9.88, 'm3-1': 10.02, 'm4-1': 102.7, 'm5-1': 108.48, 'm6-1': 1.11, 'm7-1': 116.29, 'm8-1': 109.55}",0.0,inf,inf,inf,265.794,265.794
462,T2,BESTEFFORT,CANCELLED,,115.94,"{'m1-1': 1.15, 'm2-1': 10.82, 'm3-1': 9.89, 'm4-1': 113.26, 'm5-1': 112.12, 'm6-1': 1.08, 'm7-1': 98.06, 'm8-1': 110.09}",0.0,inf,inf,inf,265.94,265.94
463,T3,BESTEFFORT,COMPLETED,m1-1,116.026,"{'m1-1': 1.13, 'm2-1': 9.84, 'm3-1': 10.26, 'm4-1': 107.9, 'm5-1': 110.31, 'm6-1': 1.18, 'm7-1': 105.87, 'm8-1': 114.12}",1.6949999999999998,119.201,120.33099999999999,inf,266.026,266.026
464,T4,BESTEFFORT,COMPLETED,m6-1,116.214,"{'m1-1': 1.04, 'm2-1': 10.2, 'm3-1': 9.49, 'm4-1': 101.62, 'm5-1': 97.64, 'm6-1': 1.03, 'm7-1': 117.04, 'm8-1': 112.0}",1.545,119.39900000000006,120.42900000000006,inf,266.214,266.214
465,T3,BESTEFFORT,COMPLETED,m1-1,117.15,"{'m1-1': 1.14, 'm2-1': 10.19, 'm3-1': 9.44, 'm4-1': 103.03, 'm5-1': 95.47, 'm6-1': 1.13, 'm7-1': 98.23, 'm8-1': 100.7}",1.71,120.33099999999999,121.47099999999999,inf,267.15,267.15
466,T4,BESTEFFORT,COMPLETED,m6-1,117.498,"{'m1-1': 1.01, 'm2-1': 10.05, 'm3-1': 9.36, 'm4-1': 103.24, 'm5-1': 92.64, 'm6-1': 0.96, 'm7-1': 101.07, 'm8-1': 109.47}",1.44,120.42900000000006,121.38900000000005,inf,267.498,267.498
467,T4,BESTEFFORT,COMPLETED,m1-1,117.955,"{'m1-1': 1.0, 'm2-1': 10.15, 'm3-1': 10.35, 'm4-1': 106.3, 'm5-1': 104.46, 'm6-1': 1.04, 'm7-1': 108.68, 'm8-1': 101.33}",1.5,121.47099999999999,122.47099999999999,inf,267.955,267.955
468,T3,BESTEFFORT,COMPLETED,m6-1,120.332,"{'m1-1': 1.02, 'm2-1': 9.66, 'm3-1': 10.38, 'm4-1': 98.11, 'm5-1': 98.48, 'm6-1': 1.17, 'm7-1': 104.93, 'm8-1': 111.4}",1.755,121.38900000000005,122.55900000000005,inf,270.332,270.332
469,T3,BESTEFFORT,COMPLETED,m1-1,120.391,"{'m1-1': 1.04, 'm2-1': 9.67, 'm3-1': 10.36, 'm4-1': 101.16, 'm5-1': 112.53, 'm6-1': 1.09, 'm7-1': 101.02, 'm8-1': 101.7}",1.56,122.47099999999999,123.511,inf,270.391,270.391
470,T4,BESTEFFORT,COMPLETED,m1-1,121.018,"{'m1-1': 1.0, 'm2-1': 11.12, 'm3-1': 10.76, 'm4-1': 98.77, 'm5-1': 102.01, 'm6-1': 1.05, 'm7-1': 108.38, 'm8-1': 100.38}",1.5,123.511,124.511,inf,271.01800000000003,271.01800000000003
471,T4,BESTEFFORT,COMPLETED,m6-1,121.222,"{'m1-1': 1.06, 'm2-1': 9.98, 'm3-1': 9.77, 'm4-1': 97.45, 'm5-1': 91.54, 'm6-1': 1.04, 'm7-1': 109.52, 'm8-1': 110.13}",1.56,122.55900000000005,123.59900000000006,inf,271.222,271.222
472,T4,BESTEFFORT,COMPLETED,m6-1,121.348,"{'m1-1': 1.08, 'm2-1': 10.86, 'm3-1': 10.62, 'm4-1': 101.56, 'm5-1': 101.01, 'm6-1': 1.1, 'm7-1': 115.9, 'm8-1': 97.14}",1.6500000000000001,123.59900000000006,124.69900000000005,inf,271.348,271.348
473,T4,BESTEFFORT,COMPLETED,m1-1,122.378,"{'m1-1': 1.0, 'm2-1': 10.5, 'm3-1': 10.43, 'm4-1': 104.17, 'm5-1': 91.99, 'm6-1': 1.08, 'm7-1': 110.91, 'm8-1': 98.56}",1.5,124.511,125.511,inf,272.378,272.378
474,T3,BESTEFFORT,COMPLETED,m6-1,123.1,"{'m1-1': 1.14, 'm2-1': 11.01, 'm3-1': 9.88, 'm4-1': 95.44, 'm5-1': 95.61, 'm6-1': 1.0, 'm7-1': 100.75, 'm8-1': 101.96}",1.5,124.69900000000005,125.69900000000005,inf,273.1,273.1
475,T3,BESTEFFORT,COMPLETED,m1-1,123.302,"{'m1-1': 1.15, 'm2-1': 11.38, 'm3-1': 9.72, 'm4-1': 105.94, 'm5-1': 107.74, 'm6-1': 1.01, 'm7-1': 104.04, 'm8-1': 115.18}",1.7249999999999999,125.511,126.661,inf,273.302,273.302
476,T3,BESTEFFORT,COMPLETED,m6-1,123.363,"{'m1-1': 1.08, 'm2-1': 11.0, 'm3-1': 10.98, 'm4-1': 107.5, 'm5-1': 101.52, 'm6-1': 1.01, 'm7-1': 110.92, 'm8-1': 115.5}",1.5150000000000001,125.69900000000005,126.70900000000006,inf,273.363,273.363
477,T4,BESTEFFORT,COMPLETED,m1-1,123.562,"{'m1-1': 0.99, 'm2-1': 10.99, 'm3-1': 10.28, 'm4-1': 99.92, 'm5-1': 96.82, 'm6-1': 0.97, 'm7-1': 100.05, 'm8-1': 105.24}",1.4849999999999999,126.661,127.651,inf,273.562,273.562
478,T3,BESTEFFORT,COMPLETED,m6-1,125.534,"{'m1-1': 1.13, 'm2-1': 10.78, 'm3-1': 9.6, 'm4-1': 95.36, 'm5-1': 111.34, 'm6-1': 1.12, 'm7-1': 94.7, 'm8-1': 117.46}",1.6800000000000002,126.70900000000006,127.82900000000006,inf,275.534,275.534
479,T3,BESTEFFORT,COMPLETED,m6-1,125.665,"{'m1-1': 1.14, 'm2-1': 11.37, 'm3-1': 9.76, 'm4-1': 99.95, 'm5-1': 108.22, 'm6-1': 1.01, 'm7-1': 101.65, 'm8-1': 118.52}",1.5150000000000001,127.82900000000006,128.83900000000006,inf,275.665,275.665
480,T4,BESTEFFORT,COMPLETED,m1-1,126.341,"{'m1-1': 1.08, 'm2-1': 11.16, 'm3-1': 10.29, 'm4-1': 108.44, 'm5-1': 95.11, 'm6-1': 1.0, 'm7-1': 105.96, 'm8-1': 111.5}",1.62,127.651,128.731,inf,276.341,276.341
481,T3,BESTEFFORT,COMPLETED,m1-1,126.562,"{'m1-1': 1.11, 'm2-1': 10.0, 'm3-1': 10.4, 'm4-1': 95.29, 'm5-1': 99.94, 'm6-1': 1.07, 'm7-1': 103.72, 'm8-1': 103.83}",1.665,128.731,129.841,inf,276.562,276.562
482,T4,BESTEFFORT,COMPLETED,m6-1,126.605,"{'m1-1': 1.06, 'm2-1': 11.08, 'm3-1': 10.07, 'm4-1': 112.55, 'm5-1': 104.12, 'm6-1': 1.07, 'm7-1': 114.54, 'm8-1': 97.25}",1.605,128.83900000000006,129.90900000000005,inf,276.605,276.605
483,T4,BESTEFFORT,COMPLETED,m2-1,126.619,"{'m1-1': 1.03, 'm2-1': 9.88, 'm3-1': 9.76, 'm4-1': 111.8, 'm5-1': 104.56, 'm6-1': 1.11, 'm7-1': 116.08, 'm8-1': 98.56}",14.82,158.891,168.771,inf,276.619,276.619
484,T4,BESTEFFORT,COMPLETED,m6-1,128.065,"{'m1-1': 0.92, 'm2-1': 10.2, 'm3-1': 9.39, 'm4-1': 100.68, 'm5-1': 107.98, 'm6-1': 1.05, 'm7-1': 107.22, 'm8-1': 96.86}",1.5750000000000002,129.90900000000005,130.95900000000006,inf,278.065,278.065
485,T3,BESTEFFORT,COMPLETED,m6-1,129.897,"{'m1-1': 1.13, 'm2-1': 11.34, 'm3-1': 10.88, 'm4-1': 101.3, 'm5-1': 105.51, 'm6-1': 1.14, 'm7-1': 101.16, 'm8-1': 102.26}",1.71,130.95900000000006,132.09900000000005,inf,279.897,279.897
486,T3,BESTEFFORT,COMPLETED,m1-1,130.337,"{'m1-1': 1.01, 'm2-1': 10.29, 'm3-1': 9.81, 'm4-1': 103.18, 'm5-1': 97.4, 'm6-1': 1.09, 'm7-1': 99.05, 'm8-1': 117.45}",1.5150000000000001,130.337,131.34699999999998,inf,280.337,280.337
487,T3,BESTEFFORT,COMPLETED,m1-1,131.003,"{'m1-1': 1.15, 'm2-1': 10.1, 'm3-1': 10.4, 'm4-1': 98.73, 'm5-1': 108.32, 'm6-1': 1.06, 'm7-1': 104.21, 'm8-1': 101.94}",1.7249999999999999,131.34699999999998,132.49699999999999,inf,281.003,281.003
488,T3,BESTEFFORT,COMPLETED,m1-1,131.908,"{'m1-1': 1.18, 'm2-1': 10.1, 'm3-1': 10.36, 'm4-1': 99.84, 'm5-1': 95.41, 'm6-1': 1.1, 'm7-1': 102.86, 'm8-1': 109.49}",1.77,132.49699999999999,133.677,inf,281.908,281.908
489,T3,BESTEFFORT,COMPLETED,m6-1,134.302,"{'m1-1': 1.16, 'm2-1': 10.88, 'm3-1': 10.53, 'm4-1': 107.29, 'm5-1': 110.01, 'm6-1': 1.12, 'm7-1': 110.52, 'm8-1': 113.2}",1.6800000000000002,134.302,135.422,inf,284.302,284.302
490,T3,BESTEFFORT,COMPLETED,m1-1,134.397,"{'m1-1': 1.03, 'm2-1': 10.04, 'm3-1': 10.3, 'm4-1': 100.63, 'm5-1': 109.86, 'm6-1': 1.04, 'm7-1': 94.47, 'm8-1': 103.75}",1.545,134.397,135.427,inf,284.397,284.397
491,T3,BESTEFFORT,COMPLETED,m1-1,134.633,"{'m1-1': 1.15, 'm2-1': 11.1, 'm3-1': 10.44, 'm4-1': 104.53, 'm5-1': 110.37, 'm6-1': 1.02, 'm7-1': 101.65, 'm8-1': 105.01}",1.7249999999999999,135.427,136.577,inf,284.63300000000004,284.63300000000004
492,T3,BESTEFFORT,COMPLETED,m1-1,136.648,"{'m1-1': 1.07, 'm2-1': 9.92, 'm3-1': 10.22, 'm4-1': 100.51, 'm5-1': 104.99, 'm6-1': 1.03, 'm7-1': 101.8, 'm8-1': 114.44}",1.605,136.648,137.718,inf,286.648,286.648
493,T3,BESTEFFORT,COMPLETED,m6-1,139.114,"{'m1-1': 1.08, 'm2-1': 10.82, 'm3-1': 9.5, 'm4-1': 106.57, 'm5-1': 101.17, 'm6-1': 1.04, 'm7-1': 104.32, 'm8-1': 105.01}",1.56,139.114,140.154,inf,289.11400000000003,289.11400000000003
494,T3,BESTEFFORT,COMPLETED,m6-1,139.175,"{'m1-1': 1.11, 'm2-1': 9.82, 'm3-1': 10.45, 'm4-1': 105.56, 'm5-1': 109.9, 'm6-1': 1.05, 'm7-1': 110.6, 'm8-1': 117.24}",1.5750000000000002,140.154,141.204,inf,289.175,289.175
495,T3,BESTEFFORT,COMPLETED,m1-1,139.412,"{'m1-1': 1.09, 'm2-1': 11.32, 'm3-1': 10.53, 'm4-1': 99.96, 'm5-1': 104.15, 'm6-1': 1.06, 'm7-1': 98.24, 'm8-1': 113.46}",1.6350000000000002,139.412,140.502,inf,289.41200000000003,289.41200000000003
496,T3,BESTEFFORT,COMPLETED,m1-1,140.299,"{'m1-1': 1.17, 'm2-1': 11.18, 'm3-1': 9.31, 'm4-1': 107.48, 'm5-1': 109.78, 'm6-1': 1.14, 'm7-1': 95.76, 'm8-1': 115.93}",1.755,140.502,141.672,inf,290.299,290.299
497,T3,BESTEFFORT,COMPLETED,m1-1,140.418,"{'m1-1': 1.14, 'm2-1': 11.37, 'm3-1': 10.03, 'm4-1': 106.89, 'm5-1': 96.42, 'm6-1': 1.04, 'm7-1': 109.2, 'm8-1': 105.38}",1.71,141.672,142.81199999999998,inf,290.418,290.418
498,T3,BESTEFFORT,COMPLETED,m1-1,140.645,"{'m1-1': 1.15, 'm2-1': 10.12, 'm3-1': 9.81, 'm4-1': 104.8, 'm5-1': 101.85, 'm6-1': 1.04, 'm7-1': 101.07, 'm8-1': 108.15}",1.7249999999999999,142.81199999999998,143.962,inf,290.645,290.645
499,T3,BESTEFFORT,COMPLETED,m6-1,141.185,"{'m1-1': 1.1, 'm2-1': 11.09, 'm3-1': 9.79, 'm4-1': 94.35, 'm5-1': 110.12, 'm6-1': 1.01, 'm7-1': 100.84, 'm8-1': 106.4}",1.5150000000000001,141.204,142.214,inf,291.185,291.185
