id,type,urgency,status,assigned_machine,arrival_time,execution_time,energy_usage,start_time,completion_time,missed_time,deadline,extended_deadline
0,T2,BESTEFFORT,COMPLETED,m4-1,0.064,"{'m1-1': 105.13, 'm2-1': 109.2, 'm3-1': 11.14, 'm4-1': 0.98, 'm5-1': 1.02, 'm6-1': 108.12, 'm7-1': 9.63, 'm8-1': 104.52}",1.47,0.064,1.044,inf,150.064,150.064
1,T2,BESTEFFORT,COMPLETED,m5-1,0.33,"{'m1-1': 101.9, 'm2-1': 104.77, 'm3-1': 10.86, 'm4-1': 0.92, 'm5-1': 1.09, 'm6-1': 100.12, 'm7-1': 10.91, 'm8-1': 96.08}",1.6350000000000002,0.33,1.4200000000000002,inf,150.33,150.33
2,T1,BESTEFFORT,COMPLETED,m4-1,0.818,"{'m1-1': 115.17, 'm2-1': 104.02, 'm3-1': 10.65, 'm4-1': 1.1, 'm5-1': 0.95, 'm6-1': 109.72, 'm7-1': 10.42, 'm8-1': 104.63}",1.6500000000000001,1.044,2.144,inf,150.818,150.818
3,T2,BESTEFFORT,COMPLETED,m5-1,0.875,"{'m1-1': 101.27, 'm2-1': 98.93, 'm3-1': 11.25, 'm4-1': 1.0, 'm5-1': 1.0, 'm6-1': 113.12, 'm7-1': 10.37, 'm8-1': 98.88}",1.5,1.4200000000000002,2.42,inf,150.875,150.875
4,T1,BESTEFFORT,COMPLETED,m4-1,0.952,"{'m1-1': 103.43, 'm2-1': 107.44, 'm3-1': 10.76, 'm4-1': 1.05, 'm5-1': 1.02, 'm6-1': 114.86, 'm7-1': 10.4, 'm8-1': 103.37}",1.5750000000000002,2.144,3.194,inf,150.952,150.952
5,T3,BESTEFFORT,COMPLETED,m5-1,1.253,"{'m1-1': 94.1, 'm2-1': 98.02, 'm3-1': 10.36, 'm4-1': 1.16, 'm5-1': 1.09, 'm6-1': 99.01, 'm7-1': 10.9, 'm8-1': 114.36}",1.6350000000000002,2.42,3.51,inf,151.253,151.253
6,T4,BESTEFFORT,COMPLETED,m4-1,2.893,"{'m1-1': 107.11, 'm2-1': 99.27, 'm3-1': 11.05, 'm4-1': 0.94, 'm5-1': 1.02, 'm6-1': 95.98, 'm7-1': 9.35, 'm8-1': 118.97}",1.41,3.194,4.134,inf,152.893,152.893
7,T4,BESTEFFORT,COMPLETED,m5-1,3.228,"{'m1-1': 109.54, 'm2-1': 103.88, 'm3-1': 10.79, 'm4-1': 1.05, 'm5-1': 1.08, 'm6-1': 105.38, 'm7-1': 10.14, 'm8-1': 100.8}",1.62,3.51,4.59,inf,153.228,153.228
8,T4,BESTEFFORT,COMPLETED,m4-1,3.374,"{'m1-1': 108.86, 'm2-1': 96.68, 'm3-1': 11.37, 'm4-1': 1.07, 'm5-1': 1.09, 'm6-1': 95.16, 'm7-1': 9.7, 'm8-1': 103.71}",1.605,4.134,5.204000000000001,inf,153.374,153.374
9,T4,BESTEFFORT,COMPLETED,m5-1,3.563,"{'m1-1': 103.11, 'm2-1': 96.18, 'm3-1': 11.08, 'm4-1': 0.97, 'm5-1': 1.13, 'm6-1': 100.44, 'm7-1': 9.38, 'm8-1': 111.77}",1.6949999999999998,4.59,5.72,inf,153.563,153.563
10,T2,BESTEFFORT,COMPLETED,m5-1,3.592,"{'m1-1': 112.59, 'm2-1': 113.75, 'm3-1': 11.1, 'm4-1': 1.06, 'm5-1': 1.1, 'm6-1': 110.5, 'm7-1': 10.82, 'm8-1': 104.46}",1.6500000000000001,5.72,6.82,inf,153.592,153.592
11,T3,BESTEFFORT,COMPLETED,m4-1,3.592,"{'m1-1': 105.17, 'm2-1': 94.96, 'm3-1': 10.77, 'm4-1': 1.0, 'm5-1': 1.1, 'm6-1': 101.97, 'm7-1': 9.8, 'm8-1': 101.0}",1.5,5.204000000000001,6.204000000000001,inf,153.592,153.592
12,T2,BESTEFFORT,COMPLETED,m4-1,3.667,"{'m1-1': 114.06, 'm2-1': 109.92, 'm3-1': 10.76, 'm4-1': 0.92, 'm5-1': 1.1, 'm6-1': 95.72, 'm7-1': 10.71, 'm8-1': 92.75}",1.3800000000000001,6.204000000000001,7.1240000000000006,inf,153.667,153.667
13,T1,BESTEFFORT,COMPLETED,m5-1,3.926,"{'m1-1': 113.25, 'm2-1': 104.6, 'm3-1': 10.33, 'm4-1': 1.06, 'm5-1': 0.98, 'm6-1': 101.21, 'm7-1': 10.37, 'm8-1': 108.79}",1.47,6.82,7.800000000000001,inf,153.926,153.926
14,T4,BESTEFFORT,COMPLETED,m7-1,4.058,"{'m1-1': 99.84, 'm2-1': 107.53, 'm3-1': 10.76, 'm4-1': 1.02, 'm5-1': 1.04, 'm6-1': 102.63, 'm7-1': 9.62, 'm8-1': 104.67}",14.43,4.058,13.677999999999999,inf,154.058,154.058
15,T1,BESTEFFORT,COMPLETED,m4-1,4.334,"{'m1-1': 107.72, 'm2-1': 101.6, 'm3-1': 9.94, 'm4-1': 1.15, 'm5-1': 1.1, 'm6-1': 104.19, 'm7-1': 10.66, 'm8-1': 112.57}",1.7249999999999999,7.1240000000000006,8.274000000000001,inf,154.334,154.334
16,T3,BESTEFFORT,COMPLETED,m3-1,4.49,"{'m1-1': 101.94, 'm2-1': 106.76, 'm3-1': 10.73, 'm4-1': 1.06, 'm5-1': 1.1, 'm6-1': 100.51, 'm7-1': 10.62, 'm8-1': 102.98}",16.095,4.49,15.22,inf,154.49,154.49
17,T1,BESTEFFORT,COMPLETED,m5-1,4.597,"{'m1-1': 114.11, 'm2-1': 96.38, 'm3-1': 11.34, 'm4-1': 1.16, 'm5-1': 1.09, 'm6-1': 114.63, 'm7-1': 9.96, 'm8-1': 97.65}",1.6350000000000002,7.800000000000001,8.89,inf,154.597,154.597
18,T1,BESTEFFORT,COMPLETED,m7-1,4.633,"{'m1-1': 102.28, 'm2-1': 103.31, 'm3-1': 10.65, 'm4-1': 1.12, 'm5-1': 0.98, 'm6-1': 111.12, 'm7-1': 10.01, 'm8-1': 104.46}",15.015,13.677999999999999,23.688,inf,154.633,154.633
19,T3,BESTEFFORT,COMPLETED,m3-1,4.736,"{'m1-1': 106.98, 'm2-1': 101.44, 'm3-1': 9.33, 'm4-1': 1.04, 'm5-1': 1.08, 'm6-1': 100.72, 'm7-1': 11.27, 'm8-1': 112.51}",13.995000000000001,15.22,24.55,inf,154.736,154.736
20,T2,BESTEFFORT,COMPLETED,m4-1,5.256,"{'m1-1': 101.05, 'm2-1': 110.86, 'm3-1': 10.93, 'm4-1': 1.02, 'm5-1': 1.01, 'm6-1': 104.69, 'm7-1': 10.36, 'm8-1': 92.73}",1.53,8.274000000000001,9.294,inf,155.256,155.256
21,T1,BESTEFFORT,COMPLETED,m5-1,5.793,"{'m1-1': 110.15, 'm2-1': 109.4, 'm3-1': 11.1, 'm4-1': 1.06, 'm5-1': 1.06, 'm6-1': 113.05, 'm7-1': 10.38, 'm8-1': 102.94}",1.59,8.89,9.950000000000001,inf,155.793,155.793
22,T1,BESTEFFORT,COMPLETED,m4-1,6.33,"{'m1-1': 115.23, 'm2-1': 106.5, 'm3-1': 10.71, 'm4-1': 1.07, 'm5-1': 1.0, 'm6-1': 111.12, 'm7-1': 10.73, 'm8-1': 103.35}",1.605,9.294,10.364,inf,156.33,156.33
23,T1,BESTEFFORT,COMPLETED,m7-1,6.643,"{'m1-1': 115.23, 'm2-1': 110.88, 'm3-1': 9.99, 'm4-1': 1.17, 'm5-1': 0.97, 'm6-1': 113.85, 'm7-1': 9.88, 'm8-1': 98.18}",14.82,23.688,33.568,inf,156.643,156.643
24,T4,BESTEFFORT,COMPLETED,m5-1,6.964,"{'m1-1': 110.76, 'm2-1': 95.23, 'm3-1': 11.1, 'm4-1': 1.06, 'm5-1': 1.13, 'm6-1': 99.6, 'm7-1': 9.31, 'm8-1': 112.45}",1.6949999999999998,9.950000000000001,11.080000000000002,inf,156.964,156.964
25,T2,BESTEFFORT,COMPLETED,m4-1,7.293,"{'m1-1': 100.93, 'm2-1': 103.31, 'm3-1': 9.85, 'm4-1': 1.09, 'm5-1': 1.17, 'm6-1': 105.58, 'm7-1': 10.62, 'm8-1': 92.25}",1.6350000000000002,10.364,11.454,inf,157.293,157.293
26,T2,BESTEFFORT,COMPLETED,m3-1,7.38,"{'m1-1': 106.74, 'm2-1': 106.11, 'm3-1': 10.18, 'm4-1': 0.93, 'm5-1': 1.12, 'm6-1': 110.56, 'm7-1': 10.06, 'm8-1': 105.92}",15.27,24.55,34.730000000000004,inf,157.38,157.38
27,T1,BESTEFFORT,COMPLETED,m5-1,7.869,"{'m1-1': 114.72, 'm2-1': 97.97, 'm3-1': 9.87, 'm4-1': 1.02, 'm5-1': 1.1, 'm6-1': 109.28, 'm7-1': 10.0, 'm8-1': 99.99}",1.6500000000000001,11.080000000000002,12.180000000000001,inf,157.869,157.869
28,T2,BESTEFFORT,COMPLETED,m3-1,7.906,"{'m1-1': 112.31, 'm2-1': 110.74, 'm3-1': 10.48, 'm4-1': 0.96, 'm5-1': 1.0, 'm6-1': 109.94, 'm7-1': 9.6, 'm8-1': 96.7}",15.72,34.730000000000004,45.21000000000001,inf,157.906,157.906
29,T1,BESTEFFORT,COMPLETED,m7-1,8.009,"{'m1-1': 112.0, 'm2-1': 101.64, 'm3-1': 10.89, 'm4-1': 1.05, 'm5-1': 1.02, 'm6-1': 98.5, 'm7-1': 11.48, 'm8-1': 108.05}",17.22,33.568,45.048,inf,158.00900000000001,158.00900000000001
30,T2,BESTEFFORT,COMPLETED,m6-1,8.234,"{'m1-1': 103.68, 'm2-1': 105.9, 'm3-1': 10.5, 'm4-1': 1.05, 'm5-1': 1.07, 'm6-1': 106.65, 'm7-1': 9.7, 'm8-1': 107.43}",159.97500000000002,8.234,114.884,inf,158.234,158.234
31,T2,BESTEFFORT,COMPLETED,m4-1,8.299,"{'m1-1': 111.08, 'm2-1': 100.52, 'm3-1': 10.05, 'm4-1': 0.99, 'm5-1': 1.1, 'm6-1': 110.83, 'm7-1': 9.74, 'm8-1': 103.93}",1.4849999999999999,11.454,12.444,inf,158.299,158.299
32,T3,BESTEFFORT,COMPLETED,m2-1,8.453,"{'m1-1': 94.2, 'm2-1': 102.07, 'm3-1': 10.08, 'm4-1': 1.08, 'm5-1': 1.13, 'm6-1': 99.05, 'm7-1': 9.9, 'm8-1': 101.34}",153.105,8.453,110.523,inf,158.453,158.453
33,T3,BESTEFFORT,COMPLETED,m8-1,8.512,"{'m1-1': 94.93, 'm2-1': 103.91, 'm3-1': 9.49, 'm4-1': 1.16, 'm5-1': 0.97, 'm6-1': 106.51, 'm7-1': 9.8, 'm8-1': 114.49}",171.73499999999999,8.512,123.002,inf,158.512,158.512
34,T2,BESTEFFORT,COMPLETED,m1-1,8.567,"{'m1-1': 103.21, 'm2-1': 99.85, 'm3-1': 10.51, 'm4-1': 0.98, 'm5-1': 1.13, 'm6-1': 108.53, 'm7-1': 9.67, 'm8-1': 103.01}",154.815,8.567,111.77699999999999,inf,158.567,158.567
35,T1,BESTEFFORT,MISSED,m2-1,8.747,"{'m1-1': 98.78, 'm2-1': 98.6, 'm3-1': 10.13, 'm4-1': 1.02, 'm5-1': 1.03, 'm6-1': 104.04, 'm7-1': 11.1, 'm8-1': 99.73}",72.33600000000003,110.523,inf,158.747,158.747,158.747
36,T2,BESTEFFORT,MISSED,m1-1,8.838,"{'m1-1': 103.93, 'm2-1': 98.29, 'm3-1': 9.96, 'm4-1': 1.03, 'm5-1': 1.0, 'm6-1': 105.64, 'm7-1': 9.85, 'm8-1': 92.42}",70.59150000000001,111.77699999999999,inf,158.838,158.838,158.838
37,T3,BESTEFFORT,COMPLETED,m5-1,9.079,"{'m1-1': 93.25, 'm2-1': 102.12, 'm3-1': 10.14, 'm4-1': 1.12, 'm5-1': 0.99, 'm6-1': 105.67, 'm7-1': 10.82, 'm8-1': 107.39}",1.4849999999999999,12.180000000000001,13.170000000000002,inf,159.079,159.079
38,T2,BESTEFFORT,MISSED,m8-1,9.167,"{'m1-1': 113.78, 'm2-1': 103.4, 'm3-1': 10.2, 'm4-1': 0.96, 'm5-1': 1.12, 'm6-1': 95.49, 'm7-1': 9.79, 'm8-1': 105.2}",54.24750000000001,123.002,inf,159.167,159.167,159.167
39,T4,BESTEFFORT,COMPLETED,m4-1,9.294,"{'m1-1': 97.51, 'm2-1': 106.56, 'm3-1': 10.34, 'm4-1': 0.94, 'm5-1': 1.01, 'm6-1': 103.92, 'm7-1': 10.82, 'm8-1': 110.9}",1.41,12.444,13.384,inf,159.294,159.294
40,T4,BESTEFFORT,MISSED,m6-1,9.328,"{'m1-1': 110.79, 'm2-1': 110.76, 'm3-1': 10.72, 'm4-1': 0.94, 'm5-1': 0.97, 'm6-1': 106.61, 'm7-1': 9.36, 'm8-1': 118.48}",66.666,114.884,inf,159.328,159.328,159.328
41,T2,BESTEFFORT,MISSED,m8-1,9.637,"{'m1-1': 105.46, 'm2-1': 109.5, 'm3-1': 10.83, 'm4-1': 0.98, 'm5-1': 1.12, 'm6-1': 98.4, 'm7-1': 9.7, 'm8-1': 95.88}",0.7049999999999983,159.167,inf,159.637,159.637,159.637
42,T3,BESTEFFORT,MISSED,m2-1,9.832,"{'m1-1': 97.69, 'm2-1': 107.18, 'm3-1': 10.44, 'm4-1': 1.08, 'm5-1': 1.06, 'm6-1': 107.07, 'm7-1': 11.12, 'm8-1': 106.51}",1.6274999999999693,158.747,inf,159.832,159.832,159.832
43,T1,BESTEFFORT,COMPLETED,m5-1,9.955,"{'m1-1': 101.53, 'm2-1': 96.57, 'm3-1': 11.3, 'm4-1': 0.99, 'm5-1': 1.03, 'm6-1': 102.18, 'm7-1': 10.59, 'm8-1': 111.66}",1.545,13.170000000000002,14.200000000000001,inf,159.955,159.955
44,T2,BESTEFFORT,MISSED,m6-1,10.097,"{'m1-1': 104.39, 'm2-1': 99.22, 'm3-1': 10.34, 'm4-1': 0.94, 'm5-1': 1.01, 'm6-1': 107.64, 'm7-1': 9.25, 'm8-1': 109.18}",1.1535000000000082,159.328,inf,160.097,160.097,160.097
45,T4,BESTEFFORT,COMPLETED,m4-1,10.535,"{'m1-1': 100.12, 'm2-1': 95.2, 'm3-1': 11.11, 'm4-1': 1.06, 'm5-1': 0.99, 'm6-1': 106.56, 'm7-1': 9.69, 'm8-1': 108.94}",1.59,13.384,14.444,inf,160.535,160.535
46,T1,BESTEFFORT,MISSED,m6-1,10.672,"{'m1-1': 104.27, 'm2-1': 111.86, 'm3-1': 11.26, 'm4-1': 1.15, 'm5-1': 1.13, 'm6-1': 100.24, 'm7-1': 11.05, 'm8-1': 98.98}",0.862499999999983,160.097,inf,160.672,160.672,160.672
47,T4,BESTEFFORT,MISSED,m8-1,10.814,"{'m1-1': 107.58, 'm2-1': 100.7, 'm3-1': 11.31, 'm4-1': 1.1, 'm5-1': 1.1, 'm6-1': 100.48, 'm7-1': 9.9, 'm8-1': 114.11}",1.7654999999999887,159.637,inf,160.814,160.814,160.814
48,T1,BESTEFFORT,MISSED,m2-1,10.83,"{'m1-1': 114.8, 'm2-1': 103.03, 'm3-1': 10.15, 'm4-1': 1.1, 'm5-1': 1.09, 'm6-1': 102.59, 'm7-1': 9.82, 'm8-1': 97.29}",1.4970000000000283,159.832,inf,160.83,160.83,160.83
49,T2,BESTEFFORT,MISSED,m1-1,11.065,"{'m1-1': 101.61, 'm2-1': 108.45, 'm3-1': 10.65, 'm4-1': 1.06, 'm5-1': 1.11, 'm6-1': 107.6, 'm7-1': 10.22, 'm8-1': 98.8}",3.340500000000006,158.838,inf,161.065,161.065,161.065
50,T4,BESTEFFORT,MISSED,m1-1,11.074,"{'m1-1': 97.52, 'm2-1': 98.17, 'm3-1': 9.59, 'm4-1': 0.99, 'm5-1': 1.03, 'm6-1': 101.56, 'm7-1': 9.38, 'm8-1': 107.43}",0.013500000000021828,161.065,inf,161.074,161.074,161.074
51,T1,BESTEFFORT,COMPLETED,m5-1,11.078,"{'m1-1': 112.92, 'm2-1': 97.7, 'm3-1': 11.36, 'm4-1': 1.07, 'm5-1': 1.09, 'm6-1': 101.94, 'm7-1': 10.25, 'm8-1': 103.15}",1.6350000000000002,14.200000000000001,15.290000000000001,inf,161.078,161.078
52,T4,BESTEFFORT,COMPLETED,m4-1,11.379,"{'m1-1': 107.1, 'm2-1': 100.89, 'm3-1': 11.13, 'm4-1': 0.93, 'm5-1': 1.03, 'm6-1': 94.91, 'm7-1': 10.46, 'm8-1': 113.98}",1.395,14.444,15.374,inf,161.379,161.379
53,T3,BESTEFFORT,COMPLETED,m5-1,12.448,"{'m1-1': 94.57, 'm2-1': 97.22, 'm3-1': 10.8, 'm4-1': 1.09, 'm5-1': 1.11, 'm6-1': 105.59, 'm7-1': 10.47, 'm8-1': 111.49}",1.665,15.290000000000001,16.400000000000002,inf,162.448,162.448
54,T4,BESTEFFORT,COMPLETED,m4-1,12.505,"{'m1-1': 111.13, 'm2-1': 103.23, 'm3-1': 10.77, 'm4-1': 1.04, 'm5-1': 1.06, 'm6-1': 103.14, 'm7-1': 9.88, 'm8-1': 109.3}",1.56,15.374,16.414,inf,162.505,162.505
55,T2,BESTEFFORT,COMPLETED,m5-1,12.526,"{'m1-1': 114.06, 'm2-1': 106.05, 'm3-1': 9.89, 'm4-1': 1.06, 'm5-1': 1.13, 'm6-1': 101.73, 'm7-1': 10.81, 'm8-1': 97.66}",1.6949999999999998,16.400000000000002,17.53,inf,162.526,162.526
56,T1,BESTEFFORT,COMPLETED,m5-1,12.614,"{'m1-1': 109.58, 'm2-1': 96.19, 'm3-1': 9.74, 'm4-1': 1.15, 'm5-1': 0.98, 'm6-1': 105.92, 'm7-1': 10.49, 'm8-1': 99.74}",1.47,19.7,20.68,inf,162.614,162.614
57,T2,BESTEFFORT,COMPLETED,m4-1,12.894,"{'m1-1': 104.96, 'm2-1': 112.61, 'm3-1': 10.19, 'm4-1': 1.06, 'm5-1': 1.07, 'm6-1': 98.51, 'm7-1': 10.05, 'm8-1': 98.71}",1.59,16.414,17.474,inf,162.894,162.894
58,T1,BESTEFFORT,COMPLETED,m7-1,13.581,"{'m1-1': 98.23, 'm2-1': 107.02, 'm3-1': 11.1, 'm4-1': 1.03, 'm5-1': 1.07, 'm6-1': 104.59, 'm7-1': 10.73, 'm8-1': 107.78}",16.095,45.048,55.778000000000006,inf,163.581,163.581
59,T3,BESTEFFORT,COMPLETED,m5-1,13.649,"{'m1-1': 95.36, 'm2-1': 92.01, 'm3-1': 9.89, 'm4-1': 1.17, 'm5-1': 1.13, 'm6-1': 98.37, 'm7-1': 9.68, 'm8-1': 107.02}",1.6949999999999998,17.53,18.66,inf,163.649,163.649
60,T2,BESTEFFORT,COMPLETED,m4-1,13.923,"{'m1-1': 105.05, 'm2-1': 112.11, 'm3-1': 10.74, 'm4-1': 0.96, 'm5-1': 1.13, 'm6-1': 112.88, 'm7-1': 9.68, 'm8-1': 96.13}",1.44,17.474,18.434,inf,163.923,163.923
61,T4,BESTEFFORT,COMPLETED,m3-1,14.518,"{'m1-1': 102.56, 'm2-1': 106.3, 'm3-1': 10.22, 'm4-1': 1.02, 'm5-1': 1.02, 'm6-1': 99.2, 'm7-1': 10.24, 'm8-1': 108.31}",15.330000000000002,45.21000000000001,55.43000000000001,inf,164.518,164.518
62,T3,BESTEFFORT,COMPLETED,m5-1,14.783,"{'m1-1': 91.96, 'm2-1': 108.63, 'm3-1': 10.34, 'm4-1': 1.06, 'm5-1': 1.04, 'm6-1': 110.16, 'm7-1': 11.24, 'm8-1': 116.41}",1.56,18.66,19.7,inf,164.783,164.783
63,T4,BESTEFFORT,COMPLETED,m4-1,15.342,"{'m1-1': 105.16, 'm2-1': 104.51, 'm3-1': 9.69, 'm4-1': 1.06, 'm5-1': 0.99, 'm6-1': 98.89, 'm7-1': 10.71, 'm8-1': 113.38}",1.59,18.434,19.494,inf,165.342,165.342
64,T1,BESTEFFORT,COMPLETED,m4-1,16.651,"{'m1-1': 116.39, 'm2-1': 102.89, 'm3-1': 11.22, 'm4-1': 1.15, 'm5-1': 0.98, 'm6-1': 110.87, 'm7-1': 9.7, 'm8-1': 109.62}",1.7249999999999999,19.494,20.644,inf,166.651,166.651
65,T3,BESTEFFORT,COMPLETED,m4-1,17.425,"{'m1-1': 94.02, 'm2-1': 100.47, 'm3-1': 10.15, 'm4-1': 1.17, 'm5-1': 1.08, 'm6-1': 102.61, 'm7-1': 10.17, 'm8-1': 112.69}",1.755,20.644,21.814,inf,167.425,167.425
66,T1,BESTEFFORT,COMPLETED,m5-1,17.684,"{'m1-1': 100.92, 'm2-1': 104.64, 'm3-1': 11.19, 'm4-1': 1.15, 'm5-1': 1.0, 'm6-1': 109.37, 'm7-1': 9.9, 'm8-1': 108.74}",1.5,20.68,21.68,inf,167.684,167.684
67,T1,BESTEFFORT,CANCELLED,,17.905,"{'m1-1': 105.23, 'm2-1': 109.02, 'm3-1': 10.62, 'm4-1': 1.13, 'm5-1': 1.12, 'm6-1': 109.87, 'm7-1': 10.68, 'm8-1': 108.0}",0.0,inf,inf,inf,167.905,167.905
68,T4,BESTEFFORT,CANCELLED,,18.094,"{'m1-1': 109.14, 'm2-1': 110.26, 'm3-1': 10.78, 'm4-1': 0.96, 'm5-1': 1.08, 'm6-1': 100.44, 'm7-1': 10.51, 'm8-1': 106.81}",0.0,inf,inf,inf,168.094,168.094
69,T2,BESTEFFORT,CANCELLED,,18.255,"{'m1-1': 103.16, 'm2-1': 107.38, 'm3-1': 11.15, 'm4-1': 0.96, 'm5-1': 1.06, 'm6-1': 111.67, 'm7-1': 10.37, 'm8-1': 106.03}",0.0,inf,inf,inf,168.255,168.255
70,T4,BESTEFFORT,COMPLETED,m5-1,18.335,"{'m1-1': 102.22, 'm2-1': 97.79, 'm3-1': 10.14, 'm4-1': 0.98, 'm5-1': 1.11, 'm6-1': 108.95, 'm7-1': 9.82, 'm8-1': 115.25}",1.665,26.05,27.16,inf,168.335,168.335
71,T4,BESTEFFORT,COMPLETED,m4-1,18.385,"{'m1-1': 101.12, 'm2-1': 102.24, 'm3-1': 10.86, 'm4-1': 0.97, 'm5-1': 0.96, 'm6-1': 102.9, 'm7-1': 9.57, 'm8-1': 110.36}",1.455,21.814,22.784,inf,168.385,168.385
72,T3,BESTEFFORT,MISSED,m2-1,18.455,"{'m1-1': 101.11, 'm2-1': 96.57, 'm3-1': 9.44, 'm4-1': 1.15, 'm5-1': 1.03, 'm6-1': 106.75, 'm7-1': 11.44, 'm8-1': 107.51}",11.437499999999957,160.83,inf,168.45499999999998,168.45499999999998,168.45499999999998
73,T4,BESTEFFORT,COMPLETED,m5-1,18.638,"{'m1-1': 97.41, 'm2-1': 110.06, 'm3-1': 9.87, 'm4-1': 1.04, 'm5-1': 1.14, 'm6-1': 102.83, 'm7-1': 9.28, 'm8-1': 103.05}",1.71,21.68,22.82,inf,168.638,168.638
74,T4,BESTEFFORT,COMPLETED,m4-1,18.794,"{'m1-1': 100.25, 'm2-1': 95.32, 'm3-1': 11.1, 'm4-1': 1.02, 'm5-1': 0.99, 'm6-1': 109.17, 'm7-1': 9.43, 'm8-1': 117.12}",1.53,22.784,23.804,inf,168.794,168.794
75,T4,BESTEFFORT,COMPLETED,m4-1,19.017,"{'m1-1': 99.62, 'm2-1': 110.2, 'm3-1': 10.65, 'm4-1': 1.03, 'm5-1': 0.96, 'm6-1': 100.03, 'm7-1': 10.88, 'm8-1': 110.32}",1.545,28.874,29.904,inf,169.017,169.017
76,T2,BESTEFFORT,CANCELLED,,19.023,"{'m1-1': 106.03, 'm2-1': 101.6, 'm3-1': 11.22, 'm4-1': 0.93, 'm5-1': 1.14, 'm6-1': 102.51, 'm7-1': 9.26, 'm8-1': 96.2}",0.0,inf,inf,inf,169.023,169.023
77,T4,BESTEFFORT,COMPLETED,m5-1,19.031,"{'m1-1': 111.37, 'm2-1': 106.82, 'm3-1': 9.63, 'm4-1': 1.07, 'm5-1': 1.1, 'm6-1': 103.68, 'm7-1': 10.44, 'm8-1': 116.9}",1.6500000000000001,23.91,25.01,inf,169.031,169.031
78,T4,BESTEFFORT,COMPLETED,m4-1,19.164,"{'m1-1': 107.11, 'm2-1': 95.05, 'm3-1': 9.63, 'm4-1': 1.01, 'm5-1': 1.08, 'm6-1': 97.45, 'm7-1': 9.58, 'm8-1': 117.1}",1.5150000000000001,32.044000000000004,33.054,inf,169.164,169.164
79,T1,BESTEFFORT,CANCELLED,,19.289,"{'m1-1': 111.2, 'm2-1': 111.44, 'm3-1': 11.06, 'm4-1': 1.07, 'm5-1': 0.97, 'm6-1': 99.49, 'm7-1': 10.95, 'm8-1': 101.48}",0.0,inf,inf,inf,169.289,169.289
80,T1,BESTEFFORT,COMPLETED,m5-1,19.502,"{'m1-1': 106.76, 'm2-1': 102.83, 'm3-1': 10.04, 'm4-1': 1.14, 'm5-1': 1.09, 'm6-1': 99.97, 'm7-1': 10.62, 'm8-1': 96.85}",1.6350000000000002,22.82,23.91,inf,169.502,169.502
81,T2,BESTEFFORT,COMPLETED,m4-1,19.709,"{'m1-1': 98.79, 'm2-1': 112.26, 'm3-1': 10.79, 'm4-1': 0.97, 'm5-1': 1.0, 'm6-1': 95.92, 'm7-1': 10.58, 'm8-1': 102.21}",1.455,23.804,24.773999999999997,inf,169.709,169.709
82,T2,BESTEFFORT,COMPLETED,m4-1,20.083,"{'m1-1': 98.62, 'm2-1': 100.19, 'm3-1': 10.81, 'm4-1': 1.05, 'm5-1': 1.06, 'm6-1': 109.94, 'm7-1': 9.27, 'm8-1': 99.69}",1.5750000000000002,27.823999999999998,28.874,inf,170.083,170.083
83,T4,BESTEFFORT,COMPLETED,m5-1,20.714,"{'m1-1': 97.11, 'm2-1': 110.03, 'm3-1': 9.71, 'm4-1': 0.94, 'm5-1': 1.04, 'm6-1': 108.31, 'm7-1': 9.81, 'm8-1': 115.48}",1.56,25.01,26.05,inf,170.714,170.714
84,T2,BESTEFFORT,COMPLETED,m4-1,21.062,"{'m1-1': 111.93, 'm2-1': 100.41, 'm3-1': 10.52, 'm4-1': 1.09, 'm5-1': 1.03, 'm6-1': 108.73, 'm7-1': 10.45, 'm8-1': 93.14}",1.6350000000000002,25.714,26.804,inf,171.062,171.062
85,T3,BESTEFFORT,CANCELLED,,21.098,"{'m1-1': 96.2, 'm2-1': 97.61, 'm3-1': 10.12, 'm4-1': 1.17, 'm5-1': 1.0, 'm6-1': 101.23, 'm7-1': 9.82, 'm8-1': 108.7}",0.0,inf,inf,inf,171.098,171.098
86,T2,BESTEFFORT,COMPLETED,m4-1,21.215,"{'m1-1': 102.77, 'm2-1': 97.32, 'm3-1': 11.09, 'm4-1': 0.94, 'm5-1': 1.12, 'm6-1': 107.21, 'm7-1': 9.72, 'm8-1': 98.47}",1.41,24.773999999999997,25.714,inf,171.215,171.215
87,T2,BESTEFFORT,COMPLETED,m4-1,21.365,"{'m1-1': 104.46, 'm2-1': 98.72, 'm3-1': 9.97, 'm4-1': 1.02, 'm5-1': 1.0, 'm6-1': 105.96, 'm7-1': 10.82, 'm8-1': 106.65}",1.53,26.804,27.823999999999998,inf,171.365,171.365
88,T4,BESTEFFORT,COMPLETED,m5-1,21.507,"{'m1-1': 101.51, 'm2-1': 103.26, 'm3-1': 10.15, 'm4-1': 1.04, 'm5-1': 1.07, 'm6-1': 101.46, 'm7-1': 9.56, 'm8-1': 114.85}",1.605,145.16000000000005,146.23000000000005,inf,171.507,171.507
89,T3,BESTEFFORT,COMPLETED,m4-1,21.752,"{'m1-1': 107.71, 'm2-1': 92.4, 'm3-1': 10.83, 'm4-1': 1.08, 'm5-1': 0.98, 'm6-1': 104.5, 'm7-1': 11.14, 'm8-1': 111.1}",1.62,120.54400000000004,121.62400000000004,inf,171.752,171.752
90,T4,BESTEFFORT,COMPLETED,m5-1,22.114,"{'m1-1': 109.39, 'm2-1': 106.5, 'm3-1': 10.56, 'm4-1': 1.02, 'm5-1': 1.04, 'm6-1': 102.99, 'm7-1': 9.75, 'm8-1': 109.54}",1.56,48.99000000000001,50.03000000000001,inf,172.114,172.114
91,T1,BESTEFFORT,COMPLETED,m5-1,22.46,"{'m1-1': 109.5, 'm2-1': 96.95, 'm3-1': 10.72, 'm4-1': 1.03, 'm5-1': 1.08, 'm6-1': 108.07, 'm7-1': 10.04, 'm8-1': 99.59}",1.62,146.23000000000005,147.31000000000006,inf,172.46,172.46
92,T1,BESTEFFORT,COMPLETED,m5-1,22.474,"{'m1-1': 102.42, 'm2-1': 99.76, 'm3-1': 10.42, 'm4-1': 1.11, 'm5-1': 1.05, 'm6-1': 112.06, 'm7-1': 11.35, 'm8-1': 103.5}",1.5750000000000002,170.98000000000013,172.03000000000014,inf,172.474,172.474
93,T3,BESTEFFORT,COMPLETED,m5-1,23.094,"{'m1-1': 97.39, 'm2-1': 108.5, 'm3-1': 10.07, 'm4-1': 1.15, 'm5-1': 1.05, 'm6-1': 106.85, 'm7-1': 10.98, 'm8-1': 103.4}",1.5750000000000002,28.12,29.17,inf,173.094,173.094
94,T2,BESTEFFORT,COMPLETED,m7-1,23.127,"{'m1-1': 99.38, 'm2-1': 104.27, 'm3-1': 11.11, 'm4-1': 0.99, 'm5-1': 1.03, 'm6-1': 108.94, 'm7-1': 10.44, 'm8-1': 109.43}",15.66,55.778000000000006,66.218,inf,173.127,173.127
95,T4,BESTEFFORT,COMPLETED,m4-1,23.53,"{'m1-1': 96.36, 'm2-1': 112.58, 'm3-1': 11.35, 'm4-1': 0.97, 'm5-1': 0.98, 'm6-1': 106.51, 'm7-1': 10.5, 'm8-1': 100.24}",1.455,146.41399999999996,147.38399999999996,inf,173.53,173.53
96,T4,BESTEFFORT,COMPLETED,m5-1,23.82,"{'m1-1': 104.26, 'm2-1': 112.87, 'm3-1': 10.34, 'm4-1': 1.02, 'm5-1': 0.96, 'm6-1': 101.25, 'm7-1': 10.72, 'm8-1': 102.13}",1.44,27.16,28.12,inf,173.82,173.82
97,T4,BESTEFFORT,COMPLETED,m4-1,23.902,"{'m1-1': 111.16, 'm2-1': 108.4, 'm3-1': 10.12, 'm4-1': 1.09, 'm5-1': 0.97, 'm6-1': 98.65, 'm7-1': 10.71, 'm8-1': 104.4}",1.6350000000000002,162.99399999999994,164.08399999999995,inf,173.902,173.902
98,T4,BESTEFFORT,COMPLETED,m3-1,24.493,"{'m1-1': 111.81, 'm2-1': 102.93, 'm3-1': 9.8, 'm4-1': 1.06, 'm5-1': 1.07, 'm6-1': 93.31, 'm7-1': 10.3, 'm8-1': 113.64}",14.700000000000001,55.43000000000001,65.23,inf,174.493,174.493
99,T1,BESTEFFORT,COMPLETED,m5-1,24.823,"{'m1-1': 116.17, 'm2-1': 110.14, 'm3-1': 10.65, 'm4-1': 1.1, 'm5-1': 0.95, 'm6-1': 115.98, 'm7-1': 10.89, 'm8-1': 100.99}",1.4249999999999998,32.21,33.160000000000004,inf,174.823,174.823
100,T1,BESTEFFORT,COMPLETED,m5-1,24.873,"{'m1-1': 112.92, 'm2-1': 104.67, 'm3-1': 9.97, 'm4-1': 1.0, 'm5-1': 1.02, 'm6-1': 100.47, 'm7-1': 9.84, 'm8-1': 95.6}",1.53,33.160000000000004,34.18000000000001,inf,174.873,174.873
101,T1,BESTEFFORT,CANCELLED,,25.031,"{'m1-1': 109.22, 'm2-1': 95.95, 'm3-1': 10.08, 'm4-1': 1.02, 'm5-1': 0.98, 'm6-1': 107.7, 'm7-1': 10.21, 'm8-1': 96.95}",0.0,inf,inf,inf,175.031,175.031
102,T2,BESTEFFORT,CANCELLED,,25.073,"{'m1-1': 106.22, 'm2-1': 112.99, 'm3-1': 10.33, 'm4-1': 0.96, 'm5-1': 1.02, 'm6-1': 106.91, 'm7-1': 10.11, 'm8-1': 102.07}",0.0,inf,inf,inf,175.073,175.073
103,T4,BESTEFFORT,COMPLETED,m5-1,25.097,"{'m1-1': 111.22, 'm2-1': 100.06, 'm3-1': 10.22, 'm4-1': 0.94, 'm5-1': 0.96, 'm6-1': 97.12, 'm7-1': 9.23, 'm8-1': 104.6}",1.44,29.17,30.130000000000003,inf,175.097,175.097
104,T4,BESTEFFORT,COMPLETED,m4-1,25.336,"{'m1-1': 104.55, 'm2-1': 100.45, 'm3-1': 11.35, 'm4-1': 1.09, 'm5-1': 1.05, 'm6-1': 98.89, 'm7-1': 10.6, 'm8-1': 110.86}",1.6350000000000002,172.38399999999996,173.47399999999996,inf,175.336,175.336
105,T3,BESTEFFORT,COMPLETED,m3-1,25.401,"{'m1-1': 103.91, 'm2-1': 106.76, 'm3-1': 9.3, 'm4-1': 1.14, 'm5-1': 1.1, 'm6-1': 113.58, 'm7-1': 10.29, 'm8-1': 113.52}",13.950000000000001,65.23,74.53,inf,175.401,175.401
106,T3,BESTEFFORT,COMPLETED,m5-1,25.647,"{'m1-1': 95.51, 'm2-1': 96.47, 'm3-1': 10.9, 'm4-1': 1.15, 'm5-1': 1.02, 'm6-1': 107.99, 'm7-1': 11.07, 'm8-1': 101.6}",1.53,30.130000000000003,31.150000000000002,inf,175.647,175.647
107,T4,BESTEFFORT,MISSED,m6-1,25.737,"{'m1-1': 95.93, 'm2-1': 106.26, 'm3-1': 10.56, 'm4-1': 1.1, 'm5-1': 1.02, 'm6-1': 98.55, 'm7-1': 10.46, 'm8-1': 103.93}",22.597499999999997,160.672,inf,175.737,175.737,175.737
108,T1,BESTEFFORT,CANCELLED,,25.933,"{'m1-1': 101.75, 'm2-1': 104.13, 'm3-1': 9.9, 'm4-1': 1.03, 'm5-1': 1.04, 'm6-1': 109.44, 'm7-1': 10.27, 'm8-1': 106.74}",0.0,inf,inf,inf,175.933,175.933
109,T4,BESTEFFORT,COMPLETED,m4-1,26.706,"{'m1-1': 99.84, 'm2-1': 111.59, 'm3-1': 9.62, 'm4-1': 1.08, 'm5-1': 1.11, 'm6-1': 99.63, 'm7-1': 10.77, 'm8-1': 102.98}",1.62,29.904,30.984,inf,176.706,176.706
110,T2,BESTEFFORT,COMPLETED,m4-1,26.922,"{'m1-1': 104.08, 'm2-1': 100.06, 'm3-1': 10.34, 'm4-1': 1.06, 'm5-1': 1.02, 'm6-1': 113.17, 'm7-1': 9.34, 'm8-1': 96.02}",1.59,30.984,32.044000000000004,inf,176.922,176.922
111,T3,BESTEFFORT,COMPLETED,m5-1,27.221,"{'m1-1': 103.15, 'm2-1': 95.04, 'm3-1': 10.03, 'm4-1': 1.13, 'm5-1': 1.13, 'm6-1': 97.66, 'm7-1': 11.31, 'm8-1': 112.25}",1.6949999999999998,34.18000000000001,35.31000000000001,inf,177.221,177.221
112,T4,BESTEFFORT,MISSED,m7-1,27.295,"{'m1-1': 113.02, 'm2-1': 108.7, 'm3-1': 10.34, 'm4-1': 1.09, 'm5-1': 1.03, 'm6-1': 104.62, 'm7-1': 9.24, 'm8-1': 110.95}",3.2655000000000314,175.118,inf,177.29500000000002,177.29500000000002,177.29500000000002
113,T3,BESTEFFORT,COMPLETED,m3-1,27.319,"{'m1-1': 91.9, 'm2-1': 95.04, 'm3-1': 10.08, 'm4-1': 1.01, 'm5-1': 1.0, 'm6-1': 111.07, 'm7-1': 11.19, 'm8-1': 104.89}",15.120000000000001,93.69,103.77,inf,177.319,177.319
114,T1,BESTEFFORT,COMPLETED,m5-1,27.496,"{'m1-1': 109.11, 'm2-1': 105.34, 'm3-1': 9.73, 'm4-1': 1.14, 'm5-1': 1.06, 'm6-1': 107.44, 'm7-1': 11.43, 'm8-1': 97.66}",1.59,31.150000000000002,32.21,inf,177.496,177.496
115,T3,BESTEFFORT,CANCELLED,,27.539,"{'m1-1': 97.9, 'm2-1': 91.93, 'm3-1': 10.88, 'm4-1': 1.1, 'm5-1': 1.07, 'm6-1': 115.08, 'm7-1': 9.71, 'm8-1': 102.01}",0.0,inf,inf,inf,177.539,177.539
116,T4,BESTEFFORT,COMPLETED,m4-1,28.08,"{'m1-1': 108.45, 'm2-1': 101.71, 'm3-1': 11.11, 'm4-1': 1.01, 'm5-1': 1.01, 'm6-1': 109.23, 'm7-1': 9.71, 'm8-1': 101.44}",1.5150000000000001,173.47399999999996,174.48399999999995,inf,178.07999999999998,178.07999999999998
117,T2,BESTEFFORT,COMPLETED,m4-1,29.733,"{'m1-1': 104.08, 'm2-1': 105.55, 'm3-1': 10.29, 'm4-1': 1.01, 'm5-1': 1.12, 'm6-1': 108.73, 'm7-1': 9.65, 'm8-1': 92.64}",1.5150000000000001,33.054,34.064,inf,179.733,179.733
118,T4,BESTEFFORT,COMPLETED,m4-1,30.188,"{'m1-1': 108.91, 'm2-1': 112.38, 'm3-1': 11.37, 'm4-1': 1.05, 'm5-1': 1.1, 'm6-1': 105.62, 'm7-1': 9.63, 'm8-1': 116.88}",1.5750000000000002,34.064,35.114,inf,180.188,180.188
119,T3,BESTEFFORT,MISSED,m6-1,30.262,"{'m1-1': 102.57, 'm2-1': 104.45, 'm3-1': 10.28, 'm4-1': 1.18, 'm5-1': 1.1, 'm6-1': 107.93, 'm7-1': 11.03, 'm8-1': 118.2}",0.0,261.92,inf,261.92,180.262,180.262
120,T2,BESTEFFORT,COMPLETED,m4-1,30.475,"{'m1-1': 113.59, 'm2-1': 105.09, 'm3-1': 10.66, 'm4-1': 1.04, 'm5-1': 1.07, 'm6-1': 106.02, 'm7-1': 10.58, 'm8-1': 106.6}",1.56,37.10399999999999,38.14399999999999,inf,180.475,180.475
121,T1,BESTEFFORT,MISSED,m8-1,30.508,"{'m1-1': 110.2, 'm2-1': 100.64, 'm3-1': 10.66, 'm4-1': 1.02, 'm5-1': 1.04, 'm6-1': 101.57, 'm7-1': 10.4, 'm8-1': 104.56}",0.0,257.141,inf,257.141,180.508,180.508
122,T2,BESTEFFORT,COMPLETED,m5-1,30.881,"{'m1-1': 99.46, 'm2-1': 107.13, 'm3-1': 9.88, 'm4-1': 1.01, 'm5-1': 1.13, 'm6-1': 108.84, 'm7-1': 10.87, 'm8-1': 98.83}",1.6949999999999998,162.59000000000012,163.7200000000001,inf,180.881,180.881
123,T2,BESTEFFORT,COMPLETED,m5-1,31.127,"{'m1-1': 100.88, 'm2-1': 110.15, 'm3-1': 11.41, 'm4-1': 0.94, 'm5-1': 1.02, 'm6-1': 102.5, 'm7-1': 10.92, 'm8-1': 108.02}",1.53,172.03000000000014,173.05000000000015,inf,181.127,181.127
124,T2,BESTEFFORT,COMPLETED,m4-1,31.222,"{'m1-1': 103.21, 'm2-1': 105.09, 'm3-1': 10.99, 'm4-1': 0.98, 'm5-1': 0.99, 'm6-1': 112.95, 'm7-1': 10.16, 'm8-1': 98.07}",1.47,35.114,36.093999999999994,inf,181.222,181.222
125,T2,BESTEFFORT,COMPLETED,m4-1,31.54,"{'m1-1': 107.18, 'm2-1': 102.5, 'm3-1': 10.69, 'm4-1': 0.99, 'm5-1': 1.16, 'm6-1': 103.06, 'm7-1': 9.78, 'm8-1': 97.19}",1.4849999999999999,40.09399999999999,41.08399999999999,inf,181.54,181.54
126,T4,BESTEFFORT,COMPLETED,m4-1,31.642,"{'m1-1': 107.95, 'm2-1': 110.06, 'm3-1': 10.15, 'm4-1': 1.01, 'm5-1': 1.09, 'm6-1': 104.19, 'm7-1': 9.27, 'm8-1': 102.32}",1.5150000000000001,36.093999999999994,37.10399999999999,inf,181.642,181.642
127,T4,BESTEFFORT,COMPLETED,m5-1,31.781,"{'m1-1': 109.15, 'm2-1': 110.29, 'm3-1': 10.48, 'm4-1': 1.07, 'm5-1': 1.06, 'm6-1': 99.32, 'm7-1': 10.34, 'm8-1': 116.13}",1.59,35.31000000000001,36.37000000000001,inf,181.781,181.781
128,T2,BESTEFFORT,COMPLETED,m5-1,32.235,"{'m1-1': 102.76, 'm2-1': 111.39, 'm3-1': 10.68, 'm4-1': 1.06, 'm5-1': 1.04, 'm6-1': 109.76, 'm7-1': 9.73, 'm8-1': 101.45}",1.56,42.81000000000001,43.85000000000001,inf,182.235,182.235
129,T4,BESTEFFORT,COMPLETED,m7-1,32.827,"{'m1-1': 105.67, 'm2-1': 110.63, 'm3-1': 10.64, 'm4-1': 1.04, 'm5-1': 0.98, 'm6-1': 95.81, 'm7-1': 9.3, 'm8-1': 112.47}",13.950000000000001,77.108,86.408,inf,182.827,182.827
130,T3,BESTEFFORT,COMPLETED,m5-1,32.875,"{'m1-1': 109.01, 'm2-1': 91.96, 'm3-1': 9.26, 'm4-1': 1.09, 'm5-1': 1.08, 'm6-1': 102.3, 'm7-1': 9.93, 'm8-1': 114.65}",1.62,38.52000000000001,39.60000000000001,inf,182.875,182.875
131,T1,BESTEFFORT,COMPLETED,m5-1,33.02,"{'m1-1': 105.37, 'm2-1': 108.29, 'm3-1': 10.92, 'm4-1': 1.16, 'm5-1': 1.07, 'm6-1': 99.87, 'm7-1': 10.6, 'm8-1': 95.67}",1.605,36.37000000000001,37.44000000000001,inf,183.02,183.02
132,T4,BESTEFFORT,COMPLETED,m4-1,33.054,"{'m1-1': 100.22, 'm2-1': 107.95, 'm3-1': 10.0, 'm4-1': 1.08, 'm5-1': 1.0, 'm6-1': 102.41, 'm7-1': 10.43, 'm8-1': 105.81}",1.62,123.72400000000005,124.80400000000004,inf,183.054,183.054
133,T4,BESTEFFORT,COMPLETED,m7-1,33.446,"{'m1-1': 106.54, 'm2-1': 112.04, 'm3-1': 10.35, 'm4-1': 1.02, 'm5-1': 1.13, 'm6-1': 106.11, 'm7-1': 10.89, 'm8-1': 115.48}",16.335,66.218,77.108,inf,183.446,183.446
134,T3,BESTEFFORT,COMPLETED,m4-1,33.605,"{'m1-1': 103.74, 'm2-1': 97.45, 'm3-1': 9.66, 'm4-1': 1.18, 'm5-1': 1.07, 'm6-1': 113.34, 'm7-1': 9.8, 'm8-1': 106.46}",1.77,164.08399999999995,165.26399999999995,inf,183.605,183.605
135,T4,BESTEFFORT,COMPLETED,m5-1,33.738,"{'m1-1': 104.61, 'm2-1': 98.67, 'm3-1': 11.34, 'm4-1': 0.97, 'm5-1': 1.08, 'm6-1': 96.74, 'm7-1': 10.21, 'm8-1': 113.22}",1.62,37.44000000000001,38.52000000000001,inf,183.738,183.738
136,T1,BESTEFFORT,COMPLETED,m5-1,33.783,"{'m1-1': 115.23, 'm2-1': 99.64, 'm3-1': 10.94, 'm4-1': 1.1, 'm5-1': 0.96, 'm6-1': 111.85, 'm7-1': 9.98, 'm8-1': 98.1}",1.44,45.85000000000001,46.81000000000001,inf,183.78300000000002,183.78300000000002
137,T4,BESTEFFORT,COMPLETED,m4-1,34.506,"{'m1-1': 111.41, 'm2-1': 98.95, 'm3-1': 9.86, 'm4-1': 1.01, 'm5-1': 1.02, 'm6-1': 105.44, 'm7-1': 9.54, 'm8-1': 113.79}",1.5150000000000001,38.14399999999999,39.15399999999999,inf,184.506,184.506
138,T2,BESTEFFORT,COMPLETED,m4-1,35.072,"{'m1-1': 97.54, 'm2-1': 111.11, 'm3-1': 9.85, 'm4-1': 0.94, 'm5-1': 1.08, 'm6-1': 108.94, 'm7-1': 9.45, 'm8-1': 98.68}",1.41,39.15399999999999,40.09399999999999,inf,185.072,185.072
139,T3,BESTEFFORT,COMPLETED,m5-1,35.344,"{'m1-1': 102.6, 'm2-1': 105.92, 'm3-1': 9.9, 'm4-1': 1.18, 'm5-1': 0.98, 'm6-1': 113.02, 'm7-1': 10.99, 'm8-1': 116.94}",1.47,39.60000000000001,40.580000000000005,inf,185.344,185.344
140,T2,BESTEFFORT,COMPLETED,m4-1,35.347,"{'m1-1': 97.48, 'm2-1': 101.94, 'm3-1': 11.09, 'm4-1': 1.08, 'm5-1': 1.12, 'm6-1': 106.02, 'm7-1': 10.01, 'm8-1': 94.08}",1.62,42.14399999999999,43.22399999999999,inf,185.347,185.347
141,T4,BESTEFFORT,CANCELLED,,35.607,"{'m1-1': 107.63, 'm2-1': 112.87, 'm3-1': 9.72, 'm4-1': 0.93, 'm5-1': 1.07, 'm6-1': 107.96, 'm7-1': 10.83, 'm8-1': 107.51}",0.0,inf,inf,inf,185.607,185.607
142,T2,BESTEFFORT,COMPLETED,m5-1,35.655,"{'m1-1': 99.74, 'm2-1': 98.95, 'm3-1': 11.05, 'm4-1': 0.98, 'm5-1': 1.14, 'm6-1': 106.65, 'm7-1': 10.73, 'm8-1': 96.86}",1.71,40.580000000000005,41.720000000000006,inf,185.655,185.655
143,T3,BESTEFFORT,COMPLETED,m5-1,35.973,"{'m1-1': 103.05, 'm2-1': 100.21, 'm3-1': 10.08, 'm4-1': 1.08, 'm5-1': 0.98, 'm6-1': 104.81, 'm7-1': 10.88, 'm8-1': 118.67}",1.47,147.31000000000006,148.29000000000005,inf,185.973,185.973
144,T1,BESTEFFORT,COMPLETED,m4-1,36.278,"{'m1-1': 116.24, 'm2-1': 99.93, 'm3-1': 10.17, 'm4-1': 1.02, 'm5-1': 1.02, 'm6-1': 113.07, 'm7-1': 11.41, 'm8-1': 103.98}",1.53,147.38399999999996,148.40399999999997,inf,186.278,186.278
145,T3,BESTEFFORT,CANCELLED,,36.903,"{'m1-1': 100.04, 'm2-1': 99.14, 'm3-1': 10.15, 'm4-1': 1.01, 'm5-1': 1.11, 'm6-1': 108.19, 'm7-1': 10.63, 'm8-1': 115.49}",0.0,inf,inf,inf,186.903,186.903
146,T2,BESTEFFORT,COMPLETED,m7-1,37.03,"{'m1-1': 105.34, 'm2-1': 112.81, 'm3-1': 10.27, 'm4-1': 0.97, 'm5-1': 1.09, 'm6-1': 111.07, 'm7-1': 9.49, 'm8-1': 92.64}",14.235,106.27799999999999,115.76799999999999,inf,187.03,187.03
147,T1,BESTEFFORT,COMPLETED,m5-1,37.075,"{'m1-1': 103.81, 'm2-1': 99.92, 'm3-1': 10.96, 'm4-1': 1.16, 'm5-1': 1.09, 'm6-1': 104.68, 'm7-1': 10.03, 'm8-1': 99.52}",1.6350000000000002,41.720000000000006,42.81000000000001,inf,187.075,187.075
148,T3,BESTEFFORT,CANCELLED,,37.401,"{'m1-1': 92.87, 'm2-1': 94.53, 'm3-1': 10.86, 'm4-1': 1.0, 'm5-1': 1.07, 'm6-1': 99.02, 'm7-1': 10.48, 'm8-1': 100.53}",0.0,inf,inf,inf,187.401,187.401
149,T4,BESTEFFORT,COMPLETED,m4-1,37.836,"{'m1-1': 104.99, 'm2-1': 107.8, 'm3-1': 10.26, 'm4-1': 1.06, 'm5-1': 1.03, 'm6-1': 104.42, 'm7-1': 9.19, 'm8-1': 100.41}",1.59,41.08399999999999,42.14399999999999,inf,187.836,187.836
150,T4,BESTEFFORT,COMPLETED,m5-1,37.912,"{'m1-1': 111.42, 'm2-1': 107.08, 'm3-1': 11.33, 'm4-1': 1.04, 'm5-1': 1.13, 'm6-1': 104.18, 'm7-1': 9.4, 'm8-1': 100.75}",1.6949999999999998,148.29000000000005,149.42000000000004,inf,187.912,187.912
151,T1,BESTEFFORT,COMPLETED,m5-1,38.028,"{'m1-1': 111.14, 'm2-1': 112.48, 'm3-1': 9.78, 'm4-1': 1.12, 'm5-1': 1.03, 'm6-1': 107.56, 'm7-1': 10.52, 'm8-1': 96.34}",1.545,173.05000000000015,174.08000000000015,inf,188.028,188.028
152,T3,BESTEFFORT,CANCELLED,,38.342,"{'m1-1': 101.7, 'm2-1': 105.42, 'm3-1': 9.79, 'm4-1': 1.13, 'm5-1': 1.07, 'm6-1': 101.55, 'm7-1': 9.89, 'm8-1': 106.6}",0.0,inf,inf,inf,188.34199999999998,188.34199999999998
153,T1,BESTEFFORT,CANCELLED,,38.433,"{'m1-1': 113.08, 'm2-1': 105.76, 'm3-1': 10.1, 'm4-1': 1.12, 'm5-1': 1.03, 'm6-1': 109.22, 'm7-1': 9.75, 'm8-1': 101.41}",0.0,inf,inf,inf,188.433,188.433
154,T3,BESTEFFORT,CANCELLED,,38.468,"{'m1-1': 94.08, 'm2-1': 102.75, 'm3-1': 9.32, 'm4-1': 1.04, 'm5-1': 1.09, 'm6-1': 102.3, 'm7-1': 9.84, 'm8-1': 102.08}",0.0,inf,inf,inf,188.46800000000002,188.46800000000002
155,T4,BESTEFFORT,COMPLETED,m4-1,38.508,"{'m1-1': 96.66, 'm2-1': 101.25, 'm3-1': 11.33, 'm4-1': 0.99, 'm5-1': 1.07, 'm6-1': 103.73, 'm7-1': 10.3, 'm8-1': 110.78}",1.4849999999999999,43.22399999999999,44.21399999999999,inf,188.508,188.508
156,T1,BESTEFFORT,COMPLETED,m4-1,38.713,"{'m1-1': 103.81, 'm2-1': 104.45, 'm3-1': 11.38, 'm4-1': 1.11, 'm5-1': 1.04, 'm6-1': 97.79, 'm7-1': 10.19, 'm8-1': 98.74}",1.665,44.21399999999999,45.32399999999999,inf,188.713,188.713
157,T4,BESTEFFORT,COMPLETED,m5-1,38.999,"{'m1-1': 100.2, 'm2-1': 96.81, 'm3-1': 10.14, 'm4-1': 0.93, 'm5-1': 0.99, 'm6-1': 93.28, 'm7-1': 9.2, 'm8-1': 109.51}",1.4849999999999999,174.08000000000015,175.07000000000016,inf,188.999,188.999
158,T3,BESTEFFORT,COMPLETED,m3-1,39.579,"{'m1-1': 101.47, 'm2-1': 92.01, 'm3-1': 9.83, 'm4-1': 1.12, 'm5-1': 1.1, 'm6-1': 109.82, 'm7-1': 10.53, 'm8-1': 111.32}",14.745000000000001,74.53,84.36,inf,189.579,189.579
159,T2,BESTEFFORT,COMPLETED,m5-1,39.661,"{'m1-1': 101.57, 'm2-1': 105.46, 'm3-1': 11.41, 'm4-1': 0.98, 'm5-1': 1.01, 'm6-1': 112.27, 'm7-1': 9.89, 'm8-1': 107.19}",1.5150000000000001,44.84000000000001,45.85000000000001,inf,189.661,189.661
160,T3,BESTEFFORT,CANCELLED,,40.113,"{'m1-1': 92.34, 'm2-1': 98.92, 'm3-1': 10.94, 'm4-1': 1.02, 'm5-1': 1.03, 'm6-1': 106.23, 'm7-1': 10.21, 'm8-1': 114.73}",0.0,inf,inf,inf,190.113,190.113
161,T3,BESTEFFORT,COMPLETED,m5-1,40.569,"{'m1-1': 100.74, 'm2-1': 97.42, 'm3-1': 9.97, 'm4-1': 1.09, 'm5-1': 0.99, 'm6-1': 106.79, 'm7-1': 11.3, 'm8-1': 106.33}",1.4849999999999999,43.85000000000001,44.84000000000001,inf,190.56900000000002,190.56900000000002
162,T1,BESTEFFORT,CANCELLED,,41.823,"{'m1-1': 110.78, 'm2-1': 111.42, 'm3-1': 9.89, 'm4-1': 1.02, 'm5-1': 1.12, 'm6-1': 100.9, 'm7-1': 10.31, 'm8-1': 103.85}",0.0,inf,inf,inf,191.823,191.823
163,T2,BESTEFFORT,COMPLETED,m4-1,41.883,"{'m1-1': 111.64, 'm2-1': 110.89, 'm3-1': 10.7, 'm4-1': 0.99, 'm5-1': 1.03, 'm6-1': 96.07, 'm7-1': 9.8, 'm8-1': 95.92}",1.4849999999999999,148.40399999999997,149.39399999999998,inf,191.883,191.883
164,T1,BESTEFFORT,COMPLETED,m4-1,42.006,"{'m1-1': 102.52, 'm2-1': 101.91, 'm3-1': 10.43, 'm4-1': 1.03, 'm5-1': 0.97, 'm6-1': 115.4, 'm7-1': 9.99, 'm8-1': 107.95}",1.545,45.32399999999999,46.35399999999999,inf,192.006,192.006
165,T3,BESTEFFORT,COMPLETED,m3-1,42.225,"{'m1-1': 102.96, 'm2-1': 104.64, 'm3-1': 9.33, 'm4-1': 1.08, 'm5-1': 1.15, 'm6-1': 110.52, 'm7-1': 10.67, 'm8-1': 115.98}",13.995000000000001,84.36,93.69,inf,192.225,192.225
166,T2,BESTEFFORT,COMPLETED,m4-1,42.228,"{'m1-1': 96.83, 'm2-1': 96.83, 'm3-1': 10.22, 'm4-1': 1.01, 'm5-1': 0.99, 'm6-1': 98.03, 'm7-1': 9.92, 'm8-1': 100.46}",1.5150000000000001,46.35399999999999,47.36399999999999,inf,192.228,192.228
167,T4,BESTEFFORT,COMPLETED,m5-1,42.276,"{'m1-1': 99.45, 'm2-1': 110.0, 'm3-1': 10.54, 'm4-1': 0.96, 'm5-1': 1.13, 'm6-1': 107.92, 'm7-1': 10.78, 'm8-1': 111.36}",1.6949999999999998,46.81000000000001,47.94000000000001,inf,192.276,192.276
168,T2,BESTEFFORT,COMPLETED,m4-1,42.76,"{'m1-1': 101.9, 'm2-1': 109.15, 'm3-1': 10.05, 'm4-1': 1.06, 'm5-1': 1.05, 'm6-1': 103.78, 'm7-1': 9.51, 'm8-1': 94.04}",1.59,183.59399999999997,184.65399999999997,inf,192.76,192.76
169,T2,BESTEFFORT,COMPLETED,m5-1,42.826,"{'m1-1': 102.42, 'm2-1': 109.16, 'm3-1': 11.39, 'm4-1': 0.94, 'm5-1': 1.11, 'm6-1': 110.25, 'm7-1': 10.54, 'm8-1': 102.53}",1.665,50.03000000000001,51.14000000000001,inf,192.826,192.826
170,T3,BESTEFFORT,COMPLETED,m5-1,42.965,"{'m1-1': 102.05, 'm2-1': 92.68, 'm3-1': 9.69, 'm4-1': 1.04, 'm5-1': 1.08, 'm6-1': 98.96, 'm7-1': 10.55, 'm8-1': 116.0}",1.62,149.42000000000004,150.50000000000006,inf,192.965,192.965
171,T4,BESTEFFORT,COMPLETED,m4-1,43.177,"{'m1-1': 100.29, 'm2-1': 98.5, 'm3-1': 9.69, 'm4-1': 0.98, 'm5-1': 1.1, 'm6-1': 100.07, 'm7-1': 10.49, 'm8-1': 105.05}",1.47,47.36399999999999,48.34399999999999,inf,193.177,193.177
172,T1,BESTEFFORT,COMPLETED,m5-1,43.255,"{'m1-1': 106.5, 'm2-1': 103.49, 'm3-1': 11.16, 'm4-1': 1.05, 'm5-1': 0.98, 'm6-1': 103.93, 'm7-1': 11.13, 'm8-1': 103.7}",1.47,182.56000000000017,183.54000000000016,inf,193.255,193.255
173,T1,BESTEFFORT,CANCELLED,,43.376,"{'m1-1': 98.41, 'm2-1': 95.84, 'm3-1': 9.9, 'm4-1': 1.06, 'm5-1': 1.04, 'm6-1': 103.63, 'm7-1': 11.23, 'm8-1': 102.31}",0.0,inf,inf,inf,193.376,193.376
174,T4,BESTEFFORT,COMPLETED,m4-1,43.961,"{'m1-1': 95.62, 'm2-1': 107.46, 'm3-1': 11.21, 'm4-1': 1.07, 'm5-1': 1.1, 'm6-1': 101.46, 'm7-1': 10.72, 'm8-1': 101.11}",1.605,149.39399999999998,150.46399999999997,inf,193.961,193.961
175,T3,BESTEFFORT,COMPLETED,m5-1,44.018,"{'m1-1': 107.56, 'm2-1': 94.57, 'm3-1': 9.36, 'm4-1': 1.14, 'm5-1': 1.05, 'm6-1': 102.8, 'm7-1': 9.9, 'm8-1': 119.5}",1.5750000000000002,47.94000000000001,48.99000000000001,inf,194.018,194.018
176,T3,BESTEFFORT,COMPLETED,m4-1,44.394,"{'m1-1': 100.75, 'm2-1': 92.75, 'm3-1': 9.97, 'm4-1': 1.13, 'm5-1': 0.97, 'm6-1': 109.8, 'm7-1': 10.09, 'm8-1': 113.21}",1.6949999999999998,150.46399999999997,151.59399999999997,inf,194.394,194.394
177,T2,BESTEFFORT,COMPLETED,m4-1,45.09,"{'m1-1': 104.89, 'm2-1': 108.53, 'm3-1': 10.33, 'm4-1': 0.95, 'm5-1': 1.12, 'm6-1': 108.75, 'm7-1': 9.57, 'm8-1': 102.95}",1.4249999999999998,48.34399999999999,49.29399999999999,inf,195.09,195.09
178,T2,BESTEFFORT,COMPLETED,m5-1,45.379,"{'m1-1': 98.21, 'm2-1': 109.65, 'm3-1': 10.23, 'm4-1': 0.98, 'm5-1': 1.06, 'm6-1': 95.97, 'm7-1': 9.75, 'm8-1': 108.28}",1.59,188.8400000000002,189.9000000000002,inf,195.379,195.379
179,T4,BESTEFFORT,COMPLETED,m4-1,45.505,"{'m1-1': 111.61, 'm2-1': 95.91, 'm3-1': 9.82, 'm4-1': 1.03, 'm5-1': 1.0, 'm6-1': 93.42, 'm7-1': 9.69, 'm8-1': 101.88}",1.545,49.29399999999999,50.32399999999999,inf,195.505,195.505
180,T1,BESTEFFORT,COMPLETED,m5-1,45.654,"{'m1-1': 101.83, 'm2-1': 109.18, 'm3-1': 11.41, 'm4-1': 1.17, 'm5-1': 0.97, 'm6-1': 99.87, 'm7-1': 9.9, 'm8-1': 103.24}",1.455,131.25,132.22,inf,195.654,195.654
181,T1,BESTEFFORT,COMPLETED,m5-1,45.947,"{'m1-1': 108.23, 'm2-1': 103.98, 'm3-1': 10.63, 'm4-1': 1.13, 'm5-1': 1.12, 'm6-1': 102.72, 'm7-1': 10.41, 'm8-1': 108.34}",1.6800000000000002,150.50000000000006,151.62000000000006,inf,195.947,195.947
182,T1,BESTEFFORT,COMPLETED,m4-1,46.649,"{'m1-1': 98.88, 'm2-1': 108.08, 'm3-1': 9.94, 'm4-1': 1.14, 'm5-1': 1.09, 'm6-1': 107.44, 'm7-1': 10.35, 'm8-1': 103.85}",1.71,124.80400000000004,125.94400000000005,inf,196.649,196.649
183,T3,BESTEFFORT,COMPLETED,m5-1,47.036,"{'m1-1': 93.02, 'm2-1': 103.4, 'm3-1': 9.25, 'm4-1': 1.17, 'm5-1': 1.11, 'm6-1': 111.07, 'm7-1': 10.61, 'm8-1': 113.19}",1.665,175.07000000000016,176.18000000000018,inf,197.036,197.036
184,T4,BESTEFFORT,COMPLETED,m4-1,47.067,"{'m1-1': 107.61, 'm2-1': 103.34, 'm3-1': 10.91, 'm4-1': 0.98, 'm5-1': 1.09, 'm6-1': 97.54, 'm7-1': 10.29, 'm8-1': 116.76}",1.47,50.32399999999999,51.30399999999999,inf,197.067,197.067
185,T1,BESTEFFORT,COMPLETED,m5-1,47.177,"{'m1-1': 105.92, 'm2-1': 110.37, 'm3-1': 10.94, 'm4-1': 1.04, 'm5-1': 0.95, 'm6-1': 106.56, 'm7-1': 9.85, 'm8-1': 97.12}",1.4249999999999998,52.25000000000001,53.20000000000001,inf,197.177,197.177
186,T2,BESTEFFORT,COMPLETED,m4-1,47.357,"{'m1-1': 114.28, 'm2-1': 108.79, 'm3-1': 10.04, 'm4-1': 0.94, 'm5-1': 1.14, 'm6-1': 98.28, 'm7-1': 9.23, 'm8-1': 105.85}",1.41,53.453999999999986,54.393999999999984,inf,197.357,197.357
187,T1,BESTEFFORT,COMPLETED,m4-1,47.588,"{'m1-1': 116.18, 'm2-1': 111.75, 'm3-1': 11.01, 'm4-1': 1.14, 'm5-1': 1.05, 'm6-1': 113.05, 'm7-1': 11.44, 'm8-1': 112.77}",1.71,52.313999999999986,53.453999999999986,inf,197.588,197.588
188,T2,BESTEFFORT,COMPLETED,m4-1,47.86,"{'m1-1': 105.01, 'm2-1': 105.95, 'm3-1': 9.94, 'm4-1': 1.01, 'm5-1': 1.02, 'm6-1': 105.54, 'm7-1': 9.74, 'm8-1': 98.8}",1.5150000000000001,51.30399999999999,52.313999999999986,inf,197.86,197.86
189,T4,BESTEFFORT,COMPLETED,m5-1,47.863,"{'m1-1': 101.58, 'm2-1': 108.5, 'm3-1': 10.35, 'm4-1': 0.96, 'm5-1': 1.11, 'm6-1': 95.25, 'm7-1': 10.29, 'm8-1': 117.14}",1.665,51.14000000000001,52.25000000000001,inf,197.863,197.863
190,T2,BESTEFFORT,COMPLETED,m4-1,48.58,"{'m1-1': 97.28, 'm2-1': 112.61, 'm3-1': 9.84, 'm4-1': 1.02, 'm5-1': 1.01, 'm6-1': 108.25, 'm7-1': 9.69, 'm8-1': 96.71}",1.53,151.59399999999997,152.61399999999998,inf,198.57999999999998,198.57999999999998
191,T3,BESTEFFORT,COMPLETED,m4-1,48.736,"{'m1-1': 94.02, 'm2-1': 100.39, 'm3-1': 10.61, 'm4-1': 1.14, 'm5-1': 1.0, 'm6-1': 114.5, 'm7-1': 10.84, 'm8-1': 110.26}",1.71,56.323999999999984,57.463999999999984,inf,198.736,198.736
192,T1,BESTEFFORT,COMPLETED,m5-1,48.842,"{'m1-1': 107.86, 'm2-1': 106.34, 'm3-1': 10.17, 'm4-1': 0.99, 'm5-1': 1.01, 'm6-1': 110.9, 'm7-1': 10.66, 'm8-1': 96.42}",1.5150000000000001,55.330000000000005,56.34,inf,198.84199999999998,198.84199999999998
193,T1,BESTEFFORT,COMPLETED,m5-1,48.885,"{'m1-1': 98.94, 'm2-1': 111.75, 'm3-1': 10.97, 'm4-1': 1.14, 'm5-1': 1.04, 'm6-1': 104.32, 'm7-1': 10.0, 'm8-1': 110.61}",1.56,176.18000000000018,177.22000000000017,inf,198.885,198.885
194,T1,BESTEFFORT,COMPLETED,m5-1,48.985,"{'m1-1': 107.33, 'm2-1': 110.41, 'm3-1': 10.08, 'm4-1': 1.13, 'm5-1': 1.08, 'm6-1': 111.76, 'm7-1': 10.35, 'm8-1': 101.35}",1.62,151.62000000000006,152.70000000000007,inf,198.985,198.985
195,T4,BESTEFFORT,COMPLETED,m5-1,49.769,"{'m1-1': 108.14, 'm2-1': 111.43, 'm3-1': 11.14, 'm4-1': 1.01, 'm5-1': 1.01, 'm6-1': 95.92, 'm7-1': 9.49, 'm8-1': 100.4}",1.5150000000000001,53.20000000000001,54.21000000000001,inf,199.769,199.769
196,T2,BESTEFFORT,COMPLETED,m4-1,50.342,"{'m1-1': 98.53, 'm2-1': 105.15, 'm3-1': 10.41, 'm4-1': 0.96, 'm5-1': 1.08, 'm6-1': 105.29, 'm7-1': 10.5, 'm8-1': 94.52}",1.44,125.94400000000005,126.90400000000004,inf,200.34199999999998,200.34199999999998
197,T2,BESTEFFORT,COMPLETED,m5-1,50.382,"{'m1-1': 107.11, 'm2-1': 111.19, 'm3-1': 10.22, 'm4-1': 0.92, 'm5-1': 1.12, 'm6-1': 104.07, 'm7-1': 9.6, 'm8-1': 102.24}",1.6800000000000002,54.21000000000001,55.330000000000005,inf,200.382,200.382
198,T2,BESTEFFORT,COMPLETED,m4-1,50.543,"{'m1-1': 109.34, 'm2-1': 97.59, 'm3-1': 9.9, 'm4-1': 1.08, 'm5-1': 1.06, 'm6-1': 102.2, 'm7-1': 10.35, 'm8-1': 98.9}",1.62,187.86399999999995,188.94399999999996,inf,200.543,200.543
199,T4,BESTEFFORT,COMPLETED,m4-1,51.123,"{'m1-1': 107.99, 'm2-1': 104.58, 'm3-1': 11.05, 'm4-1': 0.99, 'm5-1': 1.08, 'm6-1': 103.95, 'm7-1': 9.37, 'm8-1': 101.34}",1.4849999999999999,54.393999999999984,55.383999999999986,inf,201.123,201.123
200,T2,BESTEFFORT,COMPLETED,m4-1,51.639,"{'m1-1': 108.02, 'm2-1': 114.07, 'm3-1': 11.4, 'm4-1': 0.94, 'm5-1': 1.05, 'm6-1': 104.85, 'm7-1': 10.91, 'm8-1': 96.23}",1.41,55.383999999999986,56.323999999999984,inf,201.639,201.639
201,T1,BESTEFFORT,COMPLETED,m5-1,52.264,"{'m1-1': 101.67, 'm2-1': 97.23, 'm3-1': 11.23, 'm4-1': 1.07, 'm5-1': 1.01, 'm6-1': 107.35, 'm7-1': 11.44, 'm8-1': 100.71}",1.5150000000000001,56.34,57.35,inf,202.264,202.264
202,T4,BESTEFFORT,COMPLETED,m7-1,52.563,"{'m1-1': 104.11, 'm2-1': 101.3, 'm3-1': 10.1, 'm4-1': 0.95, 'm5-1': 1.05, 'm6-1': 96.85, 'm7-1': 9.63, 'm8-1': 117.79}",14.445,86.408,96.038,inf,202.563,202.563
203,T1,BESTEFFORT,COMPLETED,m4-1,52.601,"{'m1-1': 100.82, 'm2-1': 102.3, 'm3-1': 11.51, 'm4-1': 1.06, 'm5-1': 0.97, 'm6-1': 110.09, 'm7-1': 10.5, 'm8-1': 112.46}",1.59,57.463999999999984,58.52399999999999,inf,202.601,202.601
204,T1,BESTEFFORT,COMPLETED,m5-1,52.609,"{'m1-1': 111.94, 'm2-1': 100.98, 'm3-1': 10.93, 'm4-1': 1.16, 'm5-1': 1.12, 'm6-1': 104.31, 'm7-1': 10.77, 'm8-1': 96.98}",1.6800000000000002,60.559999999999995,61.67999999999999,inf,202.609,202.609
205,T2,BESTEFFORT,COMPLETED,m4-1,52.784,"{'m1-1': 107.76, 'm2-1': 114.28, 'm3-1': 10.6, 'm4-1': 1.07, 'm5-1': 1.02, 'm6-1': 105.21, 'm7-1': 10.13, 'm8-1': 99.93}",1.605,58.52399999999999,59.59399999999999,inf,202.784,202.784
206,T1,BESTEFFORT,COMPLETED,m5-1,52.98,"{'m1-1': 113.67, 'm2-1': 103.13, 'm3-1': 10.08, 'm4-1': 1.01, 'm5-1': 1.11, 'm6-1': 109.1, 'm7-1': 9.81, 'm8-1': 101.1}",1.665,57.35,58.46,inf,202.98,202.98
207,T1,BESTEFFORT,COMPLETED,m5-1,53.002,"{'m1-1': 111.44, 'm2-1': 106.54, 'm3-1': 10.68, 'm4-1': 1.16, 'm5-1': 1.11, 'm6-1': 105.42, 'm7-1': 10.49, 'm8-1': 107.69}",1.665,152.70000000000007,153.8100000000001,inf,203.002,203.002
208,T1,BESTEFFORT,COMPLETED,m5-1,53.133,"{'m1-1': 99.79, 'm2-1': 100.4, 'm3-1': 11.31, 'm4-1': 1.1, 'm5-1': 1.12, 'm6-1': 104.37, 'm7-1': 11.11, 'm8-1': 106.0}",1.6800000000000002,67.88999999999999,69.00999999999999,inf,203.133,203.133
209,T3,BESTEFFORT,MISSED,m3-1,53.393,"{'m1-1': 98.03, 'm2-1': 105.51, 'm3-1': 9.96, 'm4-1': 1.14, 'm5-1': 1.04, 'm6-1': 99.54, 'm7-1': 9.75, 'm8-1': 112.75}",0.0,216.49000000000004,inf,216.49000000000004,203.393,203.393
210,T4,BESTEFFORT,COMPLETED,m5-1,54.025,"{'m1-1': 107.11, 'm2-1': 101.99, 'm3-1': 10.14, 'm4-1': 0.96, 'm5-1': 1.12, 'm6-1': 96.37, 'm7-1': 10.5, 'm8-1': 112.45}",1.6800000000000002,90.32,91.44,inf,204.025,204.025
211,T1,BESTEFFORT,COMPLETED,m5-1,54.1,"{'m1-1': 109.51, 'm2-1': 105.66, 'm3-1': 10.69, 'm4-1': 1.02, 'm5-1': 1.03, 'm6-1': 101.32, 'm7-1': 10.27, 'm8-1': 104.46}",1.545,93.57000000000001,94.60000000000001,inf,204.1,204.1
212,T1,BESTEFFORT,MISSED,m5-1,54.179,"{'m1-1': 105.92, 'm2-1': 101.64, 'm3-1': 10.5, 'm4-1': 1.16, 'm5-1': 1.06, 'm6-1': 105.2, 'm7-1': 10.69, 'm8-1': 106.5}",0.0,204.53000000000023,inf,204.53000000000023,204.179,204.179
213,T1,BESTEFFORT,COMPLETED,m4-1,54.634,"{'m1-1': 109.32, 'm2-1': 106.21, 'm3-1': 10.75, 'm4-1': 1.06, 'm5-1': 1.11, 'm6-1': 109.42, 'm7-1': 10.78, 'm8-1': 111.67}",1.59,184.65399999999997,185.71399999999997,inf,204.63400000000001,204.63400000000001
214,T1,BESTEFFORT,COMPLETED,m5-1,55.306,"{'m1-1': 102.58, 'm2-1': 97.28, 'm3-1': 11.06, 'm4-1': 1.09, 'm5-1': 1.12, 'm6-1': 103.95, 'm7-1': 10.38, 'm8-1': 106.84}",1.6800000000000002,58.46,59.58,inf,205.30599999999998,205.30599999999998
215,T3,BESTEFFORT,COMPLETED,m5-1,55.472,"{'m1-1': 100.06, 'm2-1': 108.87, 'm3-1': 10.3, 'm4-1': 1.17, 'm5-1': 1.06, 'm6-1': 99.59, 'm7-1': 11.45, 'm8-1': 115.75}",1.59,192.98000000000022,194.04000000000022,inf,205.472,205.472
216,T1,BESTEFFORT,COMPLETED,m4-1,55.472,"{'m1-1': 116.14, 'm2-1': 108.62, 'm3-1': 11.38, 'm4-1': 1.08, 'm5-1': 1.05, 'm6-1': 99.55, 'm7-1': 11.33, 'm8-1': 108.0}",1.62,126.90400000000004,127.98400000000004,inf,205.472,205.472
217,T4,BESTEFFORT,COMPLETED,m5-1,55.669,"{'m1-1': 97.52, 'm2-1': 107.83, 'm3-1': 10.81, 'm4-1': 1.03, 'm5-1': 1.03, 'm6-1': 96.54, 'm7-1': 10.77, 'm8-1': 101.72}",1.545,163.7200000000001,164.7500000000001,inf,205.66899999999998,205.66899999999998
218,T4,BESTEFFORT,COMPLETED,m5-1,55.671,"{'m1-1': 98.17, 'm2-1': 102.56, 'm3-1': 9.98, 'm4-1': 1.04, 'm5-1': 1.07, 'm6-1': 103.25, 'm7-1': 9.6, 'm8-1': 109.19}",1.605,177.22000000000017,178.29000000000016,inf,205.671,205.671
219,T1,BESTEFFORT,COMPLETED,m4-1,55.718,"{'m1-1': 106.95, 'm2-1': 106.45, 'm3-1': 11.14, 'm4-1': 1.01, 'm5-1': 0.97, 'm6-1': 105.84, 'm7-1': 9.95, 'm8-1': 101.13}",1.5150000000000001,165.26399999999995,166.27399999999994,inf,205.71800000000002,205.71800000000002
220,T4,BESTEFFORT,COMPLETED,m5-1,55.875,"{'m1-1': 95.42, 'm2-1': 106.99, 'm3-1': 11.26, 'm4-1': 1.02, 'm5-1': 0.98, 'm6-1': 94.56, 'm7-1': 10.83, 'm8-1': 104.92}",1.47,59.58,60.559999999999995,inf,205.875,205.875
221,T3,BESTEFFORT,COMPLETED,m4-1,55.961,"{'m1-1': 108.75, 'm2-1': 91.93, 'm3-1': 9.56, 'm4-1': 1.08, 'm5-1': 1.1, 'm6-1': 104.65, 'm7-1': 10.04, 'm8-1': 114.71}",1.62,61.533999999999985,62.61399999999998,inf,205.961,205.961
222,T4,BESTEFFORT,COMPLETED,m4-1,56.176,"{'m1-1': 100.92, 'm2-1': 110.73, 'm3-1': 11.15, 'm4-1': 0.97, 'm5-1': 1.07, 'm6-1': 107.68, 'm7-1': 10.88, 'm8-1': 116.92}",1.455,59.59399999999999,60.563999999999986,inf,206.176,206.176
223,T3,BESTEFFORT,COMPLETED,m5-1,56.254,"{'m1-1': 94.74, 'm2-1': 106.19, 'm3-1': 9.9, 'm4-1': 1.02, 'm5-1': 1.08, 'm6-1': 108.19, 'm7-1': 11.19, 'm8-1': 116.69}",1.62,69.00999999999999,70.08999999999999,inf,206.254,206.254
224,T3,BESTEFFORT,COMPLETED,m5-1,56.4,"{'m1-1': 104.65, 'm2-1': 96.56, 'm3-1': 10.6, 'm4-1': 1.14, 'm5-1': 0.97, 'm6-1': 101.63, 'm7-1': 10.62, 'm8-1': 108.32}",1.455,116.42000000000002,117.39000000000001,inf,206.4,206.4
225,T4,BESTEFFORT,MISSED,m6-1,56.575,"{'m1-1': 99.24, 'm2-1': 102.15, 'm3-1': 10.72, 'm4-1': 1.05, 'm5-1': 0.99, 'm6-1': 103.95, 'm7-1': 10.56, 'm8-1': 117.69}",0.0,261.92,inf,261.92,206.575,206.575
226,T1,BESTEFFORT,COMPLETED,m4-1,56.73,"{'m1-1': 109.51, 'm2-1': 95.46, 'm3-1': 9.89, 'm4-1': 1.08, 'm5-1': 1.06, 'm6-1': 103.26, 'm7-1': 9.94, 'm8-1': 106.63}",1.62,152.61399999999998,153.694,inf,206.73,206.73
227,T3,BESTEFFORT,COMPLETED,m4-1,56.787,"{'m1-1': 98.35, 'm2-1': 107.92, 'm3-1': 9.32, 'm4-1': 1.04, 'm5-1': 1.12, 'm6-1': 110.46, 'm7-1': 10.64, 'm8-1': 118.17}",1.56,153.694,154.73399999999998,inf,206.787,206.787
228,T1,BESTEFFORT,COMPLETED,m5-1,56.92,"{'m1-1': 115.49, 'm2-1': 101.61, 'm3-1': 10.22, 'm4-1': 1.17, 'm5-1': 1.03, 'm6-1': 105.2, 'm7-1': 10.6, 'm8-1': 104.84}",1.545,96.61000000000001,97.64000000000001,inf,206.92000000000002,206.92000000000002
229,T4,BESTEFFORT,MISSED,m7-1,56.968,"{'m1-1': 111.3, 'm2-1': 97.14, 'm3-1': 10.36, 'm4-1': 0.94, 'm5-1': 0.96, 'm6-1': 94.41, 'm7-1': 10.38, 'm8-1': 117.71}",0.0,216.75400000000002,inf,216.75400000000002,206.96800000000002,206.96800000000002
230,T2,BESTEFFORT,COMPLETED,m4-1,57.13,"{'m1-1': 110.14, 'm2-1': 113.33, 'm3-1': 9.97, 'm4-1': 0.97, 'm5-1': 1.02, 'm6-1': 107.21, 'm7-1': 9.46, 'm8-1': 94.89}",1.455,60.563999999999986,61.533999999999985,inf,207.13,207.13
231,T4,BESTEFFORT,COMPLETED,m5-1,57.461,"{'m1-1': 96.12, 'm2-1': 96.53, 'm3-1': 10.04, 'm4-1': 1.02, 'm5-1': 1.08, 'm6-1': 103.52, 'm7-1': 10.44, 'm8-1': 104.27}",1.62,153.8100000000001,154.8900000000001,inf,207.461,207.461
232,T4,BESTEFFORT,COMPLETED,m5-1,57.689,"{'m1-1': 99.08, 'm2-1': 106.67, 'm3-1': 10.82, 'm4-1': 1.04, 'm5-1': 1.12, 'm6-1': 104.7, 'm7-1': 10.62, 'm8-1': 101.38}",1.6800000000000002,63.709999999999994,64.83,inf,207.689,207.689
233,T1,BESTEFFORT,COMPLETED,m5-1,57.927,"{'m1-1': 114.2, 'm2-1': 96.33, 'm3-1': 9.88, 'm4-1': 1.1, 'm5-1': 1.01, 'm6-1': 113.22, 'm7-1': 10.48, 'm8-1': 104.18}",1.5150000000000001,61.67999999999999,62.68999999999999,inf,207.927,207.927
234,T1,BESTEFFORT,COMPLETED,m5-1,58.406,"{'m1-1': 114.66, 'm2-1': 106.34, 'm3-1': 10.74, 'm4-1': 1.08, 'm5-1': 1.07, 'm6-1': 97.78, 'm7-1': 9.77, 'm8-1': 100.4}",1.605,97.64000000000001,98.71000000000001,inf,208.406,208.406
235,T1,BESTEFFORT,COMPLETED,m4-1,58.62,"{'m1-1': 105.52, 'm2-1': 97.22, 'm3-1': 10.26, 'm4-1': 1.16, 'm5-1': 1.0, 'm6-1': 100.38, 'm7-1': 11.05, 'm8-1': 106.92}",1.7399999999999998,74.624,75.78399999999999,inf,208.62,208.62
236,T4,BESTEFFORT,COMPLETED,m5-1,58.71,"{'m1-1': 112.27, 'm2-1': 111.7, 'm3-1': 10.08, 'm4-1': 1.01, 'm5-1': 1.01, 'm6-1': 100.4, 'm7-1': 10.29, 'm8-1': 112.2}",1.5150000000000001,98.71000000000001,99.72000000000001,inf,208.71,208.71
237,T2,BESTEFFORT,COMPLETED,m4-1,59.085,"{'m1-1': 97.98, 'm2-1': 113.16, 'm3-1': 11.12, 'm4-1': 1.02, 'm5-1': 1.16, 'm6-1': 110.37, 'm7-1': 9.84, 'm8-1': 95.9}",1.53,62.61399999999998,63.633999999999986,inf,209.085,209.085
238,T4,BESTEFFORT,COMPLETED,m4-1,59.251,"{'m1-1': 108.86, 'm2-1': 110.72, 'm3-1': 10.63, 'm4-1': 1.04, 'm5-1': 1.1, 'm6-1': 97.04, 'm7-1': 10.86, 'm8-1': 107.06}",1.56,63.633999999999986,64.67399999999999,inf,209.251,209.251
239,T1,BESTEFFORT,COMPLETED,m5-1,59.319,"{'m1-1': 113.09, 'm2-1': 109.12, 'm3-1': 11.14, 'm4-1': 1.1, 'm5-1': 1.02, 'm6-1': 104.08, 'm7-1': 11.25, 'm8-1': 105.62}",1.53,62.68999999999999,63.709999999999994,inf,209.31900000000002,209.31900000000002
240,T3,BESTEFFORT,COMPLETED,m5-1,59.351,"{'m1-1': 100.82, 'm2-1': 97.27, 'm3-1': 10.93, 'm4-1': 1.03, 'm5-1': 0.97, 'm6-1': 107.14, 'm7-1': 11.11, 'm8-1': 116.14}",1.455,64.83,65.8,inf,209.351,209.351
241,T3,BESTEFFORT,COMPLETED,m4-1,59.597,"{'m1-1': 93.26, 'm2-1': 94.61, 'm3-1': 10.9, 'm4-1': 1.14, 'm5-1': 1.04, 'm6-1': 106.31, 'm7-1': 11.34, 'm8-1': 104.93}",1.71,75.78399999999999,76.92399999999999,inf,209.597,209.597
242,T1,BESTEFFORT,COMPLETED,m4-1,59.714,"{'m1-1': 110.18, 'm2-1': 104.79, 'm3-1': 10.35, 'm4-1': 0.99, 'm5-1': 1.11, 'm6-1': 107.52, 'm7-1': 11.17, 'm8-1': 106.78}",1.4849999999999999,70.694,71.684,inf,209.714,209.714
243,T3,BESTEFFORT,COMPLETED,m5-1,59.854,"{'m1-1': 97.96, 'm2-1': 98.08, 'm3-1': 9.5, 'm4-1': 1.06, 'm5-1': 1.02, 'm6-1': 103.86, 'm7-1': 10.83, 'm8-1': 116.14}",1.53,65.8,66.82,inf,209.85399999999998,209.85399999999998
244,T1,BESTEFFORT,COMPLETED,m5-1,60.377,"{'m1-1': 109.92, 'm2-1': 108.23, 'm3-1': 11.34, 'm4-1': 1.04, 'm5-1': 0.97, 'm6-1': 98.15, 'm7-1': 10.01, 'm8-1': 108.84}",1.455,99.72000000000001,100.69000000000001,inf,210.377,210.377
245,T2,BESTEFFORT,COMPLETED,m5-1,60.524,"{'m1-1': 110.72, 'm2-1': 105.07, 'm3-1': 10.0, 'm4-1': 1.0, 'm5-1': 1.16, 'm6-1': 98.32, 'm7-1': 10.93, 'm8-1': 97.23}",1.7399999999999998,117.39000000000001,118.55000000000001,inf,210.524,210.524
246,T2,BESTEFFORT,COMPLETED,m5-1,60.579,"{'m1-1': 106.7, 'm2-1': 98.24, 'm3-1': 11.28, 'm4-1': 0.96, 'm5-1': 1.12, 'm6-1': 113.17, 'm7-1': 9.68, 'm8-1': 106.23}",1.6800000000000002,72.28999999999998,73.40999999999998,inf,210.579,210.579
247,T4,BESTEFFORT,COMPLETED,m4-1,60.731,"{'m1-1': 96.42, 'm2-1': 108.76, 'm3-1': 10.91, 'm4-1': 0.95, 'm5-1': 0.98, 'm6-1': 93.82, 'm7-1': 9.77, 'm8-1': 112.14}",1.4249999999999998,64.67399999999999,65.624,inf,210.731,210.731
248,T3,BESTEFFORT,COMPLETED,m5-1,60.911,"{'m1-1': 94.29, 'm2-1': 105.5, 'm3-1': 9.69, 'm4-1': 1.04, 'm5-1': 1.12, 'm6-1': 104.12, 'm7-1': 11.25, 'm8-1': 117.38}",1.6800000000000002,73.40999999999998,74.52999999999999,inf,210.911,210.911
249,T3,BESTEFFORT,COMPLETED,m5-1,60.999,"{'m1-1': 105.78, 'm2-1': 98.67, 'm3-1': 10.94, 'm4-1': 1.04, 'm5-1': 1.11, 'm6-1': 111.52, 'm7-1': 10.5, 'm8-1': 117.87}",1.665,132.22,133.33,inf,210.999,210.999
250,T3,BESTEFFORT,COMPLETED,m5-1,61.287,"{'m1-1': 103.24, 'm2-1': 102.84, 'm3-1': 9.87, 'm4-1': 1.06, 'm5-1': 1.03, 'm6-1': 113.8, 'm7-1': 11.33, 'm8-1': 111.02}",1.545,183.54000000000016,184.57000000000016,inf,211.287,211.287
251,T4,BESTEFFORT,COMPLETED,m4-1,61.603,"{'m1-1': 101.11, 'm2-1': 111.76, 'm3-1': 9.68, 'm4-1': 0.98, 'm5-1': 1.12, 'm6-1': 98.93, 'm7-1': 9.5, 'm8-1': 101.59}",1.47,65.624,66.604,inf,211.603,211.603
252,T3,BESTEFFORT,COMPLETED,m5-1,61.665,"{'m1-1': 91.88, 'm2-1': 96.32, 'm3-1': 10.1, 'm4-1': 1.01, 'm5-1': 1.07, 'm6-1': 99.7, 'm7-1': 10.94, 'm8-1': 116.3}",1.605,66.82,67.88999999999999,inf,211.665,211.665
253,T1,BESTEFFORT,COMPLETED,m5-1,61.736,"{'m1-1': 102.96, 'm2-1': 112.04, 'm3-1': 10.49, 'm4-1': 1.15, 'm5-1': 1.0, 'm6-1': 115.52, 'm7-1': 10.62, 'm8-1': 95.7}",1.5,194.04000000000022,195.04000000000022,inf,211.736,211.736
254,T3,BESTEFFORT,MISSED,m1-1,61.962,"{'m1-1': 104.9, 'm2-1': 96.21, 'm3-1': 10.43, 'm4-1': 1.02, 'm5-1': 1.14, 'm6-1': 101.65, 'm7-1': 10.14, 'm8-1': 111.16}",76.33199999999997,161.074,inf,211.962,211.962,211.962
255,T1,BESTEFFORT,COMPLETED,m5-1,61.97,"{'m1-1': 104.5, 'm2-1': 97.42, 'm3-1': 11.03, 'm4-1': 1.16, 'm5-1': 1.05, 'm6-1': 109.4, 'm7-1': 9.72, 'm8-1': 106.5}",1.5750000000000002,119.56000000000002,120.61000000000001,inf,211.97,211.97
256,T4,BESTEFFORT,COMPLETED,m4-1,62.192,"{'m1-1': 105.5, 'm2-1': 105.38, 'm3-1': 11.25, 'm4-1': 1.01, 'm5-1': 1.09, 'm6-1': 95.65, 'm7-1': 9.94, 'm8-1': 101.65}",1.5150000000000001,198.20399999999998,199.21399999999997,inf,212.192,212.192
257,T3,BESTEFFORT,COMPLETED,m5-1,62.4,"{'m1-1': 103.86, 'm2-1': 92.49, 'm3-1': 9.97, 'm4-1': 1.05, 'm5-1': 1.0, 'm6-1': 112.95, 'm7-1': 9.68, 'm8-1': 108.02}",1.5,206.65000000000023,207.65000000000023,inf,212.4,212.4
258,T1,BESTEFFORT,COMPLETED,m4-1,62.886,"{'m1-1': 98.41, 'm2-1': 102.38, 'm3-1': 11.53, 'm4-1': 1.03, 'm5-1': 1.08, 'm6-1': 109.16, 'm7-1': 10.4, 'm8-1': 112.42}",1.545,205.344,206.374,inf,212.886,212.886
259,T4,BESTEFFORT,COMPLETED,m4-1,63.198,"{'m1-1': 107.53, 'm2-1': 111.49, 'm3-1': 11.22, 'm4-1': 1.0, 'm5-1': 1.0, 'm6-1': 94.6, 'm7-1': 9.19, 'm8-1': 118.09}",1.5,66.604,67.604,inf,213.198,213.198
260,T2,BESTEFFORT,COMPLETED,m7-1,63.267,"{'m1-1': 100.97, 'm2-1': 105.8, 'm3-1': 10.2, 'm4-1': 1.01, 'm5-1': 1.01, 'm6-1': 110.76, 'm7-1': 10.1, 'm8-1': 92.98}",15.149999999999999,165.018,175.118,inf,213.267,213.267
261,T1,BESTEFFORT,COMPLETED,m4-1,63.791,"{'m1-1': 102.01, 'm2-1': 109.28, 'm3-1': 11.37, 'm4-1': 1.14, 'm5-1': 0.99, 'm6-1': 104.14, 'm7-1': 10.52, 'm8-1': 103.83}",1.71,129.10400000000004,130.24400000000003,inf,213.791,213.791
262,T4,BESTEFFORT,MISSED,m6-1,63.819,"{'m1-1': 109.49, 'm2-1': 104.73, 'm3-1': 11.38, 'm4-1': 0.93, 'm5-1': 1.09, 'm6-1': 93.03, 'm7-1': 9.82, 'm8-1': 106.5}",57.12300000000003,175.737,inf,213.81900000000002,213.81900000000002,213.81900000000002
263,T4,BESTEFFORT,COMPLETED,m4-1,64.025,"{'m1-1': 108.1, 'm2-1': 107.57, 'm3-1': 10.45, 'm4-1': 1.01, 'm5-1': 1.05, 'm6-1': 99.01, 'm7-1': 9.56, 'm8-1': 114.89}",1.5150000000000001,67.604,68.614,inf,214.025,214.025
264,T2,BESTEFFORT,COMPLETED,m4-1,64.399,"{'m1-1': 98.52, 'm2-1': 106.12, 'm3-1': 10.99, 'm4-1': 1.07, 'm5-1': 1.04, 'm6-1': 109.12, 'm7-1': 10.58, 'm8-1': 95.38}",1.605,68.614,69.684,inf,214.399,214.399
265,T2,BESTEFFORT,COMPLETED,m7-1,64.636,"{'m1-1': 99.47, 'm2-1': 108.94, 'm3-1': 10.76, 'm4-1': 1.01, 'm5-1': 1.1, 'm6-1': 109.9, 'm7-1': 10.24, 'm8-1': 98.9}",15.36,96.038,106.27799999999999,inf,214.636,214.636
266,T2,BESTEFFORT,COMPLETED,m7-1,64.971,"{'m1-1': 102.62, 'm2-1': 111.9, 'm3-1': 10.9, 'm4-1': 0.92, 'm5-1': 1.17, 'm6-1': 101.82, 'm7-1': 10.42, 'm8-1': 100.38}",15.629999999999999,186.90500000000003,197.32500000000002,inf,214.971,214.971
267,T4,BESTEFFORT,COMPLETED,m4-1,65.734,"{'m1-1': 95.27, 'm2-1': 109.57, 'm3-1': 11.28, 'm4-1': 1.01, 'm5-1': 1.11, 'm6-1': 96.7, 'm7-1': 10.86, 'm8-1': 114.04}",1.5150000000000001,69.684,70.694,inf,215.73399999999998,215.73399999999998
268,T3,BESTEFFORT,COMPLETED,m5-1,66.032,"{'m1-1': 92.8, 'm2-1': 102.0, 'm3-1': 9.73, 'm4-1': 1.0, 'm5-1': 1.1, 'm6-1': 98.03, 'm7-1': 10.14, 'm8-1': 117.19}",1.6500000000000001,75.60999999999999,76.70999999999998,inf,216.03199999999998,216.03199999999998
269,T1,BESTEFFORT,COMPLETED,m4-1,66.253,"{'m1-1': 101.02, 'm2-1': 102.66, 'm3-1': 11.37, 'm4-1': 1.16, 'm5-1': 1.11, 'm6-1': 99.35, 'm7-1': 9.85, 'm8-1': 98.76}",1.7399999999999998,188.94399999999996,190.10399999999996,inf,216.253,216.253
270,T4,BESTEFFORT,MISSED,m7-1,66.754,"{'m1-1': 102.28, 'm2-1': 100.52, 'm3-1': 10.81, 'm4-1': 1.01, 'm5-1': 1.07, 'm6-1': 100.79, 'm7-1': 9.6, 'm8-1': 110.32}",14.368500000000012,207.175,inf,216.75400000000002,216.75400000000002,216.75400000000002
271,T1,BESTEFFORT,COMPLETED,m5-1,66.775,"{'m1-1': 101.35, 'm2-1': 103.16, 'm3-1': 11.06, 'm4-1': 1.04, 'm5-1': 1.07, 'm6-1': 106.66, 'm7-1': 9.92, 'm8-1': 104.84}",1.605,70.08999999999999,71.15999999999998,inf,216.775,216.775
272,T1,BESTEFFORT,COMPLETED,m4-1,66.882,"{'m1-1': 101.43, 'm2-1': 108.42, 'm3-1': 10.15, 'm4-1': 1.14, 'm5-1': 1.03, 'm6-1': 101.57, 'm7-1': 10.8, 'm8-1': 104.59}",1.71,130.24400000000003,131.38400000000001,inf,216.882,216.882
273,T3,BESTEFFORT,COMPLETED,m4-1,67.075,"{'m1-1': 93.36, 'm2-1': 99.34, 'm3-1': 10.31, 'm4-1': 1.12, 'm5-1': 1.11, 'm6-1': 97.81, 'm7-1': 11.04, 'm8-1': 106.54}",1.6800000000000002,132.524,133.644,inf,217.075,217.075
274,T4,BESTEFFORT,COMPLETED,m4-1,67.671,"{'m1-1': 105.41, 'm2-1': 99.75, 'm3-1': 10.24, 'm4-1': 0.94, 'm5-1': 1.01, 'm6-1': 105.22, 'm7-1': 10.09, 'm8-1': 102.76}",1.41,174.48399999999995,175.42399999999995,inf,217.671,217.671
275,T1,BESTEFFORT,COMPLETED,m5-1,67.724,"{'m1-1': 115.96, 'm2-1': 96.52, 'm3-1': 11.49, 'm4-1': 1.1, 'm5-1': 1.13, 'm6-1': 113.97, 'm7-1': 10.1, 'm8-1': 112.47}",1.6949999999999998,71.15999999999998,72.28999999999998,inf,217.724,217.724
276,T4,BESTEFFORT,COMPLETED,m4-1,67.768,"{'m1-1': 108.95, 'm2-1': 100.19, 'm3-1': 11.35, 'm4-1': 0.94, 'm5-1': 0.99, 'm6-1': 92.75, 'm7-1': 10.88, 'm8-1': 100.22}",1.41,154.73399999999998,155.67399999999998,inf,217.768,217.768
277,T3,BESTEFFORT,MISSED,m1-1,67.796,"{'m1-1': 102.04, 'm2-1': 96.71, 'm3-1': 10.44, 'm4-1': 1.1, 'm5-1': 1.15, 'm6-1': 99.19, 'm7-1': 10.6, 'm8-1': 107.68}",0.0,289.161,inf,289.161,217.796,217.796
278,T4,BESTEFFORT,COMPLETED,m4-1,67.818,"{'m1-1': 97.25, 'm2-1': 99.68, 'm3-1': 10.74, 'm4-1': 1.03, 'm5-1': 1.07, 'm6-1': 95.73, 'm7-1': 10.05, 'm8-1': 113.58}",1.545,175.42399999999995,176.45399999999995,inf,217.81799999999998,217.81799999999998
279,T4,BESTEFFORT,COMPLETED,m4-1,67.863,"{'m1-1': 97.56, 'm2-1': 99.66, 'm3-1': 10.42, 'm4-1': 0.93, 'm5-1': 1.06, 'm6-1': 101.78, 'm7-1': 9.82, 'm8-1': 118.98}",1.395,71.684,72.614,inf,217.863,217.863
280,T2,BESTEFFORT,COMPLETED,m5-1,67.883,"{'m1-1': 99.08, 'm2-1': 102.46, 'm3-1': 11.11, 'm4-1': 1.06, 'm5-1': 1.05, 'm6-1': 105.29, 'm7-1': 9.56, 'm8-1': 99.45}",1.5750000000000002,120.61000000000001,121.66000000000001,inf,217.88299999999998,217.88299999999998
281,T2,BESTEFFORT,COMPLETED,m5-1,67.962,"{'m1-1': 111.21, 'm2-1': 106.05, 'm3-1': 10.08, 'm4-1': 1.08, 'm5-1': 1.11, 'm6-1': 104.2, 'm7-1': 9.52, 'm8-1': 106.54}",1.665,178.29000000000016,179.40000000000018,inf,217.962,217.962
282,T2,BESTEFFORT,COMPLETED,m4-1,68.696,"{'m1-1': 114.11, 'm2-1': 104.26, 'm3-1': 10.7, 'm4-1': 0.98, 'm5-1': 1.1, 'm6-1': 112.64, 'm7-1': 9.63, 'm8-1': 106.48}",1.47,90.54400000000001,91.52400000000002,inf,218.696,218.696
283,T4,BESTEFFORT,COMPLETED,m5-1,68.752,"{'m1-1': 112.55, 'm2-1': 97.89, 'm3-1': 10.08, 'm4-1': 0.97, 'm5-1': 1.11, 'm6-1': 98.24, 'm7-1': 9.45, 'm8-1': 113.38}",1.665,133.33,134.44000000000003,inf,218.752,218.752
284,T2,BESTEFFORT,COMPLETED,m4-1,68.976,"{'m1-1': 98.7, 'm2-1': 111.63, 'm3-1': 10.66, 'm4-1': 1.02, 'm5-1': 1.04, 'm6-1': 110.37, 'm7-1': 10.07, 'm8-1': 93.31}",1.53,72.614,73.634,inf,218.976,218.976
285,T1,BESTEFFORT,COMPLETED,m4-1,69.531,"{'m1-1': 114.43, 'm2-1': 102.19, 'm3-1': 9.73, 'm4-1': 1.05, 'm5-1': 0.97, 'm6-1': 107.02, 'm7-1': 10.55, 'm8-1': 108.48}",1.5750000000000002,190.10399999999996,191.15399999999997,inf,219.531,219.531
286,T2,BESTEFFORT,COMPLETED,m4-1,69.761,"{'m1-1': 113.43, 'm2-1': 105.07, 'm3-1': 10.59, 'm4-1': 0.98, 'm5-1': 1.06, 'm6-1': 108.42, 'm7-1': 9.37, 'm8-1': 105.72}",1.47,185.71399999999997,186.69399999999996,inf,219.761,219.761
287,T2,BESTEFFORT,MISSED,m8-1,69.873,"{'m1-1': 111.02, 'm2-1': 97.11, 'm3-1': 10.53, 'm4-1': 1.08, 'm5-1': 1.03, 'm6-1': 100.51, 'm7-1': 10.12, 'm8-1': 100.8}",0.0,241.075,inf,241.075,219.873,219.873
288,T4,BESTEFFORT,COMPLETED,m4-1,70.12,"{'m1-1': 101.78, 'm2-1': 105.01, 'm3-1': 11.21, 'm4-1': 1.02, 'm5-1': 1.1, 'm6-1': 108.67, 'm7-1': 10.85, 'm8-1': 111.0}",1.53,178.50399999999996,179.52399999999997,inf,220.12,220.12
289,T4,BESTEFFORT,COMPLETED,m5-1,70.325,"{'m1-1': 105.52, 'm2-1': 102.5, 'm3-1': 11.06, 'm4-1': 0.92, 'm5-1': 1.08, 'm6-1': 104.08, 'm7-1': 9.58, 'm8-1': 101.53}",1.62,74.52999999999999,75.60999999999999,inf,220.325,220.325
290,T2,BESTEFFORT,COMPLETED,m4-1,70.476,"{'m1-1': 101.21, 'm2-1': 98.4, 'm3-1': 11.15, 'm4-1': 0.99, 'm5-1': 1.06, 'm6-1': 99.44, 'm7-1': 10.47, 'm8-1': 101.39}",1.4849999999999999,73.634,74.624,inf,220.476,220.476
291,T1,BESTEFFORT,COMPLETED,m4-1,70.484,"{'m1-1': 107.19, 'm2-1': 108.69, 'm3-1': 10.16, 'm4-1': 1.04, 'm5-1': 1.05, 'm6-1': 101.1, 'm7-1': 10.1, 'm8-1': 103.85}",1.56,133.644,134.684,inf,220.48399999999998,220.48399999999998
292,T3,BESTEFFORT,COMPLETED,m4-1,70.596,"{'m1-1': 99.96, 'm2-1': 104.92, 'm3-1': 9.96, 'm4-1': 1.06, 'm5-1': 1.06, 'm6-1': 109.46, 'm7-1': 10.21, 'm8-1': 111.16}",1.59,191.15399999999997,192.21399999999997,inf,220.596,220.596
293,T3,BESTEFFORT,COMPLETED,m3-1,70.728,"{'m1-1': 95.26, 'm2-1': 99.77, 'm3-1': 9.83, 'm4-1': 1.15, 'm5-1': 1.1, 'm6-1': 102.47, 'm7-1': 10.15, 'm8-1': 115.13}",14.745000000000001,103.77,113.6,inf,220.728,220.728
294,T1,BESTEFFORT,COMPLETED,m4-1,71.311,"{'m1-1': 113.36, 'm2-1': 109.9, 'm3-1': 10.96, 'm4-1': 1.09, 'm5-1': 1.12, 'm6-1': 104.77, 'm7-1': 10.81, 'm8-1': 109.5}",1.6350000000000002,166.27399999999994,167.36399999999995,inf,221.311,221.311
295,T3,BESTEFFORT,COMPLETED,m5-1,72.105,"{'m1-1': 107.71, 'm2-1': 99.13, 'm3-1': 10.64, 'm4-1': 1.06, 'm5-1': 1.12, 'm6-1': 107.82, 'm7-1': 10.38, 'm8-1': 104.82}",1.6800000000000002,189.9000000000002,191.0200000000002,inf,222.10500000000002,222.10500000000002
296,T1,BESTEFFORT,COMPLETED,m4-1,72.197,"{'m1-1': 112.81, 'm2-1': 111.8, 'm3-1': 11.0, 'm4-1': 1.14, 'm5-1': 1.13, 'm6-1': 98.07, 'm7-1': 9.98, 'm8-1': 108.41}",1.71,134.684,135.82399999999998,inf,222.197,222.197
297,T2,BESTEFFORT,COMPLETED,m5-1,72.419,"{'m1-1': 100.93, 'm2-1': 106.99, 'm3-1': 9.85, 'm4-1': 1.01, 'm5-1': 1.11, 'm6-1': 100.22, 'm7-1': 10.76, 'm8-1': 97.25}",1.665,154.8900000000001,156.0000000000001,inf,222.41899999999998,222.41899999999998
298,T3,BESTEFFORT,COMPLETED,m5-1,72.685,"{'m1-1': 103.86, 'm2-1': 92.16, 'm3-1': 9.96, 'm4-1': 1.05, 'm5-1': 1.01, 'm6-1': 97.44, 'm7-1': 11.24, 'm8-1': 113.89}",1.5150000000000001,86.14999999999998,87.15999999999998,inf,222.685,222.685
299,T2,BESTEFFORT,COMPLETED,m4-1,72.715,"{'m1-1': 109.42, 'm2-1': 97.45, 'm3-1': 10.04, 'm4-1': 1.05, 'm5-1': 1.05, 'm6-1': 109.09, 'm7-1': 10.12, 'm8-1': 108.02}",1.5750000000000002,136.89399999999998,137.944,inf,222.715,222.715
300,T1,BESTEFFORT,COMPLETED,m4-1,72.887,"{'m1-1': 101.6, 'm2-1': 102.46, 'm3-1': 10.74, 'm4-1': 1.05, 'm5-1': 1.11, 'm6-1': 115.38, 'm7-1': 10.47, 'm8-1': 110.83}",1.5750000000000002,199.21399999999997,200.26399999999998,inf,222.887,222.887
301,T4,BESTEFFORT,COMPLETED,m5-1,72.922,"{'m1-1': 102.31, 'm2-1': 96.58, 'm3-1': 10.6, 'm4-1': 1.06, 'm5-1': 1.05, 'm6-1': 102.13, 'm7-1': 10.58, 'm8-1': 110.78}",1.5750000000000002,103.82000000000002,104.87000000000002,inf,222.922,222.922
302,T1,BESTEFFORT,COMPLETED,m5-1,72.966,"{'m1-1': 98.72, 'm2-1': 97.53, 'm3-1': 10.62, 'm4-1': 1.16, 'm5-1': 1.02, 'm6-1': 111.16, 'm7-1': 9.79, 'm8-1': 96.98}",1.53,78.88999999999997,79.90999999999997,inf,222.966,222.966
303,T4,BESTEFFORT,COMPLETED,m4-1,73.174,"{'m1-1': 110.65, 'm2-1': 103.76, 'm3-1': 10.32, 'm4-1': 1.06, 'm5-1': 1.08, 'm6-1': 92.87, 'm7-1': 10.59, 'm8-1': 108.9}",1.59,76.92399999999999,77.984,inf,223.174,223.174
304,T1,BESTEFFORT,COMPLETED,m5-1,73.3,"{'m1-1': 113.67, 'm2-1': 103.58, 'm3-1': 10.63, 'm4-1': 1.14, 'm5-1': 1.08, 'm6-1': 101.1, 'm7-1': 10.88, 'm8-1': 112.66}",1.62,76.70999999999998,77.78999999999998,inf,223.3,223.3
305,T3,BESTEFFORT,COMPLETED,m3-1,73.576,"{'m1-1': 92.73, 'm2-1': 97.41, 'm3-1': 10.62, 'm4-1': 1.04, 'm5-1': 1.06, 'm6-1': 103.53, 'm7-1': 10.47, 'm8-1': 111.78}",15.93,113.6,124.22,inf,223.576,223.576
306,T2,BESTEFFORT,COMPLETED,m4-1,74.009,"{'m1-1': 97.34, 'm2-1': 114.43, 'm3-1': 10.73, 'm4-1': 0.93, 'm5-1': 1.11, 'm6-1': 97.08, 'm7-1': 9.74, 'm8-1': 94.8}",1.395,201.39399999999998,202.32399999999998,inf,224.00900000000001,224.00900000000001
307,T2,BESTEFFORT,COMPLETED,m4-1,74.115,"{'m1-1': 102.9, 'm2-1': 100.21, 'm3-1': 11.09, 'm4-1': 1.03, 'm5-1': 1.05, 'm6-1': 102.5, 'm7-1': 10.1, 'm8-1': 108.94}",1.545,77.984,79.014,inf,224.115,224.115
308,T3,BESTEFFORT,COMPLETED,m4-1,74.15,"{'m1-1': 107.87, 'm2-1': 95.14, 'm3-1': 9.29, 'm4-1': 1.01, 'm5-1': 1.0, 'm6-1': 98.75, 'm7-1': 10.53, 'm8-1': 112.08}",1.5150000000000001,167.36399999999995,168.37399999999994,inf,224.15,224.15
309,T1,BESTEFFORT,COMPLETED,m5-1,74.156,"{'m1-1': 102.32, 'm2-1': 101.97, 'm3-1': 10.44, 'm4-1': 1.09, 'm5-1': 1.06, 'm6-1': 106.43, 'm7-1': 11.03, 'm8-1': 110.72}",1.59,179.40000000000018,180.46000000000018,inf,224.156,224.156
310,T3,BESTEFFORT,COMPLETED,m5-1,74.185,"{'m1-1': 95.76, 'm2-1': 105.19, 'm3-1': 9.62, 'm4-1': 1.05, 'm5-1': 1.11, 'm6-1': 100.97, 'm7-1': 11.33, 'm8-1': 116.35}",1.665,122.77000000000001,123.88000000000001,inf,224.185,224.185
311,T2,BESTEFFORT,COMPLETED,m4-1,74.312,"{'m1-1': 103.88, 'm2-1': 106.55, 'm3-1': 10.15, 'm4-1': 1.06, 'm5-1': 1.09, 'm6-1': 113.49, 'm7-1': 9.81, 'm8-1': 94.34}",1.59,80.024,81.084,inf,224.312,224.312
312,T3,BESTEFFORT,MISSED,m3-1,74.506,"{'m1-1': 99.92, 'm2-1': 97.19, 'm3-1': 10.56, 'm4-1': 1.01, 'm5-1': 1.01, 'm6-1': 111.82, 'm7-1': 10.11, 'm8-1': 102.58}",12.023999999999944,216.49000000000004,inf,224.506,224.506,224.506
313,T1,BESTEFFORT,COMPLETED,m5-1,74.522,"{'m1-1': 115.91, 'm2-1': 110.54, 'm3-1': 11.11, 'm4-1': 0.99, 'm5-1': 1.1, 'm6-1': 109.46, 'm7-1': 10.66, 'm8-1': 100.88}",1.6500000000000001,77.78999999999998,78.88999999999997,inf,224.522,224.522
314,T4,BESTEFFORT,COMPLETED,m4-1,74.807,"{'m1-1': 110.05, 'm2-1': 102.32, 'm3-1': 11.17, 'm4-1': 1.08, 'm5-1': 0.98, 'm6-1': 105.1, 'm7-1': 9.36, 'm8-1': 106.44}",1.62,81.084,82.164,inf,224.80700000000002,224.80700000000002
315,T1,BESTEFFORT,COMPLETED,m5-1,74.87,"{'m1-1': 100.03, 'm2-1': 112.73, 'm3-1': 10.3, 'm4-1': 1.01, 'm5-1': 1.13, 'm6-1': 111.01, 'm7-1': 9.69, 'm8-1': 100.96}",1.6949999999999998,195.04000000000022,196.17000000000021,inf,224.87,224.87
316,T2,BESTEFFORT,COMPLETED,m4-1,75.262,"{'m1-1': 100.93, 'm2-1': 107.86, 'm3-1': 11.13, 'm4-1': 1.03, 'm5-1': 1.08, 'm6-1': 109.49, 'm7-1': 9.35, 'm8-1': 93.08}",1.545,82.164,83.194,inf,225.262,225.262
317,T3,BESTEFFORT,COMPLETED,m5-1,75.303,"{'m1-1': 108.24, 'm2-1': 93.62, 'm3-1': 9.61, 'm4-1': 1.02, 'm5-1': 1.01, 'm6-1': 101.63, 'm7-1': 9.97, 'm8-1': 114.49}",1.5150000000000001,156.0000000000001,157.0100000000001,inf,225.303,225.303
318,T4,BESTEFFORT,COMPLETED,m4-1,75.533,"{'m1-1': 105.14, 'm2-1': 112.91, 'm3-1': 10.92, 'm4-1': 1.01, 'm5-1': 1.0, 'm6-1': 94.56, 'm7-1': 9.49, 'm8-1': 108.38}",1.5150000000000001,79.014,80.024,inf,225.53300000000002,225.53300000000002
319,T2,BESTEFFORT,COMPLETED,m4-1,75.649,"{'m1-1': 114.04, 'm2-1': 110.15, 'm3-1': 10.2, 'm4-1': 0.94, 'm5-1': 1.1, 'm6-1': 104.62, 'm7-1': 10.8, 'm8-1': 101.54}",1.41,179.52399999999997,180.46399999999997,inf,225.649,225.649
320,T4,BESTEFFORT,COMPLETED,m4-1,75.904,"{'m1-1': 101.05, 'm2-1': 103.37, 'm3-1': 10.42, 'm4-1': 0.96, 'm5-1': 1.05, 'm6-1': 106.64, 'm7-1': 10.17, 'm8-1': 115.92}",1.44,176.45399999999995,177.41399999999996,inf,225.904,225.904
321,T2,BESTEFFORT,COMPLETED,m5-1,76.104,"{'m1-1': 111.9, 'm2-1': 100.45, 'm3-1': 9.95, 'm4-1': 1.08, 'm5-1': 1.03, 'm6-1': 103.24, 'm7-1': 10.55, 'm8-1': 102.06}",1.545,89.28999999999999,90.32,inf,226.10399999999998,226.10399999999998
322,T1,BESTEFFORT,COMPLETED,m5-1,76.372,"{'m1-1': 103.11, 'm2-1': 106.64, 'm3-1': 10.68, 'm4-1': 1.12, 'm5-1': 1.04, 'm6-1': 101.77, 'm7-1': 11.11, 'm8-1': 112.15}",1.56,79.90999999999997,80.94999999999997,inf,226.372,226.372
323,T1,BESTEFFORT,COMPLETED,m5-1,76.477,"{'m1-1': 114.43, 'm2-1': 104.45, 'm3-1': 10.99, 'm4-1': 1.09, 'm5-1': 1.1, 'm6-1': 99.21, 'm7-1': 11.44, 'm8-1': 107.66}",1.6500000000000001,196.17000000000021,197.2700000000002,inf,226.477,226.477
324,T2,BESTEFFORT,COMPLETED,m5-1,77.111,"{'m1-1': 114.66, 'm2-1': 111.51, 'm3-1': 10.17, 'm4-1': 1.09, 'm5-1': 1.08, 'm6-1': 106.91, 'm7-1': 10.92, 'm8-1': 93.16}",1.62,134.44000000000003,135.52000000000004,inf,227.111,227.111
325,T1,BESTEFFORT,COMPLETED,m5-1,77.157,"{'m1-1': 105.28, 'm2-1': 110.15, 'm3-1': 11.43, 'm4-1': 1.0, 'm5-1': 0.98, 'm6-1': 103.56, 'm7-1': 11.02, 'm8-1': 95.47}",1.47,80.94999999999997,81.92999999999998,inf,227.15699999999998,227.15699999999998
326,T2,BESTEFFORT,COMPLETED,m4-1,77.83,"{'m1-1': 110.85, 'm2-1': 103.1, 'm3-1': 10.38, 'm4-1': 0.97, 'm5-1': 1.03, 'm6-1': 110.46, 'm7-1': 9.66, 'm8-1': 99.32}",1.455,83.194,84.164,inf,227.82999999999998,227.82999999999998
327,T3,BESTEFFORT,COMPLETED,m5-1,78.034,"{'m1-1': 107.56, 'm2-1': 98.88, 'm3-1': 9.59, 'm4-1': 1.07, 'm5-1': 1.05, 'm6-1': 107.83, 'm7-1': 11.1, 'm8-1': 119.28}",1.5750000000000002,81.92999999999998,82.97999999999998,inf,228.034,228.034
328,T4,BESTEFFORT,COMPLETED,m4-1,78.037,"{'m1-1': 104.11, 'm2-1': 104.61, 'm3-1': 10.61, 'm4-1': 1.03, 'm5-1': 1.1, 'm6-1': 93.72, 'm7-1': 9.52, 'm8-1': 106.6}",1.545,84.164,85.194,inf,228.037,228.037
329,T2,BESTEFFORT,COMPLETED,m4-1,78.239,"{'m1-1': 105.54, 'm2-1': 111.85, 'm3-1': 9.75, 'm4-1': 1.08, 'm5-1': 1.14, 'm6-1': 108.1, 'm7-1': 10.89, 'm8-1': 108.68}",1.62,88.37400000000001,89.45400000000001,inf,228.239,228.239
330,T3,BESTEFFORT,COMPLETED,m5-1,78.378,"{'m1-1': 101.5, 'm2-1': 94.94, 'm3-1': 10.53, 'm4-1': 1.03, 'm5-1': 1.01, 'm6-1': 111.33, 'm7-1': 11.2, 'm8-1': 105.64}",1.5150000000000001,104.87000000000002,105.88000000000002,inf,228.378,228.378
331,T3,BESTEFFORT,COMPLETED,m5-1,79.265,"{'m1-1': 104.99, 'm2-1': 99.13, 'm3-1': 9.67, 'm4-1': 1.15, 'm5-1': 0.97, 'm6-1': 99.63, 'm7-1': 10.19, 'm8-1': 112.79}",1.455,82.97999999999998,83.94999999999997,inf,229.265,229.265
332,T1,BESTEFFORT,COMPLETED,m5-1,79.381,"{'m1-1': 105.05, 'm2-1': 106.53, 'm3-1': 10.71, 'm4-1': 1.05, 'm5-1': 0.96, 'm6-1': 103.39, 'm7-1': 10.35, 'm8-1': 102.83}",1.44,108.08000000000003,109.04000000000002,inf,229.381,229.381
333,T1,BESTEFFORT,COMPLETED,m5-1,79.498,"{'m1-1': 100.19, 'm2-1': 96.74, 'm3-1': 10.56, 'm4-1': 1.07, 'm5-1': 1.12, 'm6-1': 99.57, 'm7-1': 11.07, 'm8-1': 101.82}",1.6800000000000002,83.94999999999997,85.06999999999998,inf,229.498,229.498
334,T1,BESTEFFORT,COMPLETED,m4-1,79.836,"{'m1-1': 112.26, 'm2-1': 100.02, 'm3-1': 10.06, 'm4-1': 1.06, 'm5-1': 0.99, 'm6-1': 98.07, 'm7-1': 10.76, 'm8-1': 108.92}",1.59,96.37400000000002,97.43400000000003,inf,229.836,229.836
335,T1,BESTEFFORT,COMPLETED,m4-1,80.548,"{'m1-1': 101.07, 'm2-1': 106.61, 'm3-1': 10.94, 'm4-1': 1.01, 'm5-1': 0.96, 'm6-1': 107.52, 'm7-1': 10.02, 'm8-1': 98.98}",1.5150000000000001,192.21399999999997,193.22399999999996,inf,230.548,230.548
336,T3,BESTEFFORT,COMPLETED,m5-1,80.815,"{'m1-1': 98.89, 'm2-1': 100.45, 'm3-1': 10.29, 'm4-1': 1.17, 'm5-1': 0.99, 'm6-1': 115.38, 'm7-1': 10.06, 'm8-1': 105.14}",1.4849999999999999,109.04000000000002,110.03000000000002,inf,230.815,230.815
337,T2,BESTEFFORT,COMPLETED,m5-1,80.924,"{'m1-1': 102.04, 'm2-1': 104.07, 'm3-1': 11.1, 'm4-1': 1.03, 'm5-1': 1.1, 'm6-1': 101.18, 'm7-1': 9.41, 'm8-1': 104.52}",1.6500000000000001,135.52000000000004,136.62000000000003,inf,230.924,230.924
338,T2,BESTEFFORT,COMPLETED,m4-1,81.098,"{'m1-1': 112.18, 'm2-1': 96.68, 'm3-1': 10.08, 'm4-1': 1.08, 'm5-1': 1.1, 'm6-1': 112.78, 'm7-1': 10.26, 'm8-1': 102.35}",1.62,85.194,86.274,inf,231.098,231.098
339,T3,BESTEFFORT,COMPLETED,m5-1,81.493,"{'m1-1': 103.7, 'm2-1': 100.52, 'm3-1': 10.04, 'm4-1': 1.01, 'm5-1': 1.08, 'm6-1': 102.04, 'm7-1': 10.39, 'm8-1': 117.77}",1.62,85.06999999999998,86.14999999999998,inf,231.493,231.493
340,T1,BESTEFFORT,COMPLETED,m5-1,82.086,"{'m1-1': 110.05, 'm2-1': 99.02, 'm3-1': 10.59, 'm4-1': 1.14, 'm5-1': 1.12, 'm6-1': 112.06, 'm7-1': 10.24, 'm8-1': 111.67}",1.6800000000000002,157.0100000000001,158.1300000000001,inf,232.086,232.086
341,T2,BESTEFFORT,COMPLETED,m7-1,82.117,"{'m1-1': 103.3, 'm2-1': 111.44, 'm3-1': 10.8, 'm4-1': 1.03, 'm5-1': 1.11, 'm6-1': 102.02, 'm7-1': 9.61, 'm8-1': 94.9}",14.415,177.29500000000002,186.90500000000003,inf,232.11700000000002,232.11700000000002
342,T4,BESTEFFORT,COMPLETED,m4-1,82.378,"{'m1-1': 97.52, 'm2-1': 99.71, 'm3-1': 9.89, 'm4-1': 1.04, 'm5-1': 1.07, 'm6-1': 101.94, 'm7-1': 10.89, 'm8-1': 102.46}",1.56,86.274,87.31400000000001,inf,232.378,232.378
343,T3,BESTEFFORT,COMPLETED,m4-1,82.956,"{'m1-1': 104.99, 'm2-1': 108.03, 'm3-1': 10.16, 'm4-1': 1.14, 'm5-1': 1.13, 'm6-1': 100.14, 'm7-1': 11.14, 'm8-1': 112.79}",1.71,155.67399999999998,156.81399999999996,inf,232.95600000000002,232.95600000000002
344,T3,BESTEFFORT,COMPLETED,m5-1,83.011,"{'m1-1': 100.38, 'm2-1': 94.57, 'm3-1': 9.72, 'm4-1': 1.04, 'm5-1': 1.13, 'm6-1': 99.22, 'm7-1': 11.13, 'm8-1': 114.02}",1.6949999999999998,198.3400000000002,199.4700000000002,inf,233.011,233.011
345,T2,BESTEFFORT,COMPLETED,m7-1,83.043,"{'m1-1': 107.28, 'm2-1': 97.16, 'm3-1': 10.85, 'm4-1': 1.07, 'm5-1': 1.15, 'm6-1': 105.08, 'm7-1': 9.8, 'm8-1': 94.04}",14.700000000000001,115.76799999999999,125.56799999999998,inf,233.043,233.043
346,T2,BESTEFFORT,COMPLETED,m4-1,83.079,"{'m1-1': 103.42, 'm2-1': 105.08, 'm3-1': 9.99, 'm4-1': 1.06, 'm5-1': 1.01, 'm6-1': 109.98, 'm7-1': 10.24, 'm8-1': 97.91}",1.59,87.31400000000001,88.37400000000001,inf,233.079,233.079
347,T3,BESTEFFORT,COMPLETED,m5-1,83.182,"{'m1-1': 106.84, 'm2-1': 97.41, 'm3-1': 10.5, 'm4-1': 1.07, 'm5-1': 1.04, 'm6-1': 112.91, 'm7-1': 9.79, 'm8-1': 111.16}",1.56,87.15999999999998,88.19999999999999,inf,233.18200000000002,233.18200000000002
348,T1,BESTEFFORT,COMPLETED,m4-1,83.757,"{'m1-1': 111.4, 'm2-1': 108.84, 'm3-1': 10.31, 'm4-1': 1.1, 'm5-1': 1.07, 'm6-1': 115.63, 'm7-1': 9.94, 'm8-1': 100.34}",1.6500000000000001,137.944,139.04399999999998,inf,233.757,233.757
349,T1,BESTEFFORT,COMPLETED,m5-1,84.267,"{'m1-1': 102.06, 'm2-1': 96.0, 'm3-1': 9.94, 'm4-1': 1.02, 'm5-1': 1.09, 'm6-1': 114.31, 'm7-1': 10.2, 'm8-1': 110.43}",1.6350000000000002,88.19999999999999,89.28999999999999,inf,234.267,234.267
350,T2,BESTEFFORT,COMPLETED,m4-1,84.951,"{'m1-1': 112.0, 'm2-1': 110.94, 'm3-1': 9.81, 'm4-1': 1.02, 'm5-1': 1.09, 'm6-1': 103.17, 'm7-1': 10.8, 'm8-1': 96.36}",1.53,193.22399999999996,194.24399999999997,inf,234.951,234.951
351,T1,BESTEFFORT,COMPLETED,m5-1,85.025,"{'m1-1': 107.43, 'm2-1': 112.64, 'm3-1': 10.65, 'm4-1': 1.02, 'm5-1': 1.12, 'm6-1': 106.7, 'm7-1': 11.3, 'm8-1': 95.26}",1.6800000000000002,204.53000000000023,205.65000000000023,inf,235.025,235.025
352,T3,BESTEFFORT,COMPLETED,m5-1,85.13,"{'m1-1': 98.79, 'm2-1': 103.49, 'm3-1': 9.95, 'm4-1': 1.18, 'm5-1': 1.01, 'm6-1': 112.93, 'm7-1': 10.4, 'm8-1': 115.91}",1.5150000000000001,110.03000000000002,111.04000000000002,inf,235.13,235.13
353,T3,BESTEFFORT,COMPLETED,m4-1,85.449,"{'m1-1': 101.39, 'm2-1': 103.11, 'm3-1': 10.22, 'm4-1': 1.17, 'm5-1': 1.08, 'm6-1': 99.1, 'm7-1': 10.21, 'm8-1': 106.09}",1.755,156.81399999999996,157.98399999999995,inf,235.449,235.449
354,T2,BESTEFFORT,COMPLETED,m4-1,86.07,"{'m1-1': 112.53, 'm2-1': 110.15, 'm3-1': 10.37, 'm4-1': 1.09, 'm5-1': 1.14, 'm6-1': 113.2, 'm7-1': 9.91, 'm8-1': 109.26}",1.6350000000000002,89.45400000000001,90.54400000000001,inf,236.07,236.07
355,T2,BESTEFFORT,COMPLETED,m5-1,86.556,"{'m1-1': 113.83, 'm2-1': 110.96, 'm3-1': 10.93, 'm4-1': 1.03, 'm5-1': 1.06, 'm6-1': 109.49, 'm7-1': 10.1, 'm8-1': 106.42}",1.59,136.62000000000003,137.68000000000004,inf,236.55599999999998,236.55599999999998
356,T4,BESTEFFORT,COMPLETED,m4-1,86.851,"{'m1-1': 99.54, 'm2-1': 104.57, 'm3-1': 10.91, 'm4-1': 1.04, 'm5-1': 1.13, 'm6-1': 93.75, 'm7-1': 9.76, 'm8-1': 100.65}",1.56,139.04399999999998,140.08399999999997,inf,236.851,236.851
357,T1,BESTEFFORT,COMPLETED,m5-1,88.015,"{'m1-1': 105.18, 'm2-1': 100.15, 'm3-1': 9.83, 'm4-1': 1.08, 'm5-1': 1.01, 'm6-1': 106.83, 'm7-1': 11.2, 'm8-1': 107.72}",1.5150000000000001,91.44,92.45,inf,238.015,238.015
358,T3,BESTEFFORT,COMPLETED,m3-1,88.043,"{'m1-1': 105.81, 'm2-1': 96.79, 'm3-1': 10.56, 'm4-1': 1.15, 'm5-1': 1.08, 'm6-1': 114.66, 'm7-1': 10.13, 'm8-1': 102.04}",15.84,124.22,134.78,inf,238.043,238.043
359,T1,BESTEFFORT,COMPLETED,m5-1,88.137,"{'m1-1': 114.8, 'm2-1': 110.64, 'm3-1': 10.73, 'm4-1': 1.15, 'm5-1': 0.96, 'm6-1': 110.47, 'm7-1': 10.33, 'm8-1': 97.31}",1.44,123.88000000000001,124.84,inf,238.137,238.137
360,T4,BESTEFFORT,COMPLETED,m4-1,88.138,"{'m1-1': 108.99, 'm2-1': 94.97, 'm3-1': 10.45, 'm4-1': 0.95, 'm5-1': 1.02, 'm6-1': 106.92, 'm7-1': 9.24, 'm8-1': 108.88}",1.4249999999999998,91.52400000000002,92.47400000000002,inf,238.138,238.138
361,T4,BESTEFFORT,COMPLETED,m5-1,88.445,"{'m1-1': 108.74, 'm2-1': 103.64, 'm3-1': 10.94, 'm4-1': 1.04, 'm5-1': 1.06, 'm6-1': 105.76, 'm7-1': 9.54, 'm8-1': 115.48}",1.59,180.46000000000018,181.52000000000018,inf,238.445,238.445
362,T4,BESTEFFORT,COMPLETED,m4-1,88.639,"{'m1-1': 111.48, 'm2-1': 106.44, 'm3-1': 10.39, 'm4-1': 1.08, 'm5-1': 1.13, 'm6-1': 97.92, 'm7-1': 10.74, 'm8-1': 100.61}",1.62,104.24400000000003,105.32400000000003,inf,238.639,238.639
363,T2,BESTEFFORT,COMPLETED,m4-1,88.974,"{'m1-1': 108.69, 'm2-1': 110.96, 'm3-1': 9.91, 'm4-1': 1.0, 'm5-1': 1.0, 'm6-1': 103.79, 'm7-1': 10.46, 'm8-1': 94.04}",1.5,92.47400000000002,93.47400000000002,inf,238.974,238.974
364,T2,BESTEFFORT,COMPLETED,m4-1,89.067,"{'m1-1': 97.16, 'm2-1': 106.08, 'm3-1': 10.07, 'm4-1': 1.08, 'm5-1': 1.16, 'm6-1': 112.26, 'm7-1': 9.4, 'm8-1': 99.39}",1.62,168.37399999999994,169.45399999999995,inf,239.067,239.067
365,T3,BESTEFFORT,MISSED,m2-1,89.103,"{'m1-1': 104.48, 'm2-1': 98.82, 'm3-1': 10.56, 'm4-1': 1.12, 'm5-1': 1.1, 'm6-1': 107.48, 'm7-1': 10.01, 'm8-1': 116.81}",0.0,266.858,inf,266.858,239.103,239.103
366,T4,BESTEFFORT,COMPLETED,m5-1,89.208,"{'m1-1': 97.68, 'm2-1': 108.5, 'm3-1': 10.85, 'm4-1': 1.04, 'm5-1': 1.12, 'm6-1': 100.76, 'm7-1': 10.72, 'm8-1': 104.6}",1.6800000000000002,92.45,93.57000000000001,inf,239.208,239.208
367,T2,BESTEFFORT,COMPLETED,m4-1,89.49,"{'m1-1': 109.29, 'm2-1': 108.66, 'm3-1': 10.41, 'm4-1': 0.98, 'm5-1': 1.11, 'm6-1': 106.08, 'm7-1': 9.57, 'm8-1': 106.57}",1.47,157.98399999999995,158.96399999999994,inf,239.49,239.49
368,T2,BESTEFFORT,COMPLETED,m4-1,89.622,"{'m1-1': 112.58, 'm2-1': 105.62, 'm3-1': 9.99, 'm4-1': 0.94, 'm5-1': 1.01, 'm6-1': 108.51, 'm7-1': 9.6, 'm8-1': 101.04}",1.41,158.96399999999994,159.90399999999994,inf,239.622,239.622
369,T3,BESTEFFORT,COMPLETED,m4-1,89.848,"{'m1-1': 107.89, 'm2-1': 97.03, 'm3-1': 10.7, 'm4-1': 1.02, 'm5-1': 1.01, 'm6-1': 103.44, 'm7-1': 10.52, 'm8-1': 110.02}",1.53,105.32400000000003,106.34400000000002,inf,239.848,239.848
370,T1,BESTEFFORT,COMPLETED,m5-1,89.88,"{'m1-1': 104.71, 'm2-1': 104.56, 'm3-1': 10.71, 'm4-1': 1.0, 'm5-1': 1.07, 'm6-1': 107.12, 'm7-1': 11.42, 'm8-1': 104.57}",1.605,124.84,125.91,inf,239.88,239.88
371,T2,BESTEFFORT,COMPLETED,m4-1,90.086,"{'m1-1': 108.89, 'm2-1': 107.38, 'm3-1': 11.02, 'm4-1': 0.94, 'm5-1': 1.17, 'm6-1': 112.96, 'm7-1': 10.61, 'm8-1': 105.92}",1.41,94.51400000000002,95.45400000000002,inf,240.086,240.086
372,T4,BESTEFFORT,COMPLETED,m4-1,90.432,"{'m1-1': 110.26, 'm2-1': 104.58, 'm3-1': 9.92, 'm4-1': 1.04, 'm5-1': 1.0, 'm6-1': 103.32, 'm7-1': 10.37, 'm8-1': 116.03}",1.56,93.47400000000002,94.51400000000002,inf,240.43200000000002,240.43200000000002
373,T1,BESTEFFORT,COMPLETED,m5-1,90.84,"{'m1-1': 103.58, 'm2-1': 108.77, 'm3-1': 10.92, 'm4-1': 1.08, 'm5-1': 0.96, 'm6-1': 113.43, 'm7-1': 11.25, 'm8-1': 103.61}",1.44,200.4700000000002,201.4300000000002,inf,240.84,240.84
374,T2,BESTEFFORT,MISSED,m8-1,91.075,"{'m1-1': 114.58, 'm2-1': 100.06, 'm3-1': 10.4, 'm4-1': 1.09, 'm5-1': 1.16, 'm6-1': 99.4, 'm7-1': 9.64, 'm8-1': 93.51}",120.3915,160.814,inf,241.075,241.075,241.075
375,T4,BESTEFFORT,COMPLETED,m5-1,91.16,"{'m1-1': 110.08, 'm2-1': 107.51, 'm3-1': 10.35, 'm4-1': 1.06, 'm5-1': 0.98, 'm6-1': 101.86, 'm7-1': 10.19, 'm8-1': 110.03}",1.47,94.60000000000001,95.58000000000001,inf,241.16,241.16
376,T2,BESTEFFORT,COMPLETED,m4-1,91.18,"{'m1-1': 101.95, 'm2-1': 113.78, 'm3-1': 11.42, 'm4-1': 0.92, 'm5-1': 1.11, 'm6-1': 103.44, 'm7-1': 10.66, 'm8-1': 92.11}",1.3800000000000001,95.45400000000002,96.37400000000002,inf,241.18,241.18
377,T3,BESTEFFORT,COMPLETED,m5-1,91.496,"{'m1-1': 94.72, 'm2-1': 97.79, 'm3-1': 10.62, 'm4-1': 1.06, 'm5-1': 1.08, 'm6-1': 108.2, 'm7-1': 10.73, 'm8-1': 112.31}",1.62,184.57000000000016,185.65000000000018,inf,241.49599999999998,241.49599999999998
378,T3,BESTEFFORT,COMPLETED,m5-1,91.717,"{'m1-1': 108.18, 'm2-1': 95.79, 'm3-1': 10.06, 'm4-1': 1.03, 'm5-1': 1.0, 'm6-1': 103.54, 'm7-1': 10.71, 'm8-1': 103.62}",1.5,164.7500000000001,165.7500000000001,inf,241.71699999999998,241.71699999999998
379,T1,BESTEFFORT,COMPLETED,m5-1,92.061,"{'m1-1': 102.36, 'm2-1': 107.02, 'm3-1': 9.8, 'm4-1': 1.04, 'm5-1': 1.03, 'm6-1': 97.62, 'm7-1': 11.13, 'm8-1': 111.52}",1.545,95.58000000000001,96.61000000000001,inf,242.061,242.061
380,T2,BESTEFFORT,COMPLETED,m4-1,92.166,"{'m1-1': 111.09, 'm2-1': 109.16, 'm3-1': 11.3, 'm4-1': 0.93, 'm5-1': 1.08, 'm6-1': 104.76, 'm7-1': 10.34, 'm8-1': 104.36}",1.395,194.24399999999997,195.17399999999998,inf,242.166,242.166
381,T3,BESTEFFORT,COMPLETED,m3-1,92.361,"{'m1-1': 94.33, 'm2-1': 100.44, 'm3-1': 10.76, 'm4-1': 1.09, 'm5-1': 1.07, 'm6-1': 105.3, 'm7-1': 11.25, 'm8-1': 115.29}",16.14,134.78,145.54,inf,242.361,242.361
382,T3,BESTEFFORT,COMPLETED,m4-1,92.473,"{'m1-1': 102.14, 'm2-1': 97.29, 'm3-1': 10.58, 'm4-1': 1.09, 'm5-1': 1.03, 'm6-1': 104.07, 'm7-1': 10.73, 'm8-1': 107.04}",1.6350000000000002,177.41399999999996,178.50399999999996,inf,242.473,242.473
383,T1,BESTEFFORT,COMPLETED,m5-1,92.906,"{'m1-1': 100.07, 'm2-1': 99.2, 'm3-1': 10.56, 'm4-1': 1.0, 'm5-1': 1.04, 'm6-1': 109.48, 'm7-1': 10.4, 'm8-1': 106.22}",1.56,181.52000000000018,182.56000000000017,inf,242.906,242.906
384,T3,BESTEFFORT,COMPLETED,m4-1,93.012,"{'m1-1': 99.98, 'm2-1': 97.62, 'm3-1': 9.97, 'm4-1': 1.13, 'm5-1': 1.08, 'm6-1': 114.99, 'm7-1': 10.44, 'm8-1': 111.46}",1.6949999999999998,140.08399999999997,141.21399999999997,inf,243.012,243.012
385,T3,BESTEFFORT,COMPLETED,m4-1,93.028,"{'m1-1': 96.39, 'm2-1': 101.5, 'm3-1': 10.86, 'm4-1': 1.12, 'm5-1': 1.05, 'm6-1': 111.7, 'm7-1': 10.77, 'm8-1': 101.22}",1.6800000000000002,141.21399999999997,142.33399999999997,inf,243.02800000000002,243.02800000000002
386,T2,BESTEFFORT,COMPLETED,m4-1,93.601,"{'m1-1': 96.71, 'm2-1': 103.85, 'm3-1': 10.69, 'm4-1': 0.94, 'm5-1': 1.1, 'm6-1': 102.44, 'm7-1': 9.83, 'm8-1': 107.06}",1.41,98.49400000000003,99.43400000000003,inf,243.601,243.601
387,T4,BESTEFFORT,COMPLETED,m4-1,93.698,"{'m1-1': 100.43, 'm2-1': 99.94, 'm3-1': 9.59, 'm4-1': 0.95, 'm5-1': 0.98, 'm6-1': 102.29, 'm7-1': 9.86, 'm8-1': 114.77}",1.4249999999999998,180.46399999999997,181.41399999999996,inf,243.69799999999998,243.69799999999998
388,T4,BESTEFFORT,COMPLETED,m5-1,93.705,"{'m1-1': 108.68, 'm2-1': 104.77, 'm3-1': 10.31, 'm4-1': 1.07, 'm5-1': 1.12, 'm6-1': 109.34, 'm7-1': 9.24, 'm8-1': 102.76}",1.6800000000000002,158.1300000000001,159.2500000000001,inf,243.70499999999998,243.70499999999998
389,T3,BESTEFFORT,COMPLETED,m5-1,93.956,"{'m1-1': 96.62, 'm2-1': 92.8, 'm3-1': 9.36, 'm4-1': 1.18, 'm5-1': 1.03, 'm6-1': 114.98, 'm7-1': 10.19, 'm8-1': 116.84}",1.545,201.4300000000002,202.4600000000002,inf,243.95600000000002,243.95600000000002
390,T2,BESTEFFORT,COMPLETED,m4-1,94.071,"{'m1-1': 101.79, 'm2-1': 105.89, 'm3-1': 10.33, 'm4-1': 1.06, 'm5-1': 1.05, 'm6-1': 112.25, 'm7-1': 9.36, 'm8-1': 105.21}",1.59,97.43400000000003,98.49400000000003,inf,244.071,244.071
391,T2,BESTEFFORT,COMPLETED,m7-1,95.074,"{'m1-1': 101.04, 'm2-1': 105.79, 'm3-1': 9.94, 'm4-1': 0.99, 'm5-1': 1.06, 'm6-1': 96.0, 'm7-1': 9.66, 'm8-1': 104.7}",14.49,125.56799999999998,135.22799999999998,inf,245.074,245.074
392,T2,BESTEFFORT,COMPLETED,m7-1,95.398,"{'m1-1': 99.22, 'm2-1': 102.88, 'm3-1': 9.72, 'm4-1': 0.94, 'm5-1': 1.12, 'm6-1': 107.14, 'm7-1': 9.85, 'm8-1': 102.71}",14.774999999999999,197.32500000000002,207.175,inf,245.398,245.398
393,T2,BESTEFFORT,COMPLETED,m4-1,95.424,"{'m1-1': 114.48, 'm2-1': 102.42, 'm3-1': 10.86, 'm4-1': 0.98, 'm5-1': 1.09, 'm6-1': 101.09, 'm7-1': 10.49, 'm8-1': 94.04}",1.47,202.32399999999998,203.30399999999997,inf,245.424,245.424
394,T2,BESTEFFORT,COMPLETED,m4-1,95.446,"{'m1-1': 97.64, 'm2-1': 110.23, 'm3-1': 10.05, 'm4-1': 0.96, 'm5-1': 1.12, 'm6-1': 107.33, 'm7-1': 9.66, 'm8-1': 97.46}",1.44,99.43400000000003,100.39400000000002,inf,245.446,245.446
395,T4,BESTEFFORT,COMPLETED,m4-1,95.599,"{'m1-1': 111.98, 'm2-1': 100.89, 'm3-1': 10.72, 'm4-1': 0.92, 'm5-1': 0.97, 'm6-1': 106.38, 'm7-1': 9.68, 'm8-1': 112.43}",1.3800000000000001,100.39400000000002,101.31400000000002,inf,245.599,245.599
396,T4,BESTEFFORT,COMPLETED,m4-1,95.671,"{'m1-1': 106.62, 'm2-1': 97.24, 'm3-1': 11.26, 'm4-1': 0.93, 'm5-1': 1.12, 'm6-1': 103.45, 'm7-1': 10.8, 'm8-1': 118.48}",1.395,206.374,207.304,inf,245.671,245.671
397,T4,BESTEFFORT,COMPLETED,m4-1,95.798,"{'m1-1': 107.36, 'm2-1': 109.74, 'm3-1': 9.67, 'm4-1': 0.98, 'm5-1': 1.07, 'm6-1': 108.87, 'm7-1': 9.73, 'm8-1': 104.4}",1.47,107.40400000000002,108.38400000000003,inf,245.798,245.798
398,T1,BESTEFFORT,COMPLETED,m5-1,97.052,"{'m1-1': 110.82, 'm2-1': 107.95, 'm3-1': 9.78, 'm4-1': 1.06, 'm5-1': 1.09, 'm6-1': 115.85, 'm7-1': 10.96, 'm8-1': 101.36}",1.6350000000000002,185.65000000000018,186.74000000000018,inf,247.05200000000002,247.05200000000002
399,T4,BESTEFFORT,COMPLETED,m4-1,97.36,"{'m1-1': 104.92, 'm2-1': 100.07, 'm3-1': 11.04, 'm4-1': 1.02, 'm5-1': 1.1, 'm6-1': 107.88, 'm7-1': 10.09, 'm8-1': 111.66}",1.53,195.17399999999998,196.194,inf,247.36,247.36
400,T3,BESTEFFORT,COMPLETED,m4-1,97.45,"{'m1-1': 100.02, 'm2-1': 103.93, 'm3-1': 10.36, 'm4-1': 1.01, 'm5-1': 1.03, 'm6-1': 103.42, 'm7-1': 11.42, 'm8-1': 108.17}",1.5150000000000001,196.194,197.20399999999998,inf,247.45,247.45
401,T3,BESTEFFORT,COMPLETED,m5-1,97.59,"{'m1-1': 106.08, 'm2-1': 107.44, 'm3-1': 9.95, 'm4-1': 1.13, 'm5-1': 1.12, 'm6-1': 99.89, 'm7-1': 9.69, 'm8-1': 118.61}",1.6800000000000002,100.69000000000001,101.81000000000002,inf,247.59,247.59
402,T1,BESTEFFORT,COMPLETED,m5-1,97.904,"{'m1-1': 98.39, 'm2-1': 111.23, 'm3-1': 11.47, 'm4-1': 1.01, 'm5-1': 1.03, 'm6-1': 109.06, 'm7-1': 11.38, 'm8-1': 110.82}",1.545,101.81000000000002,102.84000000000002,inf,247.904,247.904
403,T2,BESTEFFORT,COMPLETED,m4-1,97.991,"{'m1-1': 104.74, 'm2-1': 98.16, 'm3-1': 10.18, 'm4-1': 0.96, 'm5-1': 1.14, 'm6-1': 95.67, 'm7-1': 10.59, 'm8-1': 96.58}",1.44,203.30399999999997,204.26399999999998,inf,247.99099999999999,247.99099999999999
404,T4,BESTEFFORT,COMPLETED,m4-1,98.0,"{'m1-1': 108.94, 'm2-1': 98.03, 'm3-1': 11.08, 'm4-1': 0.94, 'm5-1': 1.11, 'm6-1': 94.62, 'm7-1': 10.89, 'm8-1': 104.2}",1.41,101.31400000000002,102.25400000000002,inf,248.0,248.0
405,T4,BESTEFFORT,COMPLETED,m5-1,98.218,"{'m1-1': 97.53, 'm2-1': 106.43, 'm3-1': 9.9, 'm4-1': 0.96, 'm5-1': 0.98, 'm6-1': 103.93, 'm7-1': 10.69, 'm8-1': 113.14}",1.47,102.84000000000002,103.82000000000002,inf,248.21800000000002,248.21800000000002
406,T1,BESTEFFORT,COMPLETED,m5-1,98.525,"{'m1-1': 111.28, 'm2-1': 109.9, 'm3-1': 11.34, 'm4-1': 1.02, 'm5-1': 1.1, 'm6-1': 103.3, 'm7-1': 10.21, 'm8-1': 106.7}",1.6500000000000001,125.91,127.00999999999999,inf,248.525,248.525
407,T2,BESTEFFORT,COMPLETED,m5-1,98.946,"{'m1-1': 111.68, 'm2-1': 111.7, 'm3-1': 10.06, 'm4-1': 0.93, 'm5-1': 0.99, 'm6-1': 106.89, 'm7-1': 10.91, 'm8-1': 102.79}",1.4849999999999999,127.00999999999999,127.99999999999999,inf,248.946,248.946
408,T4,BESTEFFORT,COMPLETED,m4-1,99.33,"{'m1-1': 100.59, 'm2-1': 110.65, 'm3-1': 9.68, 'm4-1': 1.06, 'm5-1': 0.96, 'm6-1': 96.94, 'm7-1': 10.2, 'm8-1': 100.83}",1.59,102.25400000000002,103.31400000000002,inf,249.32999999999998,249.32999999999998
409,T3,BESTEFFORT,COMPLETED,m5-1,99.435,"{'m1-1': 100.2, 'm2-1': 102.8, 'm3-1': 9.87, 'm4-1': 1.02, 'm5-1': 1.12, 'm6-1': 103.07, 'm7-1': 9.89, 'm8-1': 105.54}",1.6800000000000002,207.65000000000023,208.77000000000024,inf,249.435,249.435
410,T3,BESTEFFORT,COMPLETED,m5-1,99.858,"{'m1-1': 106.57, 'm2-1': 98.03, 'm3-1': 10.68, 'm4-1': 1.13, 'm5-1': 1.15, 'm6-1': 105.82, 'm7-1': 10.25, 'm8-1': 103.86}",1.7249999999999999,165.7500000000001,166.90000000000012,inf,249.858,249.858
411,T2,BESTEFFORT,COMPLETED,m4-1,100.252,"{'m1-1': 101.57, 'm2-1': 98.31, 'm3-1': 10.34, 'm4-1': 0.93, 'm5-1': 1.11, 'm6-1': 107.14, 'm7-1': 9.34, 'm8-1': 99.4}",1.395,103.31400000000002,104.24400000000003,inf,250.252,250.252
412,T1,BESTEFFORT,COMPLETED,m4-1,100.446,"{'m1-1': 115.23, 'm2-1': 102.91, 'm3-1': 9.92, 'm4-1': 1.13, 'm5-1': 1.02, 'm6-1': 101.7, 'm7-1': 11.37, 'm8-1': 104.29}",1.6949999999999998,200.26399999999998,201.39399999999998,inf,250.446,250.446
413,T4,BESTEFFORT,COMPLETED,m4-1,100.644,"{'m1-1': 106.82, 'm2-1': 100.1, 'm3-1': 10.85, 'm4-1': 1.09, 'm5-1': 0.99, 'm6-1': 97.6, 'm7-1': 9.76, 'm8-1': 103.35}",1.6350000000000002,159.90399999999994,160.99399999999994,inf,250.644,250.644
414,T1,BESTEFFORT,COMPLETED,m5-1,101.09,"{'m1-1': 109.8, 'm2-1': 112.59, 'm3-1': 9.8, 'm4-1': 1.12, 'm5-1': 1.0, 'm6-1': 105.47, 'm7-1': 10.23, 'm8-1': 102.44}",1.5,191.0200000000002,192.0200000000002,inf,251.09,251.09
415,T3,BESTEFFORT,COMPLETED,m5-1,101.587,"{'m1-1': 104.96, 'm2-1': 96.1, 'm3-1': 10.09, 'm4-1': 1.08, 'm5-1': 1.05, 'm6-1': 105.63, 'm7-1': 11.34, 'm8-1': 111.78}",1.5750000000000002,159.2500000000001,160.30000000000013,inf,251.587,251.587
416,T2,BESTEFFORT,COMPLETED,m5-1,102.567,"{'m1-1': 113.14, 'm2-1': 111.02, 'm3-1': 11.11, 'm4-1': 1.05, 'm5-1': 1.08, 'm6-1': 107.73, 'm7-1': 9.43, 'm8-1': 95.44}",1.62,105.88000000000002,106.96000000000002,inf,252.567,252.567
417,T4,BESTEFFORT,COMPLETED,m4-1,102.627,"{'m1-1': 110.56, 'm2-1': 110.1, 'm3-1': 9.69, 'm4-1': 1.06, 'm5-1': 1.12, 'm6-1': 97.37, 'm7-1': 10.32, 'm8-1': 115.74}",1.59,106.34400000000002,107.40400000000002,inf,252.627,252.627
418,T2,BESTEFFORT,COMPLETED,m4-1,102.786,"{'m1-1': 105.34, 'm2-1': 101.75, 'm3-1': 10.4, 'm4-1': 1.09, 'm5-1': 1.11, 'm6-1': 107.24, 'm7-1': 9.64, 'm8-1': 103.72}",1.6350000000000002,207.304,208.394,inf,252.786,252.786
419,T1,BESTEFFORT,COMPLETED,m5-1,103.216,"{'m1-1': 116.36, 'm2-1': 96.03, 'm3-1': 10.59, 'm4-1': 1.04, 'm5-1': 1.12, 'm6-1': 113.43, 'm7-1': 10.31, 'm8-1': 98.62}",1.6800000000000002,106.96000000000002,108.08000000000003,inf,253.216,253.216
420,T1,BESTEFFORT,COMPLETED,m5-1,103.334,"{'m1-1': 110.27, 'm2-1': 104.34, 'm3-1': 9.8, 'm4-1': 1.16, 'm5-1': 1.0, 'm6-1': 98.79, 'm7-1': 11.45, 'm8-1': 110.79}",1.5,166.90000000000012,167.90000000000012,inf,253.334,253.334
421,T1,BESTEFFORT,COMPLETED,m5-1,103.522,"{'m1-1': 99.69, 'm2-1': 104.12, 'm3-1': 10.0, 'm4-1': 1.14, 'm5-1': 1.11, 'm6-1': 111.39, 'm7-1': 10.44, 'm8-1': 95.34}",1.665,127.99999999999999,129.10999999999999,inf,253.522,253.522
422,T2,BESTEFFORT,COMPLETED,m5-1,103.705,"{'m1-1': 108.38, 'm2-1': 99.46, 'm3-1': 10.19, 'm4-1': 1.0, 'm5-1': 1.02, 'm6-1': 96.95, 'm7-1': 10.19, 'm8-1': 104.71}",1.53,114.25000000000001,115.27000000000001,inf,253.70499999999998,253.70499999999998
423,T1,BESTEFFORT,COMPLETED,m5-1,103.807,"{'m1-1': 113.26, 'm2-1': 100.16, 'm3-1': 10.02, 'm4-1': 0.99, 'm5-1': 1.11, 'm6-1': 111.69, 'm7-1': 10.89, 'm8-1': 107.42}",1.665,137.68000000000004,138.79000000000005,inf,253.80700000000002,253.80700000000002
424,T1,BESTEFFORT,COMPLETED,m5-1,103.815,"{'m1-1': 107.69, 'm2-1': 101.73, 'm3-1': 10.65, 'm4-1': 1.13, 'm5-1': 1.07, 'm6-1': 114.72, 'm7-1': 9.81, 'm8-1': 96.46}",1.605,197.2700000000002,198.3400000000002,inf,253.815,253.815
425,T1,BESTEFFORT,COMPLETED,m5-1,104.095,"{'m1-1': 107.73, 'm2-1': 108.14, 'm3-1': 9.85, 'm4-1': 1.03, 'm5-1': 1.08, 'm6-1': 98.66, 'm7-1': 10.74, 'm8-1': 97.48}",1.62,167.90000000000012,168.98000000000013,inf,254.095,254.095
426,T1,BESTEFFORT,COMPLETED,m5-1,104.525,"{'m1-1': 106.09, 'm2-1': 104.51, 'm3-1': 10.8, 'm4-1': 1.1, 'm5-1': 1.03, 'm6-1': 99.4, 'm7-1': 11.32, 'm8-1': 98.74}",1.545,139.90000000000006,140.93000000000006,inf,254.525,254.525
427,T2,BESTEFFORT,COMPLETED,m7-1,104.797,"{'m1-1': 106.16, 'm2-1': 107.7, 'm3-1': 11.41, 'm4-1': 0.95, 'm5-1': 1.16, 'm6-1': 113.51, 'm7-1': 9.65, 'm8-1': 98.19}",14.475000000000001,135.22799999999998,144.878,inf,254.797,254.797
428,T2,BESTEFFORT,COMPLETED,m4-1,105.185,"{'m1-1': 113.61, 'm2-1': 103.65, 'm3-1': 10.62, 'm4-1': 0.94, 'm5-1': 1.09, 'm6-1': 105.8, 'm7-1': 9.84, 'm8-1': 105.01}",1.41,108.38400000000003,109.32400000000003,inf,255.185,255.185
429,T2,BESTEFFORT,COMPLETED,m4-1,105.439,"{'m1-1': 109.74, 'm2-1': 96.96, 'm3-1': 10.66, 'm4-1': 1.01, 'm5-1': 1.16, 'm6-1': 110.2, 'm7-1': 10.86, 'm8-1': 99.64}",1.5150000000000001,115.49400000000003,116.50400000000003,inf,255.439,255.439
430,T3,BESTEFFORT,COMPLETED,m5-1,105.722,"{'m1-1': 95.26, 'm2-1': 97.73, 'm3-1': 10.91, 'm4-1': 1.11, 'm5-1': 1.12, 'm6-1': 107.42, 'm7-1': 9.7, 'm8-1': 104.04}",1.6800000000000002,130.13,131.25,inf,255.72199999999998,255.72199999999998
431,T4,BESTEFFORT,COMPLETED,m4-1,105.963,"{'m1-1': 97.54, 'm2-1': 109.33, 'm3-1': 10.57, 'm4-1': 0.99, 'm5-1': 1.04, 'm6-1': 103.51, 'm7-1': 10.25, 'm8-1': 104.03}",1.4849999999999999,109.32400000000003,110.31400000000002,inf,255.963,255.963
432,T4,BESTEFFORT,COMPLETED,m5-1,106.065,"{'m1-1': 111.71, 'm2-1': 104.18, 'm3-1': 9.78, 'm4-1': 1.0, 'm5-1': 1.0, 'm6-1': 97.29, 'm7-1': 10.7, 'm8-1': 118.91}",1.5,199.4700000000002,200.4700000000002,inf,256.065,256.065
433,T1,BESTEFFORT,COMPLETED,m5-1,106.335,"{'m1-1': 100.98, 'm2-1': 110.35, 'm3-1': 11.4, 'm4-1': 1.04, 'm5-1': 0.96, 'm6-1': 101.62, 'm7-1': 10.24, 'm8-1': 108.34}",1.44,192.0200000000002,192.98000000000022,inf,256.335,256.335
434,T3,BESTEFFORT,COMPLETED,m3-1,106.509,"{'m1-1': 98.89, 'm2-1': 94.46, 'm3-1': 10.81, 'm4-1': 1.02, 'm5-1': 1.15, 'm6-1': 107.38, 'm7-1': 11.31, 'm8-1': 107.9}",16.215,205.68000000000004,216.49000000000004,inf,256.509,256.509
435,T2,BESTEFFORT,COMPLETED,m4-1,106.697,"{'m1-1': 109.31, 'm2-1': 100.84, 'm3-1': 10.27, 'm4-1': 1.05, 'm5-1': 1.1, 'm6-1': 98.2, 'm7-1': 10.83, 'm8-1': 109.44}",1.5750000000000002,160.99399999999994,162.04399999999995,inf,256.697,256.697
436,T2,BESTEFFORT,COMPLETED,m5-1,106.921,"{'m1-1': 105.45, 'm2-1': 101.05, 'm3-1': 11.5, 'm4-1': 1.09, 'm5-1': 1.17, 'm6-1': 102.9, 'm7-1': 10.77, 'm8-1': 98.83}",1.755,160.30000000000013,161.4700000000001,inf,256.921,256.921
437,T1,BESTEFFORT,COMPLETED,m4-1,106.925,"{'m1-1': 113.08, 'm2-1': 110.57, 'm3-1': 10.14, 'm4-1': 1.17, 'm5-1': 1.09, 'm6-1': 109.86, 'm7-1': 11.13, 'm8-1': 100.18}",1.755,186.69399999999996,187.86399999999995,inf,256.925,256.925
438,T4,BESTEFFORT,COMPLETED,m4-1,106.933,"{'m1-1': 103.43, 'm2-1': 104.86, 'm3-1': 10.5, 'm4-1': 1.04, 'm5-1': 1.12, 'm6-1': 104.47, 'm7-1': 9.31, 'm8-1': 102.76}",1.56,110.31400000000002,111.35400000000003,inf,256.933,256.933
439,T2,BESTEFFORT,COMPLETED,m4-1,107.043,"{'m1-1': 105.36, 'm2-1': 109.92, 'm3-1': 10.39, 'm4-1': 1.06, 'm5-1': 1.06, 'm6-1': 108.58, 'm7-1': 10.87, 'm8-1': 96.82}",1.59,112.41400000000003,113.47400000000003,inf,257.043,257.043
440,T1,BESTEFFORT,MISSED,m8-1,107.141,"{'m1-1': 99.89, 'm2-1': 104.08, 'm3-1': 10.6, 'm4-1': 1.11, 'm5-1': 1.06, 'm6-1': 100.51, 'm7-1': 9.88, 'm8-1': 104.06}",24.099000000000046,241.075,inf,257.141,257.141,257.141
441,T1,BESTEFFORT,COMPLETED,m5-1,107.215,"{'m1-1': 114.76, 'm2-1': 96.27, 'm3-1': 11.13, 'm4-1': 1.02, 'm5-1': 1.0, 'm6-1': 108.24, 'm7-1': 11.35, 'm8-1': 109.49}",1.5,113.25000000000001,114.25000000000001,inf,257.21500000000003,257.21500000000003
442,T2,BESTEFFORT,COMPLETED,m4-1,107.392,"{'m1-1': 107.45, 'm2-1': 105.2, 'm3-1': 10.41, 'm4-1': 1.0, 'm5-1': 1.12, 'm6-1': 109.45, 'm7-1': 10.47, 'm8-1': 95.86}",1.5,142.33399999999997,143.33399999999997,inf,257.392,257.392
443,T2,BESTEFFORT,COMPLETED,m4-1,107.513,"{'m1-1': 112.84, 'm2-1': 108.79, 'm3-1': 11.3, 'm4-1': 0.93, 'm5-1': 1.02, 'm6-1': 109.61, 'm7-1': 9.72, 'm8-1': 109.09}",1.395,169.45399999999995,170.38399999999996,inf,257.51300000000003,257.51300000000003
444,T2,BESTEFFORT,COMPLETED,m7-1,107.757,"{'m1-1': 99.92, 'm2-1': 106.62, 'm3-1': 10.73, 'm4-1': 1.09, 'm5-1': 1.05, 'm6-1': 102.54, 'm7-1': 10.36, 'm8-1': 103.01}",15.54,144.878,155.238,inf,257.757,257.757
445,T1,BESTEFFORT,COMPLETED,m4-1,107.805,"{'m1-1': 112.52, 'm2-1': 105.24, 'm3-1': 11.29, 'm4-1': 1.06, 'm5-1': 1.08, 'm6-1': 106.66, 'm7-1': 10.54, 'm8-1': 111.76}",1.59,181.41399999999996,182.47399999999996,inf,257.805,257.805
446,T4,BESTEFFORT,COMPLETED,m4-1,107.844,"{'m1-1': 95.51, 'm2-1': 98.24, 'm3-1': 11.02, 'm4-1': 1.06, 'm5-1': 1.0, 'm6-1': 100.38, 'm7-1': 10.3, 'm8-1': 101.36}",1.59,111.35400000000003,112.41400000000003,inf,257.844,257.844
447,T1,BESTEFFORT,COMPLETED,m5-1,108.005,"{'m1-1': 106.8, 'm2-1': 104.28, 'm3-1': 10.19, 'm4-1': 1.14, 'm5-1': 1.11, 'm6-1': 112.29, 'm7-1': 10.73, 'm8-1': 110.43}",1.665,111.04000000000002,112.15000000000002,inf,258.005,258.005
448,T1,BESTEFFORT,COMPLETED,m5-1,108.189,"{'m1-1': 105.37, 'm2-1': 96.03, 'm3-1': 11.04, 'm4-1': 1.17, 'm5-1': 0.97, 'm6-1': 114.17, 'm7-1': 9.85, 'm8-1': 106.37}",1.455,140.93000000000006,141.90000000000006,inf,258.18899999999996,258.18899999999996
449,T2,BESTEFFORT,COMPLETED,m5-1,108.241,"{'m1-1': 111.26, 'm2-1': 111.08, 'm3-1': 11.27, 'm4-1': 0.96, 'm5-1': 1.15, 'm6-1': 108.36, 'm7-1': 9.66, 'm8-1': 103.75}",1.7249999999999999,115.27000000000001,116.42000000000002,inf,258.241,258.241
450,T4,BESTEFFORT,COMPLETED,m5-1,108.655,"{'m1-1': 99.78, 'm2-1': 105.3, 'm3-1': 10.02, 'm4-1': 0.96, 'm5-1': 1.1, 'm6-1': 109.11, 'm7-1': 10.47, 'm8-1': 110.2}",1.6500000000000001,112.15000000000002,113.25000000000001,inf,258.655,258.655
451,T3,BESTEFFORT,COMPLETED,m3-1,108.695,"{'m1-1': 93.11, 'm2-1': 95.61, 'm3-1': 9.4, 'm4-1': 1.11, 'm5-1': 1.0, 'm6-1': 105.83, 'm7-1': 11.18, 'm8-1': 101.72}",14.100000000000001,145.54,154.94,inf,258.695,258.695
452,T1,BESTEFFORT,COMPLETED,m5-1,109.003,"{'m1-1': 114.3, 'm2-1': 99.27, 'm3-1': 10.3, 'm4-1': 1.09, 'm5-1': 0.95, 'm6-1': 100.71, 'm7-1': 9.66, 'm8-1': 95.6}",1.4249999999999998,168.98000000000013,169.93000000000012,inf,259.003,259.003
453,T4,BESTEFFORT,COMPLETED,m4-1,109.325,"{'m1-1': 104.44, 'm2-1': 100.19, 'm3-1': 10.51, 'm4-1': 0.94, 'm5-1': 1.13, 'm6-1': 105.6, 'm7-1': 10.39, 'm8-1': 113.72}",1.41,114.55400000000003,115.49400000000003,inf,259.325,259.325
454,T3,BESTEFFORT,MISSED,m2-1,109.661,"{'m1-1': 102.45, 'm2-1': 107.32, 'm3-1': 10.68, 'm4-1': 1.1, 'm5-1': 1.01, 'm6-1': 110.8, 'm7-1': 9.86, 'm8-1': 111.86}",0.0,266.858,inf,266.858,259.661,259.661
455,T4,BESTEFFORT,COMPLETED,m4-1,109.668,"{'m1-1': 112.3, 'm2-1': 106.31, 'm3-1': 10.37, 'm4-1': 0.93, 'm5-1': 1.04, 'm6-1': 108.52, 'm7-1': 10.2, 'm8-1': 114.03}",1.395,170.38399999999996,171.31399999999996,inf,259.668,259.668
456,T2,BESTEFFORT,COMPLETED,m4-1,109.946,"{'m1-1': 97.64, 'm2-1': 97.88, 'm3-1': 11.33, 'm4-1': 1.08, 'm5-1': 1.16, 'm6-1': 99.22, 'm7-1': 10.36, 'm8-1': 105.8}",1.62,113.47400000000003,114.55400000000003,inf,259.946,259.946
457,T2,BESTEFFORT,COMPLETED,m4-1,109.974,"{'m1-1': 102.69, 'm2-1': 104.21, 'm3-1': 11.43, 'm4-1': 1.09, 'm5-1': 1.04, 'm6-1': 109.83, 'm7-1': 10.07, 'm8-1': 109.54}",1.6350000000000002,118.50400000000003,119.59400000000004,inf,259.974,259.974
458,T4,BESTEFFORT,COMPLETED,m4-1,110.442,"{'m1-1': 99.89, 'm2-1': 101.85, 'm3-1': 10.12, 'm4-1': 0.95, 'm5-1': 0.98, 'm6-1': 109.75, 'm7-1': 9.72, 'm8-1': 101.11}",1.4249999999999998,162.04399999999995,162.99399999999994,inf,260.442,260.442
459,T3,BESTEFFORT,COMPLETED,m5-1,111.31,"{'m1-1': 98.41, 'm2-1': 93.02, 'm3-1': 9.48, 'm4-1': 1.09, 'm5-1': 1.04, 'm6-1': 102.24, 'm7-1': 10.09, 'm8-1': 115.74}",1.56,143.00000000000006,144.04000000000005,inf,261.31,261.31
460,T4,BESTEFFORT,MISSED,m6-1,111.92,"{'m1-1': 103.12, 'm2-1': 105.61, 'm3-1': 10.22, 'm4-1': 1.03, 'm5-1': 1.1, 'm6-1': 97.4, 'm7-1': 9.69, 'm8-1': 117.42}",72.1515,213.81900000000002,inf,261.92,261.92,261.92
461,T2,BESTEFFORT,COMPLETED,m7-1,111.977,"{'m1-1': 101.6, 'm2-1': 109.08, 'm3-1': 10.1, 'm4-1': 1.05, 'm5-1': 1.06, 'm6-1': 110.21, 'm7-1': 9.78, 'm8-1': 108.58}",14.669999999999998,155.238,165.018,inf,261.977,261.977
462,T3,BESTEFFORT,COMPLETED,m3-1,112.681,"{'m1-1': 108.93, 'm2-1': 95.68, 'm3-1': 10.33, 'm4-1': 1.02, 'm5-1': 0.97, 'm6-1': 110.8, 'm7-1': 11.2, 'm8-1': 114.59}",15.495000000000001,195.35000000000002,205.68000000000004,inf,262.681,262.681
463,T4,BESTEFFORT,COMPLETED,m4-1,113.049,"{'m1-1': 103.43, 'm2-1': 96.8, 'm3-1': 10.9, 'm4-1': 0.93, 'm5-1': 1.03, 'm6-1': 109.29, 'm7-1': 10.92, 'm8-1': 107.4}",1.395,116.50400000000003,117.43400000000004,inf,263.049,263.049
464,T4,BESTEFFORT,COMPLETED,m4-1,113.075,"{'m1-1': 108.69, 'm2-1': 104.13, 'm3-1': 9.68, 'm4-1': 1.01, 'm5-1': 1.12, 'm6-1': 100.07, 'm7-1': 9.27, 'm8-1': 115.2}",1.5150000000000001,143.33399999999997,144.34399999999997,inf,263.075,263.075
465,T4,BESTEFFORT,COMPLETED,m4-1,113.272,"{'m1-1': 107.95, 'm2-1': 103.74, 'm3-1': 9.68, 'm4-1': 1.07, 'm5-1': 1.03, 'm6-1': 97.45, 'm7-1': 10.63, 'm8-1': 118.36}",1.605,117.43400000000004,118.50400000000003,inf,263.272,263.272
466,T4,BESTEFFORT,COMPLETED,m4-1,113.313,"{'m1-1': 98.81, 'm2-1': 100.72, 'm3-1': 11.06, 'm4-1': 1.0, 'm5-1': 1.01, 'm6-1': 103.04, 'm7-1': 10.14, 'm8-1': 110.06}",1.5,197.20399999999998,198.20399999999998,inf,263.313,263.313
467,T4,BESTEFFORT,COMPLETED,m5-1,114.476,"{'m1-1': 112.48, 'm2-1': 106.45, 'm3-1': 10.79, 'm4-1': 1.09, 'm5-1': 1.01, 'm6-1': 98.9, 'm7-1': 9.51, 'm8-1': 117.12}",1.5150000000000001,118.55000000000001,119.56000000000002,inf,264.476,264.476
468,T2,BESTEFFORT,COMPLETED,m5-1,114.584,"{'m1-1': 99.35, 'm2-1': 103.16, 'm3-1': 11.25, 'm4-1': 1.09, 'm5-1': 1.12, 'm6-1': 108.31, 'm7-1': 10.92, 'm8-1': 109.4}",1.6800000000000002,144.04000000000005,145.16000000000005,inf,264.584,264.584
469,T3,BESTEFFORT,COMPLETED,m5-1,114.726,"{'m1-1': 107.31, 'm2-1': 106.66, 'm3-1': 9.59, 'm4-1': 1.05, 'm5-1': 1.02, 'm6-1': 105.67, 'm7-1': 10.18, 'm8-1': 104.73}",1.53,186.74000000000018,187.7600000000002,inf,264.726,264.726
470,T2,BESTEFFORT,COMPLETED,m4-1,116.115,"{'m1-1': 112.4, 'm2-1': 108.35, 'm3-1': 10.1, 'm4-1': 0.95, 'm5-1': 1.07, 'm6-1': 111.24, 'm7-1': 9.68, 'm8-1': 97.38}",1.4249999999999998,119.59400000000004,120.54400000000004,inf,266.115,266.115
471,T3,BESTEFFORT,COMPLETED,m4-1,116.488,"{'m1-1': 101.6, 'm2-1': 106.29, 'm3-1': 10.9, 'm4-1': 1.07, 'm5-1': 1.05, 'm6-1': 98.88, 'm7-1': 11.06, 'm8-1': 118.91}",1.605,171.31399999999996,172.38399999999996,inf,266.488,266.488
472,T3,BESTEFFORT,MISSED,m2-1,116.858,"{'m1-1': 102.05, 'm2-1': 94.2, 'm3-1': 10.88, 'm4-1': 1.04, 'm5-1': 1.07, 'm6-1': 104.29, 'm7-1': 11.01, 'm8-1': 110.34}",4.534500000000037,263.835,inf,266.858,266.858,266.858
473,T3,BESTEFFORT,COMPLETED,m4-1,117.046,"{'m1-1': 104.94, 'm2-1': 96.45, 'm3-1': 9.31, 'm4-1': 1.07, 'm5-1': 1.01, 'm6-1': 114.44, 'm7-1': 10.67, 'm8-1': 102.57}",1.605,144.34399999999997,145.41399999999996,inf,267.046,267.046
474,T4,BESTEFFORT,COMPLETED,m5-1,117.32,"{'m1-1': 111.85, 'm2-1': 111.63, 'm3-1': 10.26, 'm4-1': 0.95, 'm5-1': 1.08, 'm6-1': 104.41, 'm7-1': 10.73, 'm8-1': 109.01}",1.62,202.4600000000002,203.54000000000022,inf,267.32,267.32
475,T3,BESTEFFORT,COMPLETED,m4-1,117.594,"{'m1-1': 101.32, 'm2-1': 108.81, 'm3-1': 10.94, 'm4-1': 1.17, 'm5-1': 1.04, 'm6-1': 112.5, 'm7-1': 11.2, 'm8-1': 107.09}",1.755,122.55400000000004,123.72400000000005,inf,267.594,267.594
476,T3,BESTEFFORT,COMPLETED,m5-1,117.605,"{'m1-1': 96.96, 'm2-1': 97.65, 'm3-1': 9.96, 'm4-1': 1.16, 'm5-1': 1.11, 'm6-1': 105.25, 'm7-1': 10.13, 'm8-1': 106.62}",1.665,121.66000000000001,122.77000000000001,inf,267.605,267.605
477,T3,BESTEFFORT,COMPLETED,m4-1,117.929,"{'m1-1': 99.39, 'm2-1': 100.95, 'm3-1': 10.64, 'm4-1': 1.12, 'm5-1': 1.08, 'm6-1': 115.08, 'm7-1': 10.52, 'm8-1': 113.64}",1.6800000000000002,182.47399999999996,183.59399999999997,inf,267.929,267.929
478,T4,BESTEFFORT,COMPLETED,m4-1,118.106,"{'m1-1': 96.47, 'm2-1': 96.56, 'm3-1': 10.46, 'm4-1': 0.93, 'm5-1': 1.02, 'm6-1': 100.54, 'm7-1': 9.84, 'm8-1': 118.55}",1.395,121.62400000000004,122.55400000000004,inf,268.106,268.106
479,T3,BESTEFFORT,COMPLETED,m3-1,118.958,"{'m1-1': 104.68, 'm2-1': 101.76, 'm3-1': 10.27, 'm4-1': 1.05, 'm5-1': 1.03, 'm6-1': 100.14, 'm7-1': 11.1, 'm8-1': 114.11}",15.405,165.5,175.77,inf,268.95799999999997,268.95799999999997
480,T3,BESTEFFORT,COMPLETED,m5-1,119.168,"{'m1-1': 107.02, 'm2-1': 100.39, 'm3-1': 10.56, 'm4-1': 1.02, 'm5-1': 1.05, 'm6-1': 107.42, 'm7-1': 9.95, 'm8-1': 105.85}",1.5750000000000002,169.93000000000012,170.98000000000013,inf,269.168,269.168
481,T3,BESTEFFORT,COMPLETED,m3-1,120.308,"{'m1-1': 105.87, 'm2-1': 103.91, 'm3-1': 10.56, 'm4-1': 1.17, 'm5-1': 1.09, 'm6-1': 114.14, 'm7-1': 9.79, 'm8-1': 104.88}",15.84,154.94,165.5,inf,270.308,270.308
482,T3,BESTEFFORT,MISSED,m1-1,124.006,"{'m1-1': 105.14, 'm2-1': 105.21, 'm3-1': 9.44, 'm4-1': 1.05, 'm5-1': 1.1, 'm6-1': 113.76, 'm7-1': 10.4, 'm8-1': 109.9}",93.06599999999997,211.962,inf,274.006,274.006,274.006
483,T3,BESTEFFORT,COMPLETED,m4-1,124.07,"{'m1-1': 108.24, 'm2-1': 92.44, 'm3-1': 9.69, 'm4-1': 1.0, 'm5-1': 1.01, 'm6-1': 98.67, 'm7-1': 10.65, 'm8-1': 101.0}",1.5,145.41399999999996,146.41399999999996,inf,274.07,274.07
484,T3,BESTEFFORT,COMPLETED,m4-1,124.69,"{'m1-1': 95.44, 'm2-1': 95.12, 'm3-1': 9.94, 'm4-1': 1.12, 'm5-1': 1.08, 'm6-1': 98.44, 'm7-1': 11.21, 'm8-1': 117.62}",1.6800000000000002,127.98400000000004,129.10400000000004,inf,274.69,274.69
485,T3,BESTEFFORT,COMPLETED,m5-1,125.061,"{'m1-1': 108.28, 'm2-1': 104.31, 'm3-1': 9.74, 'm4-1': 1.11, 'm5-1': 1.02, 'm6-1': 111.39, 'm7-1': 11.47, 'm8-1': 107.34}",1.53,129.10999999999999,130.13,inf,275.06100000000004,275.06100000000004
486,T3,BESTEFFORT,COMPLETED,m3-1,126.327,"{'m1-1': 96.02, 'm2-1': 93.17, 'm3-1': 9.25, 'm4-1': 1.05, 'm5-1': 0.98, 'm6-1': 108.77, 'm7-1': 10.26, 'm8-1': 108.68}",13.875,175.77,185.02,inf,276.327,276.327
487,T3,BESTEFFORT,COMPLETED,m4-1,127.472,"{'m1-1': 100.36, 'm2-1': 100.57, 'm3-1': 10.72, 'm4-1': 1.14, 'm5-1': 1.04, 'm6-1': 98.07, 'm7-1': 10.79, 'm8-1': 117.37}",1.71,131.38400000000001,132.524,inf,277.472,277.472
488,T3,BESTEFFORT,COMPLETED,m7-1,127.849,"{'m1-1': 103.33, 'm2-1': 100.09, 'm3-1': 10.8, 'm4-1': 1.08, 'm5-1': 1.04, 'm6-1': 112.62, 'm7-1': 10.24, 'm8-1': 102.01}",15.36,216.75400000000002,226.99400000000003,inf,277.849,277.849
489,T3,BESTEFFORT,COMPLETED,m5-1,130.921,"{'m1-1': 94.82, 'm2-1': 105.48, 'm3-1': 9.69, 'm4-1': 1.02, 'm5-1': 1.12, 'm6-1': 108.52, 'm7-1': 9.68, 'm8-1': 115.84}",1.6800000000000002,161.4700000000001,162.59000000000012,inf,280.921,280.921
490,T3,BESTEFFORT,COMPLETED,m4-1,132.103,"{'m1-1': 102.32, 'm2-1': 101.55, 'm3-1': 10.62, 'm4-1': 1.07, 'm5-1': 1.13, 'm6-1': 99.59, 'm7-1': 9.68, 'm8-1': 102.46}",1.605,135.82399999999998,136.89399999999998,inf,282.103,282.103
491,T3,BESTEFFORT,COMPLETED,m3-1,132.697,"{'m1-1': 99.95, 'm2-1': 93.53, 'm3-1': 10.33, 'm4-1': 1.13, 'm5-1': 1.07, 'm6-1': 114.68, 'm7-1': 10.85, 'm8-1': 109.16}",15.495000000000001,185.02,195.35000000000002,inf,282.697,282.697
492,T3,BESTEFFORT,COMPLETED,m5-1,134.541,"{'m1-1': 96.12, 'm2-1': 99.37, 'm3-1': 10.1, 'm4-1': 1.0, 'm5-1': 1.0, 'm6-1': 103.54, 'm7-1': 10.05, 'm8-1': 117.67}",1.5,205.65000000000023,206.65000000000023,inf,284.541,284.541
493,T3,BESTEFFORT,COMPLETED,m5-1,135.371,"{'m1-1': 94.79, 'm2-1': 97.55, 'm3-1': 10.45, 'm4-1': 1.1, 'm5-1': 1.11, 'm6-1': 97.67, 'm7-1': 10.47, 'm8-1': 105.36}",1.665,138.79000000000005,139.90000000000006,inf,285.371,285.371
494,T3,BESTEFFORT,COMPLETED,m2-1,135.794,"{'m1-1': 98.64, 'm2-1': 95.38, 'm3-1': 10.94, 'm4-1': 1.15, 'm5-1': 0.98, 'm6-1': 98.81, 'm7-1': 10.61, 'm8-1': 107.71}",143.07,168.45499999999998,263.835,inf,285.794,285.794
495,T3,BESTEFFORT,COMPLETED,m5-1,137.364,"{'m1-1': 102.84, 'm2-1': 102.0, 'm3-1': 10.77, 'm4-1': 1.01, 'm5-1': 0.99, 'm6-1': 108.92, 'm7-1': 9.65, 'm8-1': 109.08}",1.4849999999999999,203.54000000000022,204.53000000000023,inf,287.36400000000003,287.36400000000003
496,T3,BESTEFFORT,COMPLETED,m4-1,138.026,"{'m1-1': 94.22, 'm2-1': 105.71, 'm3-1': 9.9, 'm4-1': 1.08, 'm5-1': 1.05, 'm6-1': 102.08, 'm7-1': 10.12, 'm8-1': 106.32}",1.62,204.26399999999998,205.344,inf,288.026,288.026
497,T3,BESTEFFORT,COMPLETED,m5-1,138.723,"{'m1-1': 101.54, 'm2-1': 104.09, 'm3-1': 9.8, 'm4-1': 1.14, 'm5-1': 1.1, 'm6-1': 100.96, 'm7-1': 11.01, 'm8-1': 103.33}",1.6500000000000001,141.90000000000006,143.00000000000006,inf,288.723,288.723
498,T3,BESTEFFORT,MISSED,m1-1,139.161,"{'m1-1': 99.09, 'm2-1': 95.34, 'm3-1': 9.98, 'm4-1': 1.02, 'm5-1': 1.06, 'm6-1': 103.9, 'm7-1': 10.62, 'm8-1': 115.74}",22.732500000000044,274.006,inf,289.161,289.161,289.161
499,T3,BESTEFFORT,COMPLETED,m5-1,139.334,"{'m1-1': 102.7, 'm2-1': 94.49, 'm3-1': 10.59, 'm4-1': 1.11, 'm5-1': 1.08, 'm6-1': 100.58, 'm7-1': 10.88, 'm8-1': 106.86}",1.62,187.7600000000002,188.8400000000002,inf,289.334,289.334
