id,type,urgency,status,assigned_machine,arrival_time,execution_time,energy_usage,start_time,completion_time,missed_time,deadline,extended_deadline
0,T1,BESTEFFORT,COMPLETED,m6-1,0.044,"{'m1-1': 111.49, 'm2-1': 1.06, 'm3-1': 1.09, 'm4-1': 10.69, 'm5-1': 27.2, 'm6-1': 1.02, 'm7-1': 100.79, 'm8-1': 118.18}",1.53,0.044,1.064,inf,110.044,110.044
1,T5,BESTEFFORT,COMPLETED,m3-1,0.2,"{'m1-1': 103.93, 'm2-1': 0.98, 'm3-1': 1.06, 'm4-1': 10.11, 'm5-1': 27.68, 'm6-1': 0.97, 'm7-1': 117.64, 'm8-1': 104.9}",1.59,0.2,1.26,inf,110.2,110.2
2,T10,BESTEFFORT,COMPLETED,m3-1,0.368,"{'m1-1': 112.33, 'm2-1': 1.05, 'm3-1': 1.02, 'm4-1': 11.01, 'm5-1': 28.66, 'm6-1': 1.02, 'm7-1': 108.26, 'm8-1': 102.2}",1.53,1.26,2.2800000000000002,inf,110.368,110.368
3,T9,BESTEFFORT,COMPLETED,m6-1,0.739,"{'m1-1': 105.56, 'm2-1': 0.95, 'm3-1': 1.1, 'm4-1': 9.21, 'm5-1': 26.47, 'm6-1': 1.04, 'm7-1': 109.02, 'm8-1': 111.22}",1.56,1.064,2.104,inf,110.739,110.739
4,T9,BESTEFFORT,COMPLETED,m3-1,1.024,"{'m1-1': 114.44, 'm2-1': 0.95, 'm3-1': 1.05, 'm4-1': 10.57, 'm5-1': 25.14, 'm6-1': 1.04, 'm7-1': 103.35, 'm8-1': 97.2}",1.5750000000000002,2.2800000000000002,3.33,inf,111.024,111.024
5,T2,BESTEFFORT,COMPLETED,m2-1,1.221,"{'m1-1': 105.99, 'm2-1': 1.06, 'm3-1': 1.06, 'm4-1': 9.56, 'm5-1': 23.28, 'm6-1': 1.03, 'm7-1': 117.62, 'm8-1': 100.56}",1.59,1.221,2.281,inf,111.221,111.221
6,T8,BESTEFFORT,COMPLETED,m6-1,1.366,"{'m1-1': 99.29, 'm2-1': 0.98, 'm3-1': 1.12, 'm4-1': 11.5, 'm5-1': 24.46, 'm6-1': 0.95, 'm7-1': 97.39, 'm8-1': 105.57}",1.4249999999999998,2.104,3.0540000000000003,inf,111.366,111.366
7,T10,BESTEFFORT,COMPLETED,m3-1,1.437,"{'m1-1': 108.52, 'm2-1': 1.13, 'm3-1': 1.03, 'm4-1': 10.53, 'm5-1': 27.42, 'm6-1': 1.0, 'm7-1': 97.31, 'm8-1': 94.12}",1.545,3.33,4.36,inf,111.437,111.437
8,T1,BESTEFFORT,COMPLETED,m6-1,1.456,"{'m1-1': 105.22, 'm2-1': 1.17, 'm3-1': 1.01, 'm4-1': 10.0, 'm5-1': 25.84, 'm6-1': 1.09, 'm7-1': 98.38, 'm8-1': 102.33}",1.6350000000000002,3.0540000000000003,4.144,inf,111.456,111.456
9,T8,BESTEFFORT,COMPLETED,m2-1,1.591,"{'m1-1': 99.2, 'm2-1': 1.12, 'm3-1': 1.04, 'm4-1': 10.51, 'm5-1': 24.2, 'm6-1': 1.03, 'm7-1': 108.28, 'm8-1': 108.97}",1.6800000000000002,2.281,3.4010000000000002,inf,111.591,111.591
10,T5,BESTEFFORT,COMPLETED,m2-1,1.791,"{'m1-1': 99.01, 'm2-1': 1.04, 'm3-1': 1.03, 'm4-1': 9.85, 'm5-1': 24.47, 'm6-1': 1.1, 'm7-1': 106.92, 'm8-1': 96.68}",1.56,3.4010000000000002,4.441000000000001,inf,111.791,111.791
11,T5,BESTEFFORT,COMPLETED,m6-1,1.857,"{'m1-1': 111.81, 'm2-1': 1.01, 'm3-1': 1.03, 'm4-1': 10.64, 'm5-1': 24.58, 'm6-1': 1.08, 'm7-1': 110.52, 'm8-1': 96.26}",1.62,4.144,5.224,inf,111.857,111.857
12,T5,BESTEFFORT,COMPLETED,m6-1,1.95,"{'m1-1': 114.4, 'm2-1': 1.06, 'm3-1': 1.02, 'm4-1': 10.15, 'm5-1': 26.36, 'm6-1': 1.01, 'm7-1': 113.51, 'm8-1': 96.57}",1.5150000000000001,5.224,6.234,inf,111.95,111.95
13,T7,BESTEFFORT,COMPLETED,m3-1,2.051,"{'m1-1': 111.59, 'm2-1': 1.14, 'm3-1': 0.98, 'm4-1': 10.72, 'm5-1': 26.79, 'm6-1': 1.11, 'm7-1': 110.39, 'm8-1': 104.98}",1.47,4.36,5.34,inf,112.051,112.051
14,T10,BESTEFFORT,COMPLETED,m6-1,2.282,"{'m1-1': 100.95, 'm2-1': 1.09, 'm3-1': 1.0, 'm4-1': 10.98, 'm5-1': 27.61, 'm6-1': 1.12, 'm7-1': 94.82, 'm8-1': 95.31}",1.6800000000000002,6.234,7.354,inf,112.282,112.282
15,T2,BESTEFFORT,COMPLETED,m6-1,2.427,"{'m1-1': 99.22, 'm2-1': 1.08, 'm3-1': 1.1, 'm4-1': 9.76, 'm5-1': 24.56, 'm6-1': 1.16, 'm7-1': 116.59, 'm8-1': 109.44}",1.7399999999999998,7.354,8.514,inf,112.427,112.427
16,T1,BESTEFFORT,COMPLETED,m6-1,2.586,"{'m1-1': 100.44, 'm2-1': 1.13, 'm3-1': 1.07, 'm4-1': 10.65, 'm5-1': 26.65, 'm6-1': 1.06, 'm7-1': 93.75, 'm8-1': 110.34}",1.59,8.514,9.574,inf,112.586,112.586
17,T3,BESTEFFORT,COMPLETED,m6-1,2.625,"{'m1-1': 108.69, 'm2-1': 1.04, 'm3-1': 1.03, 'm4-1': 9.96, 'm5-1': 24.34, 'm6-1': 1.08, 'm7-1': 102.6, 'm8-1': 98.95}",1.62,9.574,10.654,inf,112.625,112.625
18,T6,BESTEFFORT,COMPLETED,m3-1,2.731,"{'m1-1': 98.18, 'm2-1': 0.99, 'm3-1': 1.0, 'm4-1': 9.95, 'm5-1': 28.31, 'm6-1': 1.03, 'm7-1': 105.64, 'm8-1': 97.77}",1.5,5.34,6.34,inf,112.731,112.731
19,T2,BESTEFFORT,COMPLETED,m3-1,2.732,"{'m1-1': 107.12, 'm2-1': 1.0, 'm3-1': 1.05, 'm4-1': 9.78, 'm5-1': 24.1, 'm6-1': 1.01, 'm7-1': 115.41, 'm8-1': 101.55}",1.5750000000000002,6.34,7.39,inf,112.732,112.732
20,T3,BESTEFFORT,COMPLETED,m6-1,3.121,"{'m1-1': 106.35, 'm2-1': 1.07, 'm3-1': 1.03, 'm4-1': 10.77, 'm5-1': 27.33, 'm6-1': 1.06, 'm7-1': 95.46, 'm8-1': 112.1}",1.59,10.654,11.714,inf,113.121,113.121
21,T10,BESTEFFORT,COMPLETED,m3-1,3.35,"{'m1-1': 112.13, 'm2-1': 1.17, 'm3-1': 1.05, 'm4-1': 10.19, 'm5-1': 27.68, 'm6-1': 1.04, 'm7-1': 99.39, 'm8-1': 106.96}",1.5750000000000002,7.39,8.44,inf,113.35,113.35
22,T7,BESTEFFORT,COMPLETED,m3-1,3.458,"{'m1-1': 109.66, 'm2-1': 1.09, 'm3-1': 1.02, 'm4-1': 9.72, 'm5-1': 23.64, 'm6-1': 1.01, 'm7-1': 108.07, 'm8-1': 110.22}",1.53,8.44,9.459999999999999,inf,113.458,113.458
23,T9,BESTEFFORT,COMPLETED,m3-1,3.463,"{'m1-1': 105.54, 'm2-1': 1.04, 'm3-1': 0.95, 'm4-1': 10.48, 'm5-1': 26.59, 'm6-1': 1.07, 'm7-1': 110.88, 'm8-1': 109.19}",1.4249999999999998,9.459999999999999,10.409999999999998,inf,113.463,113.463
24,T7,BESTEFFORT,COMPLETED,m6-1,3.546,"{'m1-1': 116.08, 'm2-1': 1.13, 'm3-1': 0.96, 'm4-1': 9.67, 'm5-1': 27.49, 'm6-1': 1.14, 'm7-1': 97.22, 'm8-1': 104.7}",1.71,11.714,12.854000000000001,inf,113.546,113.546
25,T7,BESTEFFORT,COMPLETED,m2-1,3.597,"{'m1-1': 113.65, 'm2-1': 1.07, 'm3-1': 1.05, 'm4-1': 11.04, 'm5-1': 24.69, 'm6-1': 1.17, 'm7-1': 111.01, 'm8-1': 97.9}",1.605,4.441000000000001,5.511000000000001,inf,113.597,113.597
26,T8,BESTEFFORT,COMPLETED,m6-1,3.648,"{'m1-1': 112.52, 'm2-1': 1.07, 'm3-1': 1.14, 'm4-1': 10.75, 'm5-1': 25.27, 'm6-1': 1.06, 'm7-1': 108.71, 'm8-1': 97.35}",1.59,12.854000000000001,13.914000000000001,inf,113.648,113.648
27,T3,BESTEFFORT,COMPLETED,m6-1,3.657,"{'m1-1': 109.28, 'm2-1': 1.05, 'm3-1': 1.15, 'm4-1': 9.55, 'm5-1': 24.94, 'm6-1': 1.01, 'm7-1': 101.32, 'm8-1': 103.33}",1.5150000000000001,13.914000000000001,14.924000000000001,inf,113.657,113.657
28,T3,BESTEFFORT,COMPLETED,m6-1,3.751,"{'m1-1': 118.11, 'm2-1': 1.14, 'm3-1': 1.09, 'm4-1': 10.82, 'm5-1': 26.46, 'm6-1': 1.13, 'm7-1': 109.63, 'm8-1': 111.1}",1.6949999999999998,14.924000000000001,16.054000000000002,inf,113.751,113.751
29,T6,BESTEFFORT,COMPLETED,m6-1,3.876,"{'m1-1': 97.37, 'm2-1': 0.99, 'm3-1': 1.01, 'm4-1': 11.02, 'm5-1': 28.01, 'm6-1': 1.09, 'm7-1': 111.04, 'm8-1': 98.55}",1.6350000000000002,16.054000000000002,17.144000000000002,inf,113.876,113.876
30,T10,BESTEFFORT,COMPLETED,m3-1,3.956,"{'m1-1': 99.74, 'm2-1': 1.08, 'm3-1': 1.0, 'm4-1': 10.09, 'm5-1': 27.33, 'm6-1': 1.04, 'm7-1': 99.89, 'm8-1': 109.27}",1.5,10.409999999999998,11.409999999999998,inf,113.956,113.956
31,T2,BESTEFFORT,COMPLETED,m2-1,3.972,"{'m1-1': 109.36, 'm2-1': 0.97, 'm3-1': 1.06, 'm4-1': 10.0, 'm5-1': 24.15, 'm6-1': 1.0, 'm7-1': 109.76, 'm8-1': 114.48}",1.455,5.511000000000001,6.481000000000001,inf,113.972,113.972
32,T6,BESTEFFORT,COMPLETED,m6-1,4.08,"{'m1-1': 105.92, 'm2-1': 1.09, 'm3-1': 1.05, 'm4-1': 11.32, 'm5-1': 28.34, 'm6-1': 0.95, 'm7-1': 110.38, 'm8-1': 107.66}",1.4249999999999998,17.144000000000002,18.094,inf,114.08,114.08
33,T3,BESTEFFORT,COMPLETED,m3-1,4.086,"{'m1-1': 111.47, 'm2-1': 1.13, 'm3-1': 1.13, 'm4-1': 11.09, 'm5-1': 25.11, 'm6-1': 1.11, 'm7-1': 107.24, 'm8-1': 108.05}",1.6949999999999998,11.409999999999998,12.54,inf,114.086,114.086
34,T7,BESTEFFORT,COMPLETED,m3-1,4.195,"{'m1-1': 114.4, 'm2-1': 1.01, 'm3-1': 1.01, 'm4-1': 9.97, 'm5-1': 26.12, 'm6-1': 1.1, 'm7-1': 98.18, 'm8-1': 108.7}",1.5150000000000001,12.54,13.549999999999999,inf,114.195,114.195
35,T8,BESTEFFORT,COMPLETED,m2-1,4.299,"{'m1-1': 100.83, 'm2-1': 1.1, 'm3-1': 1.14, 'm4-1': 10.88, 'm5-1': 26.02, 'm6-1': 0.98, 'm7-1': 98.56, 'm8-1': 108.25}",1.6500000000000001,6.481000000000001,7.581000000000001,inf,114.299,114.299
36,T2,BESTEFFORT,COMPLETED,m3-1,4.376,"{'m1-1': 113.0, 'm2-1': 1.02, 'm3-1': 1.01, 'm4-1': 9.34, 'm5-1': 26.54, 'm6-1': 1.08, 'm7-1': 104.98, 'm8-1': 108.26}",1.5150000000000001,13.549999999999999,14.559999999999999,inf,114.376,114.376
37,T10,BESTEFFORT,COMPLETED,m6-1,4.378,"{'m1-1': 96.98, 'm2-1': 1.13, 'm3-1': 1.05, 'm4-1': 11.19, 'm5-1': 25.9, 'm6-1': 0.98, 'm7-1': 103.0, 'm8-1': 106.33}",1.47,18.094,19.074,inf,114.378,114.378
38,T5,BESTEFFORT,COMPLETED,m6-1,4.549,"{'m1-1': 104.58, 'm2-1': 1.02, 'm3-1': 1.05, 'm4-1': 10.36, 'm5-1': 23.97, 'm6-1': 0.99, 'm7-1': 107.17, 'm8-1': 106.44}",1.4849999999999999,19.074,20.064,inf,114.549,114.549
39,T1,BESTEFFORT,COMPLETED,m6-1,4.583,"{'m1-1': 109.8, 'm2-1': 1.04, 'm3-1': 1.08, 'm4-1': 10.34, 'm5-1': 25.27, 'm6-1': 1.05, 'm7-1': 96.69, 'm8-1': 104.57}",1.5750000000000002,20.064,21.114,inf,114.583,114.583
40,T1,BESTEFFORT,COMPLETED,m3-1,4.634,"{'m1-1': 115.6, 'm2-1': 1.01, 'm3-1': 1.14, 'm4-1': 10.99, 'm5-1': 24.57, 'm6-1': 1.04, 'm7-1': 98.08, 'm8-1': 111.15}",1.71,14.559999999999999,15.7,inf,114.634,114.634
41,T10,BESTEFFORT,COMPLETED,m3-1,4.898,"{'m1-1': 110.85, 'm2-1': 1.0, 'm3-1': 1.04, 'm4-1': 11.17, 'm5-1': 28.59, 'm6-1': 1.1, 'm7-1': 107.6, 'm8-1': 107.19}",1.56,15.7,16.74,inf,114.898,114.898
42,T10,BESTEFFORT,COMPLETED,m3-1,4.9,"{'m1-1': 101.55, 'm2-1': 1.1, 'm3-1': 1.06, 'm4-1': 10.56, 'm5-1': 28.48, 'm6-1': 1.03, 'm7-1': 106.29, 'm8-1': 95.14}",1.59,16.74,17.799999999999997,inf,114.9,114.9
43,T7,BESTEFFORT,COMPLETED,m3-1,4.998,"{'m1-1': 103.38, 'm2-1': 1.07, 'm3-1': 1.0, 'm4-1': 10.54, 'm5-1': 24.19, 'm6-1': 1.18, 'm7-1': 107.05, 'm8-1': 104.19}",1.5,17.799999999999997,18.799999999999997,inf,114.998,114.998
44,T4,BESTEFFORT,COMPLETED,m3-1,5.124,"{'m1-1': 114.96, 'm2-1': 1.14, 'm3-1': 0.96, 'm4-1': 10.82, 'm5-1': 27.74, 'm6-1': 1.01, 'm7-1': 110.99, 'm8-1': 96.4}",1.44,18.799999999999997,19.759999999999998,inf,115.124,115.124
45,T2,BESTEFFORT,COMPLETED,m3-1,5.143,"{'m1-1': 101.49, 'm2-1': 1.1, 'm3-1': 0.98, 'm4-1': 9.52, 'm5-1': 26.38, 'm6-1': 1.08, 'm7-1': 102.66, 'm8-1': 107.27}",1.47,19.759999999999998,20.74,inf,115.143,115.143
46,T5,BESTEFFORT,COMPLETED,m6-1,5.237,"{'m1-1': 105.65, 'm2-1': 1.02, 'm3-1': 1.12, 'm4-1': 10.29, 'm5-1': 27.38, 'm6-1': 1.1, 'm7-1': 110.72, 'm8-1': 99.66}",1.6500000000000001,21.114,22.214000000000002,inf,115.237,115.237
47,T1,BESTEFFORT,COMPLETED,m6-1,5.349,"{'m1-1': 106.65, 'm2-1': 1.14, 'm3-1': 1.08, 'm4-1': 10.85, 'm5-1': 25.53, 'm6-1': 1.02, 'm7-1': 95.62, 'm8-1': 107.02}",1.53,22.214000000000002,23.234,inf,115.349,115.349
48,T3,BESTEFFORT,COMPLETED,m6-1,5.65,"{'m1-1': 103.53, 'm2-1': 1.04, 'm3-1': 1.14, 'm4-1': 9.84, 'm5-1': 28.54, 'm6-1': 0.98, 'm7-1': 111.41, 'm8-1': 106.7}",1.47,23.234,24.214000000000002,inf,115.65,115.65
49,T3,BESTEFFORT,COMPLETED,m2-1,5.751,"{'m1-1': 107.83, 'm2-1': 1.12, 'm3-1': 1.17, 'm4-1': 9.72, 'm5-1': 26.18, 'm6-1': 1.12, 'm7-1': 101.7, 'm8-1': 107.01}",1.6800000000000002,7.581000000000001,8.701,inf,115.751,115.751
50,T10,BESTEFFORT,COMPLETED,m2-1,5.845,"{'m1-1': 106.43, 'm2-1': 1.04, 'm3-1': 0.97, 'm4-1': 11.45, 'm5-1': 25.91, 'm6-1': 1.09, 'm7-1': 96.98, 'm8-1': 100.98}",1.56,8.701,9.741,inf,115.845,115.845
51,T4,BESTEFFORT,COMPLETED,m3-1,6.116,"{'m1-1': 102.08, 'm2-1': 1.11, 'm3-1': 1.01, 'm4-1': 11.6, 'm5-1': 26.08, 'm6-1': 1.07, 'm7-1': 102.75, 'm8-1': 107.05}",1.5150000000000001,20.74,21.75,inf,116.116,116.116
52,T5,BESTEFFORT,COMPLETED,m2-1,6.139,"{'m1-1': 107.98, 'm2-1': 1.02, 'm3-1': 1.01, 'm4-1': 9.59, 'm5-1': 23.94, 'm6-1': 1.08, 'm7-1': 113.44, 'm8-1': 108.16}",1.53,9.741,10.761,inf,116.139,116.139
53,T9,BESTEFFORT,COMPLETED,m6-1,6.172,"{'m1-1': 106.88, 'm2-1': 1.08, 'm3-1': 1.09, 'm4-1': 10.85, 'm5-1': 23.97, 'm6-1': 1.08, 'm7-1': 105.04, 'm8-1': 98.01}",1.62,24.214000000000002,25.294000000000004,inf,116.172,116.172
54,T7,BESTEFFORT,COMPLETED,m3-1,6.258,"{'m1-1': 105.94, 'm2-1': 1.13, 'm3-1': 1.09, 'm4-1': 9.84, 'm5-1': 26.81, 'm6-1': 1.04, 'm7-1': 105.3, 'm8-1': 111.55}",1.6350000000000002,21.75,22.84,inf,116.258,116.258
55,T3,BESTEFFORT,COMPLETED,m6-1,6.258,"{'m1-1': 106.37, 'm2-1': 1.17, 'm3-1': 1.08, 'm4-1': 11.11, 'm5-1': 26.83, 'm6-1': 1.07, 'm7-1': 106.51, 'm8-1': 103.36}",1.605,25.294000000000004,26.364000000000004,inf,116.258,116.258
56,T1,BESTEFFORT,COMPLETED,m6-1,6.302,"{'m1-1': 105.51, 'm2-1': 1.13, 'm3-1': 1.14, 'm4-1': 10.64, 'm5-1': 25.56, 'm6-1': 1.0, 'm7-1': 105.19, 'm8-1': 101.18}",1.5,26.364000000000004,27.364000000000004,inf,116.30199999999999,116.30199999999999
57,T8,BESTEFFORT,COMPLETED,m6-1,6.391,"{'m1-1': 107.45, 'm2-1': 1.01, 'm3-1': 1.14, 'm4-1': 10.02, 'm5-1': 24.69, 'm6-1': 1.06, 'm7-1': 104.84, 'm8-1': 105.33}",1.59,27.364000000000004,28.424000000000003,inf,116.391,116.391
58,T9,BESTEFFORT,COMPLETED,m2-1,6.493,"{'m1-1': 112.82, 'm2-1': 1.04, 'm3-1': 0.98, 'm4-1': 9.78, 'm5-1': 25.29, 'm6-1': 0.97, 'm7-1': 107.15, 'm8-1': 102.72}",1.56,10.761,11.800999999999998,inf,116.493,116.493
59,T6,BESTEFFORT,COMPLETED,m6-1,6.631,"{'m1-1': 107.56, 'm2-1': 0.99, 'm3-1': 1.13, 'm4-1': 11.01, 'm5-1': 26.92, 'm6-1': 1.06, 'm7-1': 109.63, 'm8-1': 103.05}",1.59,28.424000000000003,29.484,inf,116.631,116.631
60,T10,BESTEFFORT,COMPLETED,m3-1,6.695,"{'m1-1': 97.44, 'm2-1': 1.16, 'm3-1': 1.04, 'm4-1': 10.1, 'm5-1': 28.34, 'm6-1': 1.05, 'm7-1': 105.16, 'm8-1': 102.75}",1.56,22.84,23.88,inf,116.695,116.695
61,T1,BESTEFFORT,COMPLETED,m3-1,6.744,"{'m1-1': 111.94, 'm2-1': 1.0, 'm3-1': 1.09, 'm4-1': 10.02, 'm5-1': 26.89, 'm6-1': 1.08, 'm7-1': 103.18, 'm8-1': 99.62}",1.6350000000000002,23.88,24.97,inf,116.744,116.744
62,T1,BESTEFFORT,COMPLETED,m6-1,6.766,"{'m1-1': 99.38, 'm2-1': 1.07, 'm3-1': 1.01, 'm4-1': 10.43, 'm5-1': 26.37, 'm6-1': 1.07, 'm7-1': 98.3, 'm8-1': 101.27}",1.605,29.484,30.554000000000002,inf,116.766,116.766
63,T1,BESTEFFORT,COMPLETED,m6-1,6.868,"{'m1-1': 103.37, 'm2-1': 1.14, 'm3-1': 1.17, 'm4-1': 10.81, 'm5-1': 26.6, 'm6-1': 1.01, 'm7-1': 107.95, 'm8-1': 101.45}",1.5150000000000001,30.554000000000002,31.564000000000004,inf,116.868,116.868
64,T10,BESTEFFORT,COMPLETED,m3-1,6.954,"{'m1-1': 104.16, 'm2-1': 1.05, 'm3-1': 1.01, 'm4-1': 11.55, 'm5-1': 26.81, 'm6-1': 1.02, 'm7-1': 99.34, 'm8-1': 107.89}",1.5150000000000001,24.97,25.98,inf,116.954,116.954
65,T4,BESTEFFORT,COMPLETED,m3-1,7.023,"{'m1-1': 109.58, 'm2-1': 1.09, 'm3-1': 1.01, 'm4-1': 10.43, 'm5-1': 26.07, 'm6-1': 1.08, 'm7-1': 104.01, 'm8-1': 106.68}",1.5150000000000001,25.98,26.990000000000002,inf,117.023,117.023
66,T7,BESTEFFORT,COMPLETED,m2-1,7.148,"{'m1-1': 115.63, 'm2-1': 1.11, 'm3-1': 1.07, 'm4-1': 10.72, 'm5-1': 26.92, 'm6-1': 1.13, 'm7-1': 100.55, 'm8-1': 104.21}",1.665,11.800999999999998,12.910999999999998,inf,117.148,117.148
67,T5,BESTEFFORT,COMPLETED,m2-1,7.15,"{'m1-1': 100.42, 'm2-1': 1.07, 'm3-1': 1.01, 'm4-1': 10.24, 'm5-1': 24.38, 'm6-1': 1.08, 'm7-1': 103.93, 'm8-1': 101.99}",1.605,12.910999999999998,13.980999999999998,inf,117.15,117.15
68,T1,BESTEFFORT,COMPLETED,m6-1,7.259,"{'m1-1': 111.93, 'm2-1': 0.99, 'm3-1': 1.18, 'm4-1': 10.04, 'm5-1': 24.71, 'm6-1': 1.02, 'm7-1': 99.94, 'm8-1': 100.21}",1.53,31.564000000000004,32.584,inf,117.259,117.259
69,T5,BESTEFFORT,COMPLETED,m6-1,7.339,"{'m1-1': 112.04, 'm2-1': 1.06, 'm3-1': 1.05, 'm4-1': 10.09, 'm5-1': 23.67, 'm6-1': 1.1, 'm7-1': 101.97, 'm8-1': 109.45}",1.6500000000000001,32.584,33.684000000000005,inf,117.339,117.339
70,T4,BESTEFFORT,COMPLETED,m3-1,7.341,"{'m1-1': 105.36, 'm2-1': 1.0, 'm3-1': 1.11, 'm4-1': 10.38, 'm5-1': 26.72, 'm6-1': 1.17, 'm7-1': 102.79, 'm8-1': 98.26}",1.665,26.990000000000002,28.1,inf,117.341,117.341
71,T3,BESTEFFORT,COMPLETED,m6-1,7.376,"{'m1-1': 108.37, 'm2-1': 1.14, 'm3-1': 1.01, 'm4-1': 9.85, 'm5-1': 28.53, 'm6-1': 1.03, 'm7-1': 105.78, 'm8-1': 111.57}",1.545,33.684000000000005,34.714000000000006,inf,117.376,117.376
72,T4,BESTEFFORT,COMPLETED,m6-1,7.386,"{'m1-1': 99.07, 'm2-1': 1.04, 'm3-1': 1.02, 'm4-1': 11.58, 'm5-1': 26.95, 'm6-1': 1.03, 'm7-1': 109.39, 'm8-1': 99.75}",1.545,34.714000000000006,35.74400000000001,inf,117.386,117.386
73,T7,BESTEFFORT,COMPLETED,m2-1,7.588,"{'m1-1': 107.3, 'm2-1': 1.13, 'm3-1': 0.97, 'm4-1': 10.84, 'm5-1': 23.78, 'm6-1': 1.1, 'm7-1': 109.93, 'm8-1': 106.76}",1.6949999999999998,13.980999999999998,15.110999999999997,inf,117.588,117.588
74,T2,BESTEFFORT,COMPLETED,m3-1,7.687,"{'m1-1': 106.18, 'm2-1': 1.12, 'm3-1': 1.0, 'm4-1': 9.63, 'm5-1': 24.5, 'm6-1': 1.16, 'm7-1': 116.62, 'm8-1': 103.93}",1.5,28.1,29.1,inf,117.687,117.687
75,T1,BESTEFFORT,COMPLETED,m6-1,7.717,"{'m1-1': 102.02, 'm2-1': 1.16, 'm3-1': 1.1, 'm4-1': 10.62, 'm5-1': 27.87, 'm6-1': 0.99, 'm7-1': 103.26, 'm8-1': 112.82}",1.4849999999999999,35.74400000000001,36.73400000000001,inf,117.717,117.717
76,T10,BESTEFFORT,COMPLETED,m3-1,7.806,"{'m1-1': 112.6, 'm2-1': 1.16, 'm3-1': 0.94, 'm4-1': 10.45, 'm5-1': 25.61, 'm6-1': 1.01, 'm7-1': 94.86, 'm8-1': 93.41}",1.41,29.1,30.040000000000003,inf,117.806,117.806
77,T5,BESTEFFORT,COMPLETED,m2-1,7.943,"{'m1-1': 109.21, 'm2-1': 1.11, 'm3-1': 0.98, 'm4-1': 10.18, 'm5-1': 27.07, 'm6-1': 0.95, 'm7-1': 118.22, 'm8-1': 102.53}",1.665,15.110999999999997,16.220999999999997,inf,117.943,117.943
78,T8,BESTEFFORT,COMPLETED,m6-1,8.033,"{'m1-1': 103.92, 'm2-1': 1.0, 'm3-1': 1.12, 'm4-1': 11.37, 'm5-1': 28.13, 'm6-1': 1.04, 'm7-1': 104.81, 'm8-1': 105.67}",1.56,36.73400000000001,37.77400000000001,inf,118.033,118.033
79,T10,BESTEFFORT,COMPLETED,m3-1,8.045,"{'m1-1': 109.95, 'm2-1': 1.01, 'm3-1': 1.1, 'm4-1': 11.37, 'm5-1': 28.16, 'm6-1': 1.02, 'm7-1': 94.5, 'm8-1': 92.91}",1.6500000000000001,30.040000000000003,31.140000000000004,inf,118.045,118.045
80,T9,BESTEFFORT,COMPLETED,m2-1,8.132,"{'m1-1': 102.92, 'm2-1': 1.09, 'm3-1': 0.98, 'm4-1': 9.68, 'm5-1': 24.23, 'm6-1': 1.01, 'm7-1': 110.04, 'm8-1': 107.92}",1.6350000000000002,16.220999999999997,17.310999999999996,inf,118.132,118.132
81,T4,BESTEFFORT,COMPLETED,m6-1,8.136,"{'m1-1': 112.98, 'm2-1': 1.16, 'm3-1': 1.14, 'm4-1': 11.16, 'm5-1': 26.78, 'm6-1': 1.06, 'm7-1': 101.65, 'm8-1': 96.48}",1.59,37.77400000000001,38.83400000000001,inf,118.136,118.136
82,T1,BESTEFFORT,COMPLETED,m2-1,8.195,"{'m1-1': 108.68, 'm2-1': 1.14, 'm3-1': 1.11, 'm4-1': 10.25, 'm5-1': 25.94, 'm6-1': 0.96, 'm7-1': 105.83, 'm8-1': 105.16}",1.71,17.310999999999996,18.450999999999997,inf,118.195,118.195
83,T3,BESTEFFORT,COMPLETED,m3-1,8.29,"{'m1-1': 117.05, 'm2-1': 1.09, 'm3-1': 1.11, 'm4-1': 10.42, 'm5-1': 27.86, 'm6-1': 0.99, 'm7-1': 110.93, 'm8-1': 110.94}",1.665,31.140000000000004,32.25000000000001,inf,118.28999999999999,118.28999999999999
84,T7,BESTEFFORT,COMPLETED,m2-1,8.566,"{'m1-1': 109.68, 'm2-1': 1.14, 'm3-1': 1.01, 'm4-1': 10.81, 'm5-1': 23.37, 'm6-1': 1.03, 'm7-1': 114.32, 'm8-1': 111.62}",1.71,18.450999999999997,19.590999999999998,inf,118.566,118.566
85,T7,BESTEFFORT,COMPLETED,m2-1,8.634,"{'m1-1': 118.71, 'm2-1': 1.14, 'm3-1': 1.06, 'm4-1': 10.05, 'm5-1': 27.17, 'm6-1': 1.03, 'm7-1': 106.67, 'm8-1': 108.04}",1.71,19.590999999999998,20.730999999999998,inf,118.634,118.634
86,T5,BESTEFFORT,COMPLETED,m3-1,8.828,"{'m1-1': 99.04, 'm2-1': 1.01, 'm3-1': 0.99, 'm4-1': 10.58, 'm5-1': 27.39, 'm6-1': 1.1, 'm7-1': 116.51, 'm8-1': 111.35}",1.4849999999999999,32.25000000000001,33.24000000000001,inf,118.828,118.828
87,T3,BESTEFFORT,COMPLETED,m6-1,8.874,"{'m1-1': 109.79, 'm2-1': 1.14, 'm3-1': 1.17, 'm4-1': 10.0, 'm5-1': 25.31, 'm6-1': 0.96, 'm7-1': 109.63, 'm8-1': 114.6}",1.44,38.83400000000001,39.79400000000001,inf,118.874,118.874
88,T5,BESTEFFORT,COMPLETED,m2-1,8.958,"{'m1-1': 111.73, 'm2-1': 0.97, 'm3-1': 0.98, 'm4-1': 10.21, 'm5-1': 24.41, 'm6-1': 0.98, 'm7-1': 105.21, 'm8-1': 110.78}",1.455,20.730999999999998,21.700999999999997,inf,118.958,118.958
89,T10,BESTEFFORT,COMPLETED,m6-1,8.975,"{'m1-1': 101.39, 'm2-1': 1.16, 'm3-1': 1.05, 'm4-1': 11.47, 'm5-1': 28.08, 'm6-1': 1.01, 'm7-1': 98.97, 'm8-1': 103.27}",1.5150000000000001,39.79400000000001,40.80400000000001,inf,118.975,118.975
90,T7,BESTEFFORT,COMPLETED,m3-1,9.01,"{'m1-1': 103.68, 'm2-1': 1.12, 'm3-1': 1.04, 'm4-1': 10.27, 'm5-1': 23.64, 'm6-1': 1.04, 'm7-1': 106.3, 'm8-1': 95.71}",1.56,33.24000000000001,34.28000000000001,inf,119.01,119.01
91,T8,BESTEFFORT,COMPLETED,m6-1,9.028,"{'m1-1': 105.42, 'm2-1': 1.05, 'm3-1': 1.04, 'm4-1': 11.38, 'm5-1': 24.49, 'm6-1': 0.97, 'm7-1': 101.4, 'm8-1': 110.46}",1.455,40.80400000000001,41.77400000000001,inf,119.028,119.028
92,T3,BESTEFFORT,COMPLETED,m2-1,9.169,"{'m1-1': 101.56, 'm2-1': 1.13, 'm3-1': 1.17, 'm4-1': 9.85, 'm5-1': 25.82, 'm6-1': 1.06, 'm7-1': 108.6, 'm8-1': 109.81}",1.6949999999999998,21.700999999999997,22.830999999999996,inf,119.169,119.169
93,T6,BESTEFFORT,COMPLETED,m2-1,9.203,"{'m1-1': 102.34, 'm2-1': 0.98, 'm3-1': 1.03, 'm4-1': 11.37, 'm5-1': 26.55, 'm6-1': 1.06, 'm7-1': 102.49, 'm8-1': 111.21}",1.47,22.830999999999996,23.810999999999996,inf,119.203,119.203
94,T7,BESTEFFORT,COMPLETED,m3-1,9.218,"{'m1-1': 110.92, 'm2-1': 1.05, 'm3-1': 0.99, 'm4-1': 9.72, 'm5-1': 26.75, 'm6-1': 1.17, 'm7-1': 104.85, 'm8-1': 96.17}",1.4849999999999999,34.28000000000001,35.27000000000001,inf,119.218,119.218
95,T5,BESTEFFORT,COMPLETED,m2-1,9.243,"{'m1-1': 100.85, 'm2-1': 1.11, 'm3-1': 1.15, 'm4-1': 10.53, 'm5-1': 27.61, 'm6-1': 1.0, 'm7-1': 108.11, 'm8-1': 108.42}",1.665,23.810999999999996,24.920999999999996,inf,119.243,119.243
96,T2,BESTEFFORT,COMPLETED,m2-1,9.316,"{'m1-1': 115.72, 'm2-1': 1.1, 'm3-1': 1.02, 'm4-1': 10.42, 'm5-1': 24.26, 'm6-1': 1.09, 'm7-1': 109.18, 'm8-1': 105.18}",1.6500000000000001,24.920999999999996,26.020999999999997,inf,119.316,119.316
97,T9,BESTEFFORT,COMPLETED,m2-1,9.397,"{'m1-1': 114.17, 'm2-1': 1.11, 'm3-1': 0.97, 'm4-1': 9.26, 'm5-1': 25.27, 'm6-1': 1.1, 'm7-1': 106.36, 'm8-1': 97.64}",1.665,26.020999999999997,27.130999999999997,inf,119.397,119.397
98,T10,BESTEFFORT,COMPLETED,m3-1,9.406,"{'m1-1': 112.18, 'm2-1': 1.13, 'm3-1': 1.07, 'm4-1': 11.55, 'm5-1': 27.67, 'm6-1': 1.1, 'm7-1': 99.26, 'm8-1': 96.15}",1.605,35.27000000000001,36.34000000000001,inf,119.406,119.406
99,T6,BESTEFFORT,COMPLETED,m3-1,9.666,"{'m1-1': 94.88, 'm2-1': 0.94, 'm3-1': 1.06, 'm4-1': 10.24, 'm5-1': 25.91, 'm6-1': 1.08, 'm7-1': 116.94, 'm8-1': 111.4}",1.59,36.34000000000001,37.40000000000001,inf,119.666,119.666
100,T10,BESTEFFORT,COMPLETED,m6-1,9.8,"{'m1-1': 108.93, 'm2-1': 1.1, 'm3-1': 1.04, 'm4-1': 11.43, 'm5-1': 28.65, 'm6-1': 1.07, 'm7-1': 103.22, 'm8-1': 108.5}",1.605,41.77400000000001,42.84400000000001,inf,119.8,119.8
101,T10,BESTEFFORT,COMPLETED,m3-1,9.838,"{'m1-1': 109.32, 'm2-1': 1.16, 'm3-1': 1.05, 'm4-1': 9.76, 'm5-1': 26.22, 'm6-1': 1.07, 'm7-1': 101.05, 'm8-1': 96.52}",1.5750000000000002,37.40000000000001,38.45000000000001,inf,119.838,119.838
102,T9,BESTEFFORT,COMPLETED,m2-1,10.008,"{'m1-1': 103.19, 'm2-1': 1.06, 'm3-1': 1.0, 'm4-1': 10.33, 'm5-1': 27.06, 'm6-1': 1.09, 'm7-1': 94.09, 'm8-1': 105.68}",1.59,27.130999999999997,28.190999999999995,inf,120.008,120.008
103,T4,BESTEFFORT,COMPLETED,m2-1,10.118,"{'m1-1': 103.95, 'm2-1': 1.14, 'm3-1': 1.02, 'm4-1': 11.08, 'm5-1': 28.67, 'm6-1': 1.04, 'm7-1': 106.9, 'm8-1': 103.34}",1.71,28.190999999999995,29.330999999999996,inf,120.118,120.118
104,T10,BESTEFFORT,COMPLETED,m6-1,10.166,"{'m1-1': 103.25, 'm2-1': 1.17, 'm3-1': 0.94, 'm4-1': 10.91, 'm5-1': 27.66, 'm6-1': 1.08, 'm7-1': 100.58, 'm8-1': 107.68}",1.62,42.84400000000001,43.92400000000001,inf,120.166,120.166
105,T6,BESTEFFORT,COMPLETED,m2-1,10.588,"{'m1-1': 102.09, 'm2-1': 1.12, 'm3-1': 1.02, 'm4-1': 10.45, 'm5-1': 24.44, 'm6-1': 0.98, 'm7-1': 109.85, 'm8-1': 109.17}",1.6800000000000002,29.330999999999996,30.450999999999997,inf,120.588,120.588
106,T5,BESTEFFORT,COMPLETED,m6-1,10.627,"{'m1-1': 98.4, 'm2-1': 1.03, 'm3-1': 1.11, 'm4-1': 9.77, 'm5-1': 24.59, 'm6-1': 0.94, 'm7-1': 110.07, 'm8-1': 106.04}",1.41,43.92400000000001,44.864000000000004,inf,120.627,120.627
107,T7,BESTEFFORT,COMPLETED,m3-1,10.665,"{'m1-1': 100.57, 'm2-1': 1.04, 'm3-1': 0.99, 'm4-1': 10.28, 'm5-1': 24.06, 'm6-1': 1.07, 'm7-1': 113.73, 'm8-1': 105.23}",1.4849999999999999,38.45000000000001,39.44000000000001,inf,120.66499999999999,120.66499999999999
108,T1,BESTEFFORT,COMPLETED,m2-1,11.109,"{'m1-1': 116.06, 'm2-1': 1.01, 'm3-1': 1.09, 'm4-1': 10.15, 'm5-1': 26.16, 'm6-1': 1.07, 'm7-1': 95.66, 'm8-1': 101.54}",1.5150000000000001,30.450999999999997,31.461,inf,121.109,121.109
109,T5,BESTEFFORT,COMPLETED,m2-1,11.144,"{'m1-1': 101.54, 'm2-1': 1.13, 'm3-1': 1.14, 'm4-1': 9.67, 'm5-1': 26.6, 'm6-1': 0.93, 'm7-1': 105.3, 'm8-1': 110.83}",1.6949999999999998,31.461,32.591,inf,121.144,121.144
110,T3,BESTEFFORT,COMPLETED,m6-1,11.239,"{'m1-1': 110.72, 'm2-1': 1.17, 'm3-1': 1.17, 'm4-1': 10.18, 'm5-1': 28.2, 'm6-1': 1.0, 'm7-1': 111.55, 'm8-1': 104.52}",1.5,44.864000000000004,45.864000000000004,inf,121.239,121.239
111,T6,BESTEFFORT,COMPLETED,m6-1,11.324,"{'m1-1': 105.01, 'm2-1': 1.0, 'm3-1': 1.06, 'm4-1': 10.02, 'm5-1': 25.24, 'm6-1': 1.09, 'm7-1': 103.03, 'm8-1': 104.39}",1.6350000000000002,45.864000000000004,46.95400000000001,inf,121.324,121.324
112,T7,BESTEFFORT,COMPLETED,m3-1,11.327,"{'m1-1': 113.47, 'm2-1': 1.1, 'm3-1': 1.1, 'm4-1': 10.18, 'm5-1': 23.37, 'm6-1': 1.11, 'm7-1': 107.23, 'm8-1': 105.97}",1.6500000000000001,39.44000000000001,40.54000000000001,inf,121.327,121.327
113,T8,BESTEFFORT,COMPLETED,m6-1,11.447,"{'m1-1': 112.81, 'm2-1': 1.08, 'm3-1': 0.99, 'm4-1': 11.42, 'm5-1': 27.8, 'm6-1': 1.06, 'm7-1': 111.23, 'm8-1': 97.32}",1.59,46.95400000000001,48.01400000000001,inf,121.447,121.447
114,T6,BESTEFFORT,COMPLETED,m2-1,11.454,"{'m1-1': 101.24, 'm2-1': 1.03, 'm3-1': 1.02, 'm4-1': 11.6, 'm5-1': 27.56, 'm6-1': 0.93, 'm7-1': 117.06, 'm8-1': 105.16}",1.545,32.591,33.621,inf,121.45400000000001,121.45400000000001
115,T6,BESTEFFORT,COMPLETED,m2-1,11.5,"{'m1-1': 109.95, 'm2-1': 1.0, 'm3-1': 1.0, 'm4-1': 11.26, 'm5-1': 26.44, 'm6-1': 0.98, 'm7-1': 101.18, 'm8-1': 105.35}",1.5,33.621,34.621,inf,121.5,121.5
116,T5,BESTEFFORT,COMPLETED,m6-1,11.529,"{'m1-1': 100.71, 'm2-1': 1.11, 'm3-1': 0.99, 'm4-1': 11.07, 'm5-1': 26.49, 'm6-1': 0.94, 'm7-1': 100.99, 'm8-1': 111.37}",1.41,48.01400000000001,48.95400000000001,inf,121.529,121.529
117,T9,BESTEFFORT,COMPLETED,m2-1,11.541,"{'m1-1': 103.43, 'm2-1': 1.08, 'm3-1': 0.99, 'm4-1': 10.1, 'm5-1': 25.36, 'm6-1': 1.06, 'm7-1': 107.61, 'm8-1': 111.69}",1.62,34.621,35.701,inf,121.541,121.541
118,T7,BESTEFFORT,COMPLETED,m3-1,11.701,"{'m1-1': 111.9, 'm2-1': 1.01, 'm3-1': 1.1, 'm4-1': 10.72, 'm5-1': 24.69, 'm6-1': 1.15, 'm7-1': 102.49, 'm8-1': 102.31}",1.6500000000000001,40.54000000000001,41.640000000000015,inf,121.701,121.701
119,T8,BESTEFFORT,COMPLETED,m6-1,11.831,"{'m1-1': 99.69, 'm2-1': 1.12, 'm3-1': 1.13, 'm4-1': 10.99, 'm5-1': 25.63, 'm6-1': 1.01, 'm7-1': 108.58, 'm8-1': 101.57}",1.5150000000000001,48.95400000000001,49.964000000000006,inf,121.831,121.831
120,T7,BESTEFFORT,COMPLETED,m3-1,11.959,"{'m1-1': 100.43, 'm2-1': 1.07, 'm3-1': 1.06, 'm4-1': 10.21, 'm5-1': 23.46, 'm6-1': 1.14, 'm7-1': 104.02, 'm8-1': 97.5}",1.59,41.640000000000015,42.70000000000002,inf,121.959,121.959
121,T6,BESTEFFORT,COMPLETED,m3-1,11.966,"{'m1-1': 102.09, 'm2-1': 1.06, 'm3-1': 1.1, 'm4-1': 10.04, 'm5-1': 27.9, 'm6-1': 1.0, 'm7-1': 109.54, 'm8-1': 105.11}",1.6500000000000001,42.70000000000002,43.80000000000002,inf,121.966,121.966
122,T4,BESTEFFORT,COMPLETED,m2-1,12.087,"{'m1-1': 101.14, 'm2-1': 1.09, 'm3-1': 1.03, 'm4-1': 11.78, 'm5-1': 28.26, 'm6-1': 1.13, 'm7-1': 112.52, 'm8-1': 95.54}",1.6350000000000002,35.701,36.791000000000004,inf,122.087,122.087
123,T4,BESTEFFORT,COMPLETED,m3-1,12.134,"{'m1-1': 113.48, 'm2-1': 1.13, 'm3-1': 1.04, 'm4-1': 10.99, 'm5-1': 25.24, 'm6-1': 1.02, 'm7-1': 104.87, 'm8-1': 107.49}",1.56,43.80000000000002,44.84000000000002,inf,122.134,122.134
124,T3,BESTEFFORT,COMPLETED,m6-1,12.197,"{'m1-1': 109.29, 'm2-1': 1.17, 'm3-1': 1.07, 'm4-1': 10.82, 'm5-1': 25.35, 'm6-1': 0.98, 'm7-1': 108.95, 'm8-1': 107.3}",1.47,49.964000000000006,50.944,inf,122.197,122.197
125,T5,BESTEFFORT,COMPLETED,m6-1,12.208,"{'m1-1': 103.69, 'm2-1': 1.1, 'm3-1': 1.02, 'm4-1': 9.96, 'm5-1': 25.59, 'm6-1': 0.94, 'm7-1': 116.86, 'm8-1': 106.44}",1.41,50.944,51.884,inf,122.208,122.208
126,T6,BESTEFFORT,COMPLETED,m6-1,12.253,"{'m1-1': 106.44, 'm2-1': 1.01, 'm3-1': 1.11, 'm4-1': 10.15, 'm5-1': 27.27, 'm6-1': 1.0, 'm7-1': 114.74, 'm8-1': 96.41}",1.5,51.884,52.884,inf,122.253,122.253
127,T4,BESTEFFORT,COMPLETED,m2-1,12.33,"{'m1-1': 104.1, 'm2-1': 1.14, 'm3-1': 1.06, 'm4-1': 10.45, 'm5-1': 26.46, 'm6-1': 1.15, 'm7-1': 112.34, 'm8-1': 106.39}",1.71,36.791000000000004,37.931000000000004,inf,122.33,122.33
128,T5,BESTEFFORT,COMPLETED,m3-1,12.355,"{'m1-1': 107.54, 'm2-1': 1.02, 'm3-1': 1.08, 'm4-1': 9.54, 'm5-1': 27.44, 'm6-1': 1.08, 'm7-1': 111.28, 'm8-1': 98.19}",1.62,44.84000000000002,45.920000000000016,inf,122.355,122.355
129,T4,BESTEFFORT,COMPLETED,m6-1,12.37,"{'m1-1': 115.35, 'm2-1': 1.14, 'm3-1': 0.96, 'm4-1': 10.98, 'm5-1': 25.69, 'm6-1': 1.12, 'm7-1': 107.38, 'm8-1': 103.91}",1.6800000000000002,52.884,54.004,inf,122.37,122.37
130,T8,BESTEFFORT,COMPLETED,m6-1,12.523,"{'m1-1': 104.03, 'm2-1': 0.99, 'm3-1': 1.14, 'm4-1': 11.32, 'm5-1': 25.08, 'm6-1': 0.93, 'm7-1': 104.84, 'm8-1': 103.43}",1.395,54.004,54.934,inf,122.523,122.523
131,T6,BESTEFFORT,COMPLETED,m6-1,12.58,"{'m1-1': 96.07, 'm2-1': 0.94, 'm3-1': 1.07, 'm4-1': 11.56, 'm5-1': 28.2, 'm6-1': 1.06, 'm7-1': 113.7, 'm8-1': 96.78}",1.59,54.934,55.994,inf,122.58,122.58
132,T2,BESTEFFORT,COMPLETED,m3-1,13.027,"{'m1-1': 103.46, 'm2-1': 1.05, 'm3-1': 0.97, 'm4-1': 10.85, 'm5-1': 27.16, 'm6-1': 1.03, 'm7-1': 107.68, 'm8-1': 102.24}",1.455,45.920000000000016,46.890000000000015,inf,123.027,123.027
133,T4,BESTEFFORT,COMPLETED,m3-1,13.083,"{'m1-1': 112.2, 'm2-1': 1.18, 'm3-1': 1.09, 'm4-1': 11.5, 'm5-1': 28.0, 'm6-1': 1.14, 'm7-1': 108.26, 'm8-1': 108.34}",1.6350000000000002,46.890000000000015,47.98000000000002,inf,123.083,123.083
134,T2,BESTEFFORT,COMPLETED,m2-1,13.153,"{'m1-1': 114.99, 'm2-1': 0.99, 'm3-1': 1.1, 'm4-1': 10.44, 'm5-1': 24.34, 'm6-1': 1.13, 'm7-1': 108.16, 'm8-1': 108.41}",1.4849999999999999,37.931000000000004,38.92100000000001,inf,123.153,123.153
135,T4,BESTEFFORT,COMPLETED,m6-1,13.208,"{'m1-1': 100.55, 'm2-1': 1.02, 'm3-1': 1.05, 'm4-1': 10.41, 'm5-1': 25.26, 'm6-1': 1.15, 'm7-1': 98.74, 'm8-1': 107.97}",1.7249999999999999,55.994,57.144,inf,123.208,123.208
136,T5,BESTEFFORT,COMPLETED,m3-1,13.339,"{'m1-1': 97.39, 'm2-1': 1.06, 'm3-1': 1.02, 'm4-1': 10.56, 'm5-1': 26.36, 'm6-1': 0.98, 'm7-1': 111.71, 'm8-1': 101.7}",1.53,47.98000000000002,49.00000000000002,inf,123.339,123.339
137,T4,BESTEFFORT,COMPLETED,m2-1,13.386,"{'m1-1': 112.09, 'm2-1': 1.12, 'm3-1': 1.04, 'm4-1': 10.38, 'm5-1': 27.1, 'm6-1': 1.04, 'm7-1': 108.18, 'm8-1': 104.6}",1.6800000000000002,38.92100000000001,40.041000000000004,inf,123.386,123.386
138,T1,BESTEFFORT,COMPLETED,m6-1,13.492,"{'m1-1': 100.7, 'm2-1': 1.12, 'm3-1': 1.0, 'm4-1': 9.78, 'm5-1': 27.94, 'm6-1': 0.97, 'm7-1': 101.67, 'm8-1': 115.44}",1.455,57.144,58.114,inf,123.492,123.492
139,T2,BESTEFFORT,COMPLETED,m2-1,13.607,"{'m1-1': 104.53, 'm2-1': 1.0, 'm3-1': 1.0, 'm4-1': 9.31, 'm5-1': 23.18, 'm6-1': 1.09, 'm7-1': 112.77, 'm8-1': 102.36}",1.5,40.041000000000004,41.041000000000004,inf,123.607,123.607
140,T1,BESTEFFORT,COMPLETED,m2-1,13.608,"{'m1-1': 109.59, 'm2-1': 1.09, 'm3-1': 1.15, 'm4-1': 11.12, 'm5-1': 27.8, 'm6-1': 1.02, 'm7-1': 92.22, 'm8-1': 105.87}",1.6350000000000002,41.041000000000004,42.13100000000001,inf,123.608,123.608
141,T2,BESTEFFORT,COMPLETED,m2-1,13.814,"{'m1-1': 104.13, 'm2-1': 1.05, 'm3-1': 0.99, 'm4-1': 10.48, 'm5-1': 26.24, 'm6-1': 1.14, 'm7-1': 110.6, 'm8-1': 102.56}",1.5750000000000002,42.13100000000001,43.181000000000004,inf,123.814,123.814
142,T2,BESTEFFORT,COMPLETED,m2-1,13.877,"{'m1-1': 108.06, 'm2-1': 0.98, 'm3-1': 1.0, 'm4-1': 9.5, 'm5-1': 25.4, 'm6-1': 1.17, 'm7-1': 109.28, 'm8-1': 117.12}",1.47,43.181000000000004,44.161,inf,123.877,123.877
143,T6,BESTEFFORT,COMPLETED,m2-1,14.147,"{'m1-1': 99.05, 'm2-1': 1.11, 'm3-1': 1.07, 'm4-1': 10.9, 'm5-1': 25.01, 'm6-1': 0.95, 'm7-1': 106.7, 'm8-1': 106.94}",1.665,44.161,45.271,inf,124.147,124.147
144,T2,BESTEFFORT,COMPLETED,m2-1,14.216,"{'m1-1': 111.74, 'm2-1': 1.06, 'm3-1': 1.14, 'm4-1': 9.44, 'm5-1': 27.01, 'm6-1': 1.02, 'm7-1': 100.37, 'm8-1': 113.84}",1.59,45.271,46.331,inf,124.216,124.216
145,T3,BESTEFFORT,COMPLETED,m2-1,14.371,"{'m1-1': 107.34, 'm2-1': 1.1, 'm3-1': 1.09, 'm4-1': 10.5, 'm5-1': 25.52, 'm6-1': 1.14, 'm7-1': 111.83, 'm8-1': 112.78}",1.6500000000000001,46.331,47.431000000000004,inf,124.371,124.371
146,T5,BESTEFFORT,COMPLETED,m6-1,14.466,"{'m1-1': 114.2, 'm2-1': 0.98, 'm3-1': 1.14, 'm4-1': 10.32, 'm5-1': 27.98, 'm6-1': 1.05, 'm7-1': 102.33, 'm8-1': 111.74}",1.5750000000000002,58.114,59.163999999999994,inf,124.466,124.466
147,T4,BESTEFFORT,COMPLETED,m3-1,14.467,"{'m1-1': 114.53, 'm2-1': 1.12, 'm3-1': 0.99, 'm4-1': 10.26, 'm5-1': 25.74, 'm6-1': 1.09, 'm7-1': 106.6, 'm8-1': 107.4}",1.4849999999999999,49.00000000000002,49.99000000000002,inf,124.467,124.467
148,T3,BESTEFFORT,COMPLETED,m3-1,14.473,"{'m1-1': 101.86, 'm2-1': 1.15, 'm3-1': 1.09, 'm4-1': 10.84, 'm5-1': 28.58, 'm6-1': 1.07, 'm7-1': 103.5, 'm8-1': 112.78}",1.6350000000000002,49.99000000000002,51.08000000000003,inf,124.473,124.473
149,T4,BESTEFFORT,COMPLETED,m6-1,14.817,"{'m1-1': 113.1, 'm2-1': 1.06, 'm3-1': 1.0, 'm4-1': 11.38, 'm5-1': 26.4, 'm6-1': 1.14, 'm7-1': 103.22, 'm8-1': 107.87}",1.71,59.163999999999994,60.303999999999995,inf,124.81700000000001,124.81700000000001
150,T5,BESTEFFORT,COMPLETED,m6-1,14.877,"{'m1-1': 102.15, 'm2-1': 1.09, 'm3-1': 0.97, 'm4-1': 11.03, 'm5-1': 23.61, 'm6-1': 0.97, 'm7-1': 103.93, 'm8-1': 112.41}",1.455,60.303999999999995,61.273999999999994,inf,124.877,124.877
151,T8,BESTEFFORT,COMPLETED,m6-1,14.908,"{'m1-1': 109.54, 'm2-1': 0.98, 'm3-1': 1.16, 'm4-1': 10.09, 'm5-1': 28.29, 'm6-1': 0.98, 'm7-1': 110.51, 'm8-1': 101.92}",1.47,61.273999999999994,62.25399999999999,inf,124.908,124.908
152,T4,BESTEFFORT,COMPLETED,m3-1,14.91,"{'m1-1': 104.68, 'm2-1': 1.02, 'm3-1': 1.07, 'm4-1': 11.74, 'm5-1': 28.19, 'm6-1': 1.01, 'm7-1': 106.28, 'm8-1': 98.51}",1.605,51.08000000000003,52.15000000000003,inf,124.91,124.91
153,T9,BESTEFFORT,COMPLETED,m6-1,14.959,"{'m1-1': 109.0, 'm2-1': 1.11, 'm3-1': 0.98, 'm4-1': 10.4, 'm5-1': 24.45, 'm6-1': 0.99, 'm7-1': 104.25, 'm8-1': 100.6}",1.4849999999999999,62.25399999999999,63.24399999999999,inf,124.959,124.959
154,T2,BESTEFFORT,COMPLETED,m2-1,15.272,"{'m1-1': 110.8, 'm2-1': 1.09, 'm3-1': 1.13, 'm4-1': 11.0, 'm5-1': 26.62, 'm6-1': 1.16, 'm7-1': 117.6, 'm8-1': 116.45}",1.6350000000000002,47.431000000000004,48.52100000000001,inf,125.272,125.272
155,T10,BESTEFFORT,COMPLETED,m3-1,15.289,"{'m1-1': 107.84, 'm2-1': 1.06, 'm3-1': 1.09, 'm4-1': 10.85, 'm5-1': 24.59, 'm6-1': 1.1, 'm7-1': 107.92, 'm8-1': 109.72}",1.6350000000000002,52.15000000000003,53.24000000000003,inf,125.289,125.289
156,T3,BESTEFFORT,COMPLETED,m3-1,15.352,"{'m1-1': 116.45, 'm2-1': 1.1, 'm3-1': 1.17, 'm4-1': 10.76, 'm5-1': 25.25, 'm6-1': 1.06, 'm7-1': 95.74, 'm8-1': 107.44}",1.755,53.24000000000003,54.41000000000003,inf,125.352,125.352
157,T8,BESTEFFORT,COMPLETED,m2-1,15.444,"{'m1-1': 99.83, 'm2-1': 1.09, 'm3-1': 1.06, 'm4-1': 11.21, 'm5-1': 27.96, 'm6-1': 1.06, 'm7-1': 103.36, 'm8-1': 95.16}",1.6350000000000002,48.52100000000001,49.61100000000001,inf,125.444,125.444
158,T7,BESTEFFORT,COMPLETED,m3-1,15.578,"{'m1-1': 101.73, 'm2-1': 0.98, 'm3-1': 1.05, 'm4-1': 9.5, 'm5-1': 26.89, 'm6-1': 1.19, 'm7-1': 110.55, 'm8-1': 112.05}",1.5750000000000002,54.41000000000003,55.46000000000003,inf,125.578,125.578
159,T4,BESTEFFORT,COMPLETED,m2-1,15.818,"{'m1-1': 115.94, 'm2-1': 1.06, 'm3-1': 1.08, 'm4-1': 10.5, 'm5-1': 27.22, 'm6-1': 1.11, 'm7-1': 106.54, 'm8-1': 107.62}",1.59,49.61100000000001,50.671000000000014,inf,125.818,125.818
160,T7,BESTEFFORT,COMPLETED,m6-1,15.927,"{'m1-1': 112.46, 'm2-1': 1.03, 'm3-1': 1.04, 'm4-1': 10.92, 'm5-1': 25.25, 'm6-1': 1.06, 'm7-1': 109.78, 'm8-1': 105.94}",1.59,63.24399999999999,64.30399999999999,inf,125.92699999999999,125.92699999999999
161,T2,BESTEFFORT,COMPLETED,m3-1,16.022,"{'m1-1': 108.65, 'm2-1': 0.98, 'm3-1': 1.09, 'm4-1': 10.14, 'm5-1': 27.17, 'm6-1': 1.14, 'm7-1': 106.65, 'm8-1': 102.62}",1.6350000000000002,55.46000000000003,56.55000000000003,inf,126.02199999999999,126.02199999999999
162,T8,BESTEFFORT,COMPLETED,m2-1,16.089,"{'m1-1': 101.11, 'm2-1': 0.99, 'm3-1': 1.1, 'm4-1': 11.04, 'm5-1': 26.89, 'm6-1': 0.94, 'm7-1': 97.44, 'm8-1': 105.95}",1.4849999999999999,50.671000000000014,51.661000000000016,inf,126.089,126.089
163,T1,BESTEFFORT,COMPLETED,m3-1,16.164,"{'m1-1': 101.52, 'm2-1': 1.13, 'm3-1': 1.05, 'm4-1': 11.11, 'm5-1': 26.03, 'm6-1': 1.08, 'm7-1': 102.26, 'm8-1': 109.51}",1.5750000000000002,56.55000000000003,57.60000000000003,inf,126.164,126.164
164,T9,BESTEFFORT,COMPLETED,m6-1,16.256,"{'m1-1': 105.44, 'm2-1': 1.0, 'm3-1': 0.95, 'm4-1': 9.77, 'm5-1': 24.28, 'm6-1': 0.99, 'm7-1': 110.04, 'm8-1': 112.09}",1.4849999999999999,64.30399999999999,65.29399999999998,inf,126.256,126.256
165,T3,BESTEFFORT,COMPLETED,m6-1,16.414,"{'m1-1': 100.52, 'm2-1': 1.04, 'm3-1': 1.04, 'm4-1': 9.57, 'm5-1': 24.68, 'm6-1': 1.04, 'm7-1': 108.52, 'm8-1': 107.42}",1.56,65.29399999999998,66.33399999999999,inf,126.414,126.414
166,T3,BESTEFFORT,COMPLETED,m3-1,16.505,"{'m1-1': 109.62, 'm2-1': 1.1, 'm3-1': 1.03, 'm4-1': 10.01, 'm5-1': 25.23, 'm6-1': 1.09, 'm7-1': 110.36, 'm8-1': 104.25}",1.545,57.60000000000003,58.63000000000003,inf,126.505,126.505
167,T6,BESTEFFORT,COMPLETED,m2-1,16.704,"{'m1-1': 99.67, 'm2-1': 1.02, 'm3-1': 1.08, 'm4-1': 10.69, 'm5-1': 27.43, 'm6-1': 1.01, 'm7-1': 103.9, 'm8-1': 94.76}",1.53,51.661000000000016,52.68100000000002,inf,126.70400000000001,126.70400000000001
168,T3,BESTEFFORT,COMPLETED,m2-1,16.756,"{'m1-1': 118.22, 'm2-1': 1.12, 'm3-1': 0.99, 'm4-1': 10.94, 'm5-1': 25.05, 'm6-1': 0.97, 'm7-1': 112.68, 'm8-1': 108.91}",1.6800000000000002,52.68100000000002,53.801000000000016,inf,126.756,126.756
169,T2,BESTEFFORT,COMPLETED,m2-1,16.825,"{'m1-1': 111.75, 'm2-1': 1.14, 'm3-1': 0.98, 'm4-1': 10.47, 'm5-1': 23.98, 'm6-1': 1.12, 'm7-1': 103.2, 'm8-1': 101.54}",1.71,53.801000000000016,54.94100000000002,inf,126.825,126.825
170,T9,BESTEFFORT,COMPLETED,m2-1,17.002,"{'m1-1': 114.7, 'm2-1': 1.08, 'm3-1': 1.04, 'm4-1': 10.54, 'm5-1': 24.63, 'm6-1': 0.98, 'm7-1': 104.15, 'm8-1': 100.95}",1.62,54.94100000000002,56.021000000000015,inf,127.002,127.002
171,T9,BESTEFFORT,COMPLETED,m2-1,17.11,"{'m1-1': 110.96, 'm2-1': 1.02, 'm3-1': 0.96, 'm4-1': 10.61, 'm5-1': 23.99, 'm6-1': 1.08, 'm7-1': 94.68, 'm8-1': 113.75}",1.53,56.021000000000015,57.04100000000002,inf,127.11,127.11
172,T5,BESTEFFORT,COMPLETED,m6-1,17.42,"{'m1-1': 99.63, 'm2-1': 1.07, 'm3-1': 1.07, 'm4-1': 11.06, 'm5-1': 25.07, 'm6-1': 1.01, 'm7-1': 109.87, 'm8-1': 95.56}",1.5150000000000001,66.33399999999999,67.344,inf,127.42,127.42
173,T6,BESTEFFORT,COMPLETED,m6-1,17.536,"{'m1-1': 102.8, 'm2-1': 1.01, 'm3-1': 1.01, 'm4-1': 10.83, 'm5-1': 27.12, 'm6-1': 1.04, 'm7-1': 109.72, 'm8-1': 105.39}",1.56,67.344,68.384,inf,127.536,127.536
174,T5,BESTEFFORT,COMPLETED,m6-1,17.664,"{'m1-1': 104.91, 'm2-1': 1.01, 'm3-1': 1.06, 'm4-1': 10.62, 'm5-1': 25.92, 'm6-1': 0.97, 'm7-1': 105.82, 'm8-1': 106.44}",1.455,68.384,69.354,inf,127.664,127.664
175,T8,BESTEFFORT,COMPLETED,m2-1,17.719,"{'m1-1': 115.02, 'm2-1': 1.1, 'm3-1': 0.99, 'm4-1': 11.39, 'm5-1': 25.52, 'm6-1': 0.95, 'm7-1': 105.92, 'm8-1': 107.16}",1.6500000000000001,57.04100000000002,58.14100000000002,inf,127.719,127.719
176,T4,BESTEFFORT,COMPLETED,m2-1,17.735,"{'m1-1': 115.49, 'm2-1': 1.11, 'm3-1': 1.07, 'm4-1': 10.94, 'm5-1': 27.95, 'm6-1': 1.08, 'm7-1': 102.85, 'm8-1': 98.83}",1.665,58.14100000000002,59.25100000000002,inf,127.735,127.735
177,T1,BESTEFFORT,COMPLETED,m6-1,17.786,"{'m1-1': 109.71, 'm2-1': 0.99, 'm3-1': 1.18, 'm4-1': 9.93, 'm5-1': 25.29, 'm6-1': 1.06, 'm7-1': 98.44, 'm8-1': 106.04}",1.59,69.354,70.414,inf,127.786,127.786
178,T5,BESTEFFORT,COMPLETED,m6-1,17.885,"{'m1-1': 104.23, 'm2-1': 0.98, 'm3-1': 1.01, 'm4-1': 10.46, 'm5-1': 26.46, 'm6-1': 0.98, 'm7-1': 114.92, 'm8-1': 102.16}",1.47,70.414,71.394,inf,127.885,127.885
179,T4,BESTEFFORT,COMPLETED,m2-1,17.906,"{'m1-1': 99.55, 'm2-1': 1.01, 'm3-1': 1.04, 'm4-1': 10.92, 'm5-1': 27.25, 'm6-1': 1.15, 'm7-1': 103.84, 'm8-1': 109.62}",1.5150000000000001,59.25100000000002,60.26100000000002,inf,127.906,127.906
180,T7,BESTEFFORT,COMPLETED,m3-1,17.919,"{'m1-1': 108.29, 'm2-1': 1.07, 'm3-1': 1.04, 'm4-1': 9.91, 'm5-1': 24.36, 'm6-1': 1.11, 'm7-1': 113.82, 'm8-1': 112.06}",1.56,58.63000000000003,59.67000000000003,inf,127.919,127.919
181,T9,BESTEFFORT,COMPLETED,m3-1,17.925,"{'m1-1': 115.73, 'm2-1': 0.96, 'm3-1': 1.04, 'm4-1': 9.91, 'm5-1': 27.59, 'm6-1': 1.05, 'm7-1': 105.17, 'm8-1': 108.56}",1.56,59.67000000000003,60.71000000000003,inf,127.925,127.925
182,T1,BESTEFFORT,COMPLETED,m6-1,17.932,"{'m1-1': 103.25, 'm2-1': 1.07, 'm3-1': 1.16, 'm4-1': 11.12, 'm5-1': 27.8, 'm6-1': 1.05, 'm7-1': 95.74, 'm8-1': 118.24}",1.5750000000000002,71.394,72.444,inf,127.932,127.932
183,T9,BESTEFFORT,COMPLETED,m6-1,17.948,"{'m1-1': 113.64, 'm2-1': 0.96, 'm3-1': 1.0, 'm4-1': 9.52, 'm5-1': 27.3, 'm6-1': 1.03, 'm7-1': 94.29, 'm8-1': 111.21}",1.545,72.444,73.474,inf,127.94800000000001,127.94800000000001
184,T5,BESTEFFORT,COMPLETED,m6-1,18.188,"{'m1-1': 113.38, 'm2-1': 1.0, 'm3-1': 0.98, 'm4-1': 10.56, 'm5-1': 24.96, 'm6-1': 0.99, 'm7-1': 111.97, 'm8-1': 96.26}",1.4849999999999999,73.474,74.464,inf,128.188,128.188
185,T8,BESTEFFORT,COMPLETED,m6-1,18.199,"{'m1-1': 116.51, 'm2-1': 0.98, 'm3-1': 1.04, 'm4-1': 11.58, 'm5-1': 28.14, 'm6-1': 1.07, 'm7-1': 108.82, 'm8-1': 111.32}",1.605,74.464,75.53399999999999,inf,128.199,128.199
186,T4,BESTEFFORT,COMPLETED,m6-1,18.359,"{'m1-1': 113.16, 'm2-1': 1.16, 'm3-1': 1.07, 'm4-1': 10.66, 'm5-1': 25.5, 'm6-1': 1.04, 'm7-1': 103.2, 'm8-1': 104.16}",1.56,75.53399999999999,76.574,inf,128.359,128.359
187,T8,BESTEFFORT,COMPLETED,m3-1,18.387,"{'m1-1': 113.25, 'm2-1': 0.99, 'm3-1': 1.11, 'm4-1': 11.41, 'm5-1': 25.35, 'm6-1': 0.98, 'm7-1': 108.97, 'm8-1': 99.68}",1.665,60.71000000000003,61.82000000000003,inf,128.387,128.387
188,T6,BESTEFFORT,COMPLETED,m6-1,18.455,"{'m1-1': 98.92, 'm2-1': 1.03, 'm3-1': 1.08, 'm4-1': 10.83, 'm5-1': 25.41, 'm6-1': 1.04, 'm7-1': 100.06, 'm8-1': 96.22}",1.56,76.574,77.614,inf,128.45499999999998,128.45499999999998
189,T9,BESTEFFORT,COMPLETED,m3-1,18.515,"{'m1-1': 111.09, 'm2-1': 0.97, 'm3-1': 0.98, 'm4-1': 10.69, 'm5-1': 26.48, 'm6-1': 1.04, 'm7-1': 103.95, 'm8-1': 97.6}",1.47,61.82000000000003,62.800000000000026,inf,128.515,128.515
190,T4,BESTEFFORT,COMPLETED,m6-1,18.53,"{'m1-1': 105.82, 'm2-1': 1.14, 'm3-1': 1.07, 'm4-1': 10.59, 'm5-1': 27.37, 'm6-1': 1.01, 'm7-1': 106.98, 'm8-1': 100.18}",1.5150000000000001,77.614,78.62400000000001,inf,128.53,128.53
191,T9,BESTEFFORT,COMPLETED,m2-1,18.543,"{'m1-1': 105.98, 'm2-1': 1.12, 'm3-1': 1.09, 'm4-1': 10.47, 'm5-1': 25.82, 'm6-1': 1.07, 'm7-1': 108.9, 'm8-1': 106.07}",1.6800000000000002,60.26100000000002,61.381000000000014,inf,128.543,128.543
192,T8,BESTEFFORT,COMPLETED,m6-1,18.6,"{'m1-1': 114.1, 'm2-1': 1.11, 'm3-1': 0.98, 'm4-1': 10.1, 'm5-1': 25.11, 'm6-1': 0.92, 'm7-1': 110.64, 'm8-1': 99.64}",1.3800000000000001,78.62400000000001,79.54400000000001,inf,128.6,128.6
193,T2,BESTEFFORT,COMPLETED,m3-1,18.646,"{'m1-1': 107.42, 'm2-1': 1.06, 'm3-1': 0.98, 'm4-1': 10.02, 'm5-1': 24.28, 'm6-1': 0.99, 'm7-1': 117.58, 'm8-1': 116.91}",1.47,62.800000000000026,63.78000000000002,inf,128.64600000000002,128.64600000000002
194,T9,BESTEFFORT,COMPLETED,m2-1,18.659,"{'m1-1': 114.0, 'm2-1': 0.97, 'm3-1': 1.07, 'm4-1': 10.11, 'm5-1': 25.05, 'm6-1': 1.11, 'm7-1': 96.5, 'm8-1': 115.15}",1.455,61.381000000000014,62.35100000000001,inf,128.659,128.659
195,T10,BESTEFFORT,COMPLETED,m3-1,18.683,"{'m1-1': 98.92, 'm2-1': 1.13, 'm3-1': 0.98, 'm4-1': 10.19, 'm5-1': 28.5, 'm6-1': 1.12, 'm7-1': 102.4, 'm8-1': 101.02}",1.47,63.78000000000002,64.76000000000002,inf,128.683,128.683
196,T8,BESTEFFORT,COMPLETED,m2-1,18.8,"{'m1-1': 115.36, 'm2-1': 1.1, 'm3-1': 1.11, 'm4-1': 11.58, 'm5-1': 28.16, 'm6-1': 0.98, 'm7-1': 110.47, 'm8-1': 101.36}",1.6500000000000001,62.35100000000001,63.451000000000015,inf,128.8,128.8
197,T5,BESTEFFORT,COMPLETED,m2-1,18.821,"{'m1-1': 98.28, 'm2-1': 1.1, 'm3-1': 1.1, 'm4-1': 9.6, 'm5-1': 24.68, 'm6-1': 1.08, 'm7-1': 111.58, 'm8-1': 97.9}",1.6500000000000001,63.451000000000015,64.55100000000002,inf,128.821,128.821
198,T10,BESTEFFORT,COMPLETED,m3-1,18.906,"{'m1-1': 102.82, 'm2-1': 1.15, 'm3-1': 1.0, 'm4-1': 10.87, 'm5-1': 28.58, 'm6-1': 1.14, 'm7-1': 99.89, 'm8-1': 97.43}",1.5,64.76000000000002,65.76000000000002,inf,128.906,128.906
199,T1,BESTEFFORT,COMPLETED,m6-1,18.957,"{'m1-1': 105.62, 'm2-1': 1.15, 'm3-1': 1.02, 'm4-1': 9.5, 'm5-1': 25.6, 'm6-1': 0.96, 'm7-1': 109.44, 'm8-1': 111.66}",1.44,79.54400000000001,80.504,inf,128.957,128.957
200,T6,BESTEFFORT,COMPLETED,m6-1,19.242,"{'m1-1': 105.83, 'm2-1': 1.02, 'm3-1': 1.06, 'm4-1': 11.11, 'm5-1': 28.29, 'm6-1': 0.99, 'm7-1': 116.14, 'm8-1': 98.47}",1.4849999999999999,80.504,81.494,inf,129.242,129.242
201,T10,BESTEFFORT,COMPLETED,m3-1,19.246,"{'m1-1': 109.43, 'm2-1': 1.01, 'm3-1': 1.0, 'm4-1': 10.44, 'm5-1': 27.88, 'm6-1': 1.07, 'm7-1': 99.14, 'm8-1': 94.51}",1.5,65.76000000000002,66.76000000000002,inf,129.246,129.246
202,T7,BESTEFFORT,COMPLETED,m3-1,19.306,"{'m1-1': 109.23, 'm2-1': 1.03, 'm3-1': 1.07, 'm4-1': 10.34, 'm5-1': 25.31, 'm6-1': 1.05, 'm7-1': 99.43, 'm8-1': 101.03}",1.605,66.76000000000002,67.83000000000001,inf,129.306,129.306
203,T8,BESTEFFORT,COMPLETED,m2-1,19.425,"{'m1-1': 106.45, 'm2-1': 0.96, 'm3-1': 1.1, 'm4-1': 11.73, 'm5-1': 25.04, 'm6-1': 1.06, 'm7-1': 105.72, 'm8-1': 105.53}",1.44,64.55100000000002,65.51100000000001,inf,129.425,129.425
204,T1,BESTEFFORT,COMPLETED,m6-1,19.483,"{'m1-1': 98.97, 'm2-1': 1.14, 'm3-1': 1.11, 'm4-1': 9.98, 'm5-1': 23.66, 'm6-1': 0.99, 'm7-1': 107.7, 'm8-1': 116.72}",1.4849999999999999,81.494,82.484,inf,129.483,129.483
205,T7,BESTEFFORT,COMPLETED,m3-1,19.604,"{'m1-1': 109.68, 'm2-1': 1.12, 'm3-1': 1.01, 'm4-1': 11.02, 'm5-1': 26.27, 'm6-1': 1.09, 'm7-1': 113.23, 'm8-1': 112.2}",1.5150000000000001,67.83000000000001,68.84000000000002,inf,129.60399999999998,129.60399999999998
206,T10,BESTEFFORT,COMPLETED,m3-1,19.621,"{'m1-1': 111.44, 'm2-1': 1.11, 'm3-1': 0.92, 'm4-1': 11.08, 'm5-1': 24.86, 'm6-1': 1.08, 'm7-1': 95.35, 'm8-1': 100.3}",1.3800000000000001,68.84000000000002,69.76000000000002,inf,129.621,129.621
207,T9,BESTEFFORT,COMPLETED,m6-1,19.886,"{'m1-1': 106.43, 'm2-1': 1.0, 'm3-1': 1.01, 'm4-1': 10.22, 'm5-1': 26.6, 'm6-1': 1.08, 'm7-1': 104.35, 'm8-1': 107.8}",1.62,82.484,83.564,inf,129.886,129.886
208,T6,BESTEFFORT,COMPLETED,m6-1,19.909,"{'m1-1': 104.97, 'm2-1': 1.1, 'm3-1': 1.01, 'm4-1': 10.54, 'm5-1': 26.06, 'm6-1': 0.95, 'm7-1': 104.83, 'm8-1': 106.04}",1.4249999999999998,83.564,84.514,inf,129.909,129.909
209,T1,BESTEFFORT,COMPLETED,m6-1,19.969,"{'m1-1': 105.4, 'm2-1': 1.16, 'm3-1': 1.05, 'm4-1': 10.84, 'm5-1': 27.33, 'm6-1': 1.06, 'm7-1': 94.02, 'm8-1': 103.11}",1.59,84.514,85.574,inf,129.969,129.969
210,T2,BESTEFFORT,COMPLETED,m2-1,19.978,"{'m1-1': 104.35, 'm2-1': 1.13, 'm3-1': 1.05, 'm4-1': 9.4, 'm5-1': 24.0, 'm6-1': 1.05, 'm7-1': 102.69, 'm8-1': 103.5}",1.6949999999999998,65.51100000000001,66.641,inf,129.978,129.978
211,T5,BESTEFFORT,COMPLETED,m6-1,20.124,"{'m1-1': 110.7, 'm2-1': 1.03, 'm3-1': 1.09, 'm4-1': 10.36, 'm5-1': 26.12, 'm6-1': 1.04, 'm7-1': 111.49, 'm8-1': 98.6}",1.56,85.574,86.614,inf,130.124,130.124
212,T6,BESTEFFORT,COMPLETED,m6-1,20.169,"{'m1-1': 98.28, 'm2-1': 0.99, 'm3-1': 1.1, 'm4-1': 10.65, 'm5-1': 24.47, 'm6-1': 1.02, 'm7-1': 112.78, 'm8-1': 106.04}",1.53,86.614,87.634,inf,130.169,130.169
213,T2,BESTEFFORT,COMPLETED,m2-1,20.395,"{'m1-1': 104.65, 'm2-1': 1.13, 'm3-1': 1.0, 'm4-1': 9.94, 'm5-1': 24.55, 'm6-1': 1.07, 'm7-1': 118.22, 'm8-1': 105.61}",1.6949999999999998,66.641,67.771,inf,130.395,130.395
214,T9,BESTEFFORT,COMPLETED,m2-1,20.551,"{'m1-1': 115.52, 'm2-1': 0.97, 'm3-1': 1.01, 'm4-1': 9.61, 'm5-1': 24.0, 'm6-1': 1.08, 'm7-1': 96.39, 'm8-1': 104.01}",1.455,67.771,68.741,inf,130.551,130.551
215,T6,BESTEFFORT,COMPLETED,m3-1,20.556,"{'m1-1': 110.59, 'm2-1': 1.05, 'm3-1': 0.99, 'm4-1': 10.37, 'm5-1': 26.88, 'm6-1': 1.03, 'm7-1': 111.18, 'm8-1': 98.11}",1.4849999999999999,69.76000000000002,70.75000000000001,inf,130.556,130.556
216,T3,BESTEFFORT,COMPLETED,m6-1,20.707,"{'m1-1': 103.53, 'm2-1': 1.01, 'm3-1': 1.04, 'm4-1': 10.15, 'm5-1': 25.94, 'm6-1': 0.98, 'm7-1': 106.24, 'm8-1': 101.1}",1.47,87.634,88.614,inf,130.707,130.707
217,T4,BESTEFFORT,COMPLETED,m3-1,20.765,"{'m1-1': 99.49, 'm2-1': 1.09, 'm3-1': 1.07, 'm4-1': 10.31, 'm5-1': 27.19, 'm6-1': 1.14, 'm7-1': 98.36, 'm8-1': 99.85}",1.605,70.75000000000001,71.82000000000001,inf,130.765,130.765
218,T1,BESTEFFORT,COMPLETED,m6-1,20.824,"{'m1-1': 113.68, 'm2-1': 1.13, 'm3-1': 1.05, 'm4-1': 9.94, 'm5-1': 25.18, 'm6-1': 0.92, 'm7-1': 100.19, 'm8-1': 103.6}",1.3800000000000001,88.614,89.534,inf,130.824,130.824
219,T9,BESTEFFORT,COMPLETED,m6-1,20.958,"{'m1-1': 112.04, 'm2-1': 1.06, 'm3-1': 0.98, 'm4-1': 10.69, 'm5-1': 24.01, 'm6-1': 0.98, 'm7-1': 100.07, 'm8-1': 110.22}",1.47,89.534,90.51400000000001,inf,130.958,130.958
220,T8,BESTEFFORT,COMPLETED,m3-1,20.993,"{'m1-1': 115.48, 'm2-1': 1.06, 'm3-1': 1.08, 'm4-1': 10.98, 'm5-1': 26.91, 'm6-1': 1.0, 'm7-1': 101.91, 'm8-1': 111.86}",1.62,71.82000000000001,72.9,inf,130.993,130.993
221,T6,BESTEFFORT,COMPLETED,m2-1,21.015,"{'m1-1': 98.81, 'm2-1': 0.96, 'm3-1': 1.12, 'm4-1': 10.6, 'm5-1': 28.34, 'm6-1': 0.94, 'm7-1': 116.91, 'm8-1': 100.45}",1.44,68.741,69.701,inf,131.015,131.015
222,T7,BESTEFFORT,COMPLETED,m2-1,21.067,"{'m1-1': 110.58, 'm2-1': 1.04, 'm3-1': 0.94, 'm4-1': 9.86, 'm5-1': 23.92, 'm6-1': 1.09, 'm7-1': 104.37, 'm8-1': 95.38}",1.56,69.701,70.741,inf,131.067,131.067
223,T5,BESTEFFORT,COMPLETED,m6-1,21.239,"{'m1-1': 102.77, 'm2-1': 0.96, 'm3-1': 0.99, 'm4-1': 9.57, 'm5-1': 27.88, 'm6-1': 0.98, 'm7-1': 113.98, 'm8-1': 106.99}",1.47,90.51400000000001,91.49400000000001,inf,131.239,131.239
224,T10,BESTEFFORT,COMPLETED,m3-1,21.253,"{'m1-1': 112.59, 'm2-1': 1.0, 'm3-1': 1.09, 'm4-1': 11.24, 'm5-1': 28.56, 'm6-1': 1.06, 'm7-1': 108.54, 'm8-1': 95.1}",1.6350000000000002,72.9,73.99000000000001,inf,131.253,131.253
225,T5,BESTEFFORT,COMPLETED,m6-1,21.445,"{'m1-1': 114.7, 'm2-1': 0.96, 'm3-1': 1.0, 'm4-1': 10.88, 'm5-1': 26.77, 'm6-1': 0.99, 'm7-1': 111.48, 'm8-1': 111.7}",1.4849999999999999,91.49400000000001,92.48400000000001,inf,131.445,131.445
226,T3,BESTEFFORT,COMPLETED,m6-1,21.541,"{'m1-1': 109.58, 'm2-1': 1.14, 'm3-1': 1.02, 'm4-1': 10.52, 'm5-1': 25.36, 'm6-1': 1.09, 'm7-1': 102.09, 'm8-1': 103.12}",1.6350000000000002,92.48400000000001,93.57400000000001,inf,131.541,131.541
227,T6,BESTEFFORT,COMPLETED,m2-1,21.557,"{'m1-1': 104.02, 'm2-1': 0.95, 'm3-1': 1.04, 'm4-1': 11.05, 'm5-1': 27.44, 'm6-1': 1.09, 'm7-1': 112.53, 'm8-1': 94.34}",1.4249999999999998,70.741,71.691,inf,131.557,131.557
228,T8,BESTEFFORT,COMPLETED,m6-1,21.789,"{'m1-1': 100.82, 'm2-1': 1.08, 'm3-1': 1.15, 'm4-1': 10.97, 'm5-1': 27.06, 'm6-1': 0.97, 'm7-1': 100.89, 'm8-1': 95.18}",1.455,93.57400000000001,94.54400000000001,inf,131.789,131.789
229,T8,BESTEFFORT,COMPLETED,m2-1,21.831,"{'m1-1': 105.5, 'm2-1': 1.04, 'm3-1': 1.16, 'm4-1': 10.67, 'm5-1': 26.28, 'm6-1': 1.02, 'm7-1': 95.38, 'm8-1': 97.61}",1.56,71.691,72.73100000000001,inf,131.831,131.831
230,T1,BESTEFFORT,COMPLETED,m3-1,21.883,"{'m1-1': 99.27, 'm2-1': 1.03, 'm3-1': 1.01, 'm4-1': 10.56, 'm5-1': 27.17, 'm6-1': 1.03, 'm7-1': 96.79, 'm8-1': 99.62}",1.5150000000000001,73.99000000000001,75.00000000000001,inf,131.883,131.883
231,T8,BESTEFFORT,COMPLETED,m6-1,22.004,"{'m1-1': 102.31, 'm2-1': 1.0, 'm3-1': 1.16, 'm4-1': 10.72, 'm5-1': 27.09, 'm6-1': 0.98, 'm7-1': 100.17, 'm8-1': 98.72}",1.47,94.54400000000001,95.52400000000002,inf,132.004,132.004
232,T10,BESTEFFORT,COMPLETED,m3-1,22.023,"{'m1-1': 102.0, 'm2-1': 1.0, 'm3-1': 0.93, 'm4-1': 11.13, 'm5-1': 25.08, 'm6-1': 1.12, 'm7-1': 100.79, 'm8-1': 108.88}",1.395,75.00000000000001,75.93000000000002,inf,132.023,132.023
233,T4,BESTEFFORT,COMPLETED,m2-1,22.028,"{'m1-1': 108.57, 'm2-1': 1.11, 'm3-1': 1.11, 'm4-1': 11.65, 'm5-1': 26.3, 'm6-1': 1.09, 'm7-1': 114.84, 'm8-1': 102.08}",1.665,72.73100000000001,73.84100000000001,inf,132.028,132.028
234,T7,BESTEFFORT,COMPLETED,m3-1,22.301,"{'m1-1': 103.86, 'm2-1': 1.12, 'm3-1': 0.99, 'm4-1': 10.33, 'm5-1': 25.83, 'm6-1': 1.09, 'm7-1': 97.32, 'm8-1': 99.24}",1.4849999999999999,75.93000000000002,76.92000000000002,inf,132.301,132.301
235,T7,BESTEFFORT,COMPLETED,m3-1,22.321,"{'m1-1': 102.18, 'm2-1': 1.08, 'm3-1': 1.0, 'm4-1': 10.54, 'm5-1': 24.84, 'm6-1': 1.11, 'm7-1': 98.13, 'm8-1': 107.58}",1.5,76.92000000000002,77.92000000000002,inf,132.321,132.321
236,T4,BESTEFFORT,COMPLETED,m3-1,22.55,"{'m1-1': 109.49, 'm2-1': 1.02, 'm3-1': 0.97, 'm4-1': 11.17, 'm5-1': 26.22, 'm6-1': 1.02, 'm7-1': 102.05, 'm8-1': 94.13}",1.455,77.92000000000002,78.89000000000001,inf,132.55,132.55
237,T3,BESTEFFORT,COMPLETED,m6-1,22.573,"{'m1-1': 100.59, 'm2-1': 1.05, 'm3-1': 1.0, 'm4-1': 10.14, 'm5-1': 27.59, 'm6-1': 1.03, 'm7-1': 95.16, 'm8-1': 98.43}",1.545,95.52400000000002,96.55400000000002,inf,132.573,132.573
238,T6,BESTEFFORT,COMPLETED,m2-1,22.706,"{'m1-1': 109.76, 'm2-1': 0.97, 'm3-1': 1.12, 'm4-1': 10.81, 'm5-1': 27.96, 'm6-1': 1.09, 'm7-1': 105.38, 'm8-1': 95.25}",1.455,73.84100000000001,74.811,inf,132.706,132.706
239,T5,BESTEFFORT,COMPLETED,m2-1,22.738,"{'m1-1': 113.72, 'm2-1': 1.04, 'm3-1': 1.12, 'm4-1': 10.47, 'm5-1': 26.25, 'm6-1': 1.09, 'm7-1': 109.75, 'm8-1': 110.06}",1.56,74.811,75.85100000000001,inf,132.738,132.738
240,T9,BESTEFFORT,COMPLETED,m3-1,22.791,"{'m1-1': 106.12, 'm2-1': 0.98, 'm3-1': 1.01, 'm4-1': 9.87, 'm5-1': 27.34, 'm6-1': 1.01, 'm7-1': 105.49, 'm8-1': 115.53}",1.5150000000000001,78.89000000000001,79.90000000000002,inf,132.791,132.791
241,T9,BESTEFFORT,COMPLETED,m3-1,22.854,"{'m1-1': 107.8, 'm2-1': 1.09, 'm3-1': 1.07, 'm4-1': 10.6, 'm5-1': 25.5, 'm6-1': 0.97, 'm7-1': 107.34, 'm8-1': 101.9}",1.605,79.90000000000002,80.97000000000001,inf,132.85399999999998,132.85399999999998
242,T3,BESTEFFORT,COMPLETED,m6-1,23.088,"{'m1-1': 111.65, 'm2-1': 1.15, 'm3-1': 0.99, 'm4-1': 10.6, 'm5-1': 24.94, 'm6-1': 1.01, 'm7-1': 103.57, 'm8-1': 109.18}",1.5150000000000001,96.55400000000002,97.56400000000002,inf,133.088,133.088
243,T9,BESTEFFORT,COMPLETED,m3-1,23.376,"{'m1-1': 106.89, 'm2-1': 0.94, 'm3-1': 1.0, 'm4-1': 9.89, 'm5-1': 27.91, 'm6-1': 1.01, 'm7-1': 100.31, 'm8-1': 98.26}",1.5,80.97000000000001,81.97000000000001,inf,133.376,133.376
244,T7,BESTEFFORT,COMPLETED,m3-1,23.404,"{'m1-1': 102.19, 'm2-1': 1.0, 'm3-1': 1.08, 'm4-1': 10.09, 'm5-1': 25.27, 'm6-1': 1.01, 'm7-1': 102.11, 'm8-1': 107.03}",1.62,81.97000000000001,83.05000000000001,inf,133.404,133.404
245,T2,BESTEFFORT,COMPLETED,m6-1,23.427,"{'m1-1': 105.34, 'm2-1': 1.04, 'm3-1': 1.08, 'm4-1': 10.58, 'm5-1': 25.9, 'm6-1': 1.03, 'm7-1': 100.3, 'm8-1': 111.1}",1.545,97.56400000000002,98.59400000000002,inf,133.427,133.427
246,T6,BESTEFFORT,COMPLETED,m6-1,23.503,"{'m1-1': 98.35, 'm2-1': 1.06, 'm3-1': 1.08, 'm4-1': 10.49, 'm5-1': 27.39, 'm6-1': 1.09, 'm7-1': 107.38, 'm8-1': 100.63}",1.6350000000000002,98.59400000000002,99.68400000000003,inf,133.503,133.503
247,T10,BESTEFFORT,COMPLETED,m3-1,23.528,"{'m1-1': 109.38, 'm2-1': 1.1, 'm3-1': 0.96, 'm4-1': 10.88, 'm5-1': 27.02, 'm6-1': 0.97, 'm7-1': 92.89, 'm8-1': 109.33}",1.44,83.05000000000001,84.01,inf,133.528,133.528
248,T6,BESTEFFORT,COMPLETED,m6-1,23.528,"{'m1-1': 94.27, 'm2-1': 1.02, 'm3-1': 1.02, 'm4-1': 11.51, 'm5-1': 25.72, 'm6-1': 0.99, 'm7-1': 107.07, 'm8-1': 99.48}",1.4849999999999999,99.68400000000003,100.67400000000002,inf,133.528,133.528
249,T4,BESTEFFORT,COMPLETED,m3-1,23.688,"{'m1-1': 102.88, 'm2-1': 1.01, 'm3-1': 1.03, 'm4-1': 11.11, 'm5-1': 24.64, 'm6-1': 1.03, 'm7-1': 100.26, 'm8-1': 105.0}",1.545,84.01,85.04,inf,133.688,133.688
250,T5,BESTEFFORT,COMPLETED,m2-1,23.802,"{'m1-1': 111.22, 'm2-1': 1.07, 'm3-1': 0.98, 'm4-1': 9.34, 'm5-1': 25.92, 'm6-1': 0.97, 'm7-1': 115.45, 'm8-1': 103.24}",1.605,75.85100000000001,76.921,inf,133.802,133.802
251,T4,BESTEFFORT,COMPLETED,m3-1,23.935,"{'m1-1': 106.73, 'm2-1': 1.07, 'm3-1': 1.08, 'm4-1': 10.74, 'm5-1': 24.41, 'm6-1': 1.16, 'm7-1': 102.95, 'm8-1': 105.92}",1.62,85.04,86.12,inf,133.935,133.935
252,T3,BESTEFFORT,COMPLETED,m3-1,23.999,"{'m1-1': 101.76, 'm2-1': 1.04, 'm3-1': 1.04, 'm4-1': 11.0, 'm5-1': 25.43, 'm6-1': 0.96, 'm7-1': 110.89, 'm8-1': 99.44}",1.56,86.12,87.16000000000001,inf,133.999,133.999
253,T5,BESTEFFORT,COMPLETED,m6-1,24.039,"{'m1-1': 103.5, 'm2-1': 0.95, 'm3-1': 1.15, 'm4-1': 9.77, 'm5-1': 25.14, 'm6-1': 1.03, 'm7-1': 112.19, 'm8-1': 100.68}",1.545,100.67400000000002,101.70400000000002,inf,134.039,134.039
254,T2,BESTEFFORT,COMPLETED,m6-1,24.108,"{'m1-1': 101.26, 'm2-1': 1.07, 'm3-1': 1.12, 'm4-1': 10.4, 'm5-1': 27.13, 'm6-1': 1.15, 'm7-1': 107.05, 'm8-1': 105.45}",1.7249999999999999,101.70400000000002,102.85400000000003,inf,134.108,134.108
255,T2,BESTEFFORT,COMPLETED,m3-1,24.187,"{'m1-1': 98.08, 'm2-1': 1.0, 'm3-1': 1.04, 'm4-1': 10.15, 'm5-1': 23.77, 'm6-1': 1.09, 'm7-1': 104.82, 'm8-1': 115.3}",1.56,87.16000000000001,88.20000000000002,inf,134.187,134.187
256,T5,BESTEFFORT,COMPLETED,m6-1,24.644,"{'m1-1': 102.28, 'm2-1': 1.08, 'm3-1': 1.08, 'm4-1': 9.69, 'm5-1': 27.8, 'm6-1': 1.1, 'm7-1': 110.3, 'm8-1': 103.49}",1.6500000000000001,102.85400000000003,103.95400000000002,inf,134.644,134.644
257,T10,BESTEFFORT,COMPLETED,m3-1,24.685,"{'m1-1': 106.07, 'm2-1': 1.1, 'm3-1': 0.98, 'm4-1': 9.84, 'm5-1': 27.08, 'm6-1': 1.02, 'm7-1': 107.64, 'm8-1': 99.91}",1.47,88.20000000000002,89.18000000000002,inf,134.685,134.685
258,T6,BESTEFFORT,COMPLETED,m6-1,24.867,"{'m1-1': 96.67, 'm2-1': 0.98, 'm3-1': 0.98, 'm4-1': 11.38, 'm5-1': 25.67, 'm6-1': 1.03, 'm7-1': 102.66, 'm8-1': 108.54}",1.545,103.95400000000002,104.98400000000002,inf,134.867,134.867
259,T6,BESTEFFORT,COMPLETED,m6-1,24.954,"{'m1-1': 111.02, 'm2-1': 1.02, 'm3-1': 1.07, 'm4-1': 10.48, 'm5-1': 27.73, 'm6-1': 0.98, 'm7-1': 106.54, 'm8-1': 101.72}",1.47,104.98400000000002,105.96400000000003,inf,134.954,134.954
260,T4,BESTEFFORT,COMPLETED,m3-1,24.957,"{'m1-1': 115.11, 'm2-1': 1.16, 'm3-1': 1.06, 'm4-1': 11.37, 'm5-1': 26.62, 'm6-1': 1.01, 'm7-1': 113.53, 'm8-1': 99.37}",1.59,89.18000000000002,90.24000000000002,inf,134.957,134.957
261,T1,BESTEFFORT,COMPLETED,m2-1,25.077,"{'m1-1': 105.09, 'm2-1': 1.14, 'm3-1': 1.17, 'm4-1': 9.58, 'm5-1': 23.98, 'm6-1': 0.98, 'm7-1': 100.29, 'm8-1': 117.6}",1.71,76.921,78.061,inf,135.077,135.077
262,T4,BESTEFFORT,COMPLETED,m3-1,25.095,"{'m1-1': 111.35, 'm2-1': 1.03, 'm3-1': 0.96, 'm4-1': 10.19, 'm5-1': 28.82, 'm6-1': 1.03, 'm7-1': 113.75, 'm8-1': 100.11}",1.44,90.24000000000002,91.20000000000002,inf,135.095,135.095
263,T2,BESTEFFORT,COMPLETED,m3-1,25.191,"{'m1-1': 112.77, 'm2-1': 1.05, 'm3-1': 0.99, 'm4-1': 10.05, 'm5-1': 26.4, 'm6-1': 1.14, 'm7-1': 113.71, 'm8-1': 114.06}",1.4849999999999999,91.20000000000002,92.19000000000001,inf,135.191,135.191
264,T5,BESTEFFORT,COMPLETED,m6-1,25.251,"{'m1-1': 97.56, 'm2-1': 1.09, 'm3-1': 1.05, 'm4-1': 10.91, 'm5-1': 23.67, 'm6-1': 0.99, 'm7-1': 110.2, 'm8-1': 112.13}",1.4849999999999999,105.96400000000003,106.95400000000002,inf,135.251,135.251
265,T6,BESTEFFORT,COMPLETED,m2-1,25.566,"{'m1-1': 100.74, 'm2-1': 1.02, 'm3-1': 1.05, 'm4-1': 11.74, 'm5-1': 24.98, 'm6-1': 0.96, 'm7-1': 114.14, 'm8-1': 93.95}",1.53,78.061,79.081,inf,135.566,135.566
266,T1,BESTEFFORT,COMPLETED,m2-1,25.602,"{'m1-1': 106.35, 'm2-1': 1.17, 'm3-1': 1.09, 'm4-1': 10.29, 'm5-1': 27.59, 'm6-1': 0.95, 'm7-1': 105.96, 'm8-1': 103.98}",1.755,79.081,80.251,inf,135.602,135.602
267,T1,BESTEFFORT,COMPLETED,m2-1,25.795,"{'m1-1': 109.56, 'm2-1': 1.03, 'm3-1': 1.11, 'm4-1': 10.54, 'm5-1': 23.71, 'm6-1': 0.98, 'm7-1': 104.63, 'm8-1': 115.81}",1.545,80.251,81.281,inf,135.79500000000002,135.79500000000002
268,T8,BESTEFFORT,COMPLETED,m6-1,25.916,"{'m1-1': 111.73, 'm2-1': 0.95, 'm3-1': 1.04, 'm4-1': 10.17, 'm5-1': 27.71, 'm6-1': 1.06, 'm7-1': 108.78, 'm8-1': 111.19}",1.59,106.95400000000002,108.01400000000002,inf,135.916,135.916
269,T5,BESTEFFORT,COMPLETED,m6-1,26.209,"{'m1-1': 100.24, 'm2-1': 1.08, 'm3-1': 1.14, 'm4-1': 9.5, 'm5-1': 26.87, 'm6-1': 0.96, 'm7-1': 104.9, 'm8-1': 104.35}",1.44,108.01400000000002,108.97400000000002,inf,136.209,136.209
270,T9,BESTEFFORT,COMPLETED,m2-1,26.278,"{'m1-1': 111.32, 'm2-1': 0.99, 'm3-1': 1.09, 'm4-1': 9.92, 'm5-1': 27.56, 'm6-1': 1.04, 'm7-1': 95.73, 'm8-1': 104.84}",1.4849999999999999,81.281,82.271,inf,136.278,136.278
271,T4,BESTEFFORT,COMPLETED,m3-1,26.291,"{'m1-1': 111.42, 'm2-1': 1.1, 'm3-1': 1.0, 'm4-1': 11.07, 'm5-1': 28.66, 'm6-1': 1.02, 'm7-1': 108.26, 'm8-1': 93.43}",1.5,92.19000000000001,93.19000000000001,inf,136.291,136.291
272,T5,BESTEFFORT,COMPLETED,m6-1,26.358,"{'m1-1': 100.42, 'm2-1': 1.07, 'm3-1': 0.98, 'm4-1': 9.59, 'm5-1': 23.76, 'm6-1': 0.95, 'm7-1': 113.69, 'm8-1': 109.51}",1.4249999999999998,108.97400000000002,109.92400000000002,inf,136.358,136.358
273,T9,BESTEFFORT,COMPLETED,m6-1,26.381,"{'m1-1': 114.96, 'm2-1': 1.05, 'm3-1': 1.01, 'm4-1': 9.85, 'm5-1': 27.55, 'm6-1': 1.11, 'm7-1': 104.69, 'm8-1': 98.01}",1.665,109.92400000000002,111.03400000000002,inf,136.381,136.381
274,T7,BESTEFFORT,COMPLETED,m6-1,26.41,"{'m1-1': 106.98, 'm2-1': 1.09, 'm3-1': 1.05, 'm4-1': 10.78, 'm5-1': 24.14, 'm6-1': 1.17, 'm7-1': 110.77, 'm8-1': 101.71}",1.755,111.03400000000002,112.20400000000002,inf,136.41,136.41
275,T5,BESTEFFORT,COMPLETED,m2-1,26.465,"{'m1-1': 108.38, 'm2-1': 0.99, 'm3-1': 0.98, 'm4-1': 9.64, 'm5-1': 25.29, 'm6-1': 1.0, 'm7-1': 118.81, 'm8-1': 100.52}",1.4849999999999999,82.271,83.261,inf,136.465,136.465
276,T10,BESTEFFORT,COMPLETED,m3-1,26.81,"{'m1-1': 106.8, 'm2-1': 1.15, 'm3-1': 0.99, 'm4-1': 11.02, 'm5-1': 24.98, 'm6-1': 0.99, 'm7-1': 107.92, 'm8-1': 92.91}",1.4849999999999999,93.19000000000001,94.18,inf,136.81,136.81
277,T4,BESTEFFORT,COMPLETED,m3-1,26.89,"{'m1-1': 112.3, 'm2-1': 1.07, 'm3-1': 1.04, 'm4-1': 11.87, 'm5-1': 24.87, 'm6-1': 1.1, 'm7-1': 105.46, 'm8-1': 100.69}",1.56,94.18,95.22000000000001,inf,136.89,136.89
278,T10,BESTEFFORT,COMPLETED,m6-1,26.893,"{'m1-1': 97.68, 'm2-1': 1.17, 'm3-1': 0.99, 'm4-1': 10.18, 'm5-1': 24.97, 'm6-1': 1.12, 'm7-1': 102.98, 'm8-1': 105.5}",1.6800000000000002,112.20400000000002,113.32400000000003,inf,136.893,136.893
279,T3,BESTEFFORT,COMPLETED,m3-1,26.947,"{'m1-1': 115.34, 'm2-1': 1.08, 'm3-1': 1.05, 'm4-1': 10.62, 'm5-1': 25.76, 'm6-1': 1.03, 'm7-1': 98.78, 'm8-1': 99.74}",1.5750000000000002,95.22000000000001,96.27000000000001,inf,136.947,136.947
280,T7,BESTEFFORT,COMPLETED,m2-1,27.022,"{'m1-1': 116.01, 'm2-1': 1.07, 'm3-1': 1.08, 'm4-1': 9.39, 'm5-1': 26.27, 'm6-1': 1.03, 'm7-1': 102.56, 'm8-1': 102.3}",1.605,83.261,84.33099999999999,inf,137.022,137.022
281,T9,BESTEFFORT,COMPLETED,m2-1,27.085,"{'m1-1': 104.6, 'm2-1': 0.98, 'm3-1': 0.97, 'm4-1': 10.58, 'm5-1': 26.77, 'm6-1': 1.08, 'm7-1': 94.53, 'm8-1': 103.91}",1.47,84.33099999999999,85.31099999999999,inf,137.085,137.085
282,T3,BESTEFFORT,COMPLETED,m2-1,27.163,"{'m1-1': 109.91, 'm2-1': 1.01, 'm3-1': 1.01, 'm4-1': 11.0, 'm5-1': 27.66, 'm6-1': 1.03, 'm7-1': 97.07, 'm8-1': 101.41}",1.5150000000000001,85.31099999999999,86.321,inf,137.163,137.163
283,T5,BESTEFFORT,COMPLETED,m6-1,27.271,"{'m1-1': 106.79, 'm2-1': 1.11, 'm3-1': 1.02, 'm4-1': 11.06, 'm5-1': 27.68, 'm6-1': 0.94, 'm7-1': 106.35, 'm8-1': 97.13}",1.41,113.32400000000003,114.26400000000002,inf,137.27100000000002,137.27100000000002
284,T2,BESTEFFORT,COMPLETED,m2-1,27.374,"{'m1-1': 104.28, 'm2-1': 1.09, 'm3-1': 1.12, 'm4-1': 10.75, 'm5-1': 25.85, 'm6-1': 1.12, 'm7-1': 116.46, 'm8-1': 115.38}",1.6350000000000002,86.321,87.411,inf,137.374,137.374
285,T2,BESTEFFORT,COMPLETED,m6-1,27.515,"{'m1-1': 109.72, 'm2-1': 0.98, 'm3-1': 1.07, 'm4-1': 10.24, 'm5-1': 27.0, 'm6-1': 1.16, 'm7-1': 110.09, 'm8-1': 101.09}",1.7399999999999998,114.26400000000002,115.42400000000002,inf,137.515,137.515
286,T4,BESTEFFORT,COMPLETED,m6-1,27.672,"{'m1-1': 102.69, 'm2-1': 1.12, 'm3-1': 1.09, 'm4-1': 11.77, 'm5-1': 27.3, 'm6-1': 1.16, 'm7-1': 108.93, 'm8-1': 95.98}",1.7399999999999998,115.42400000000002,116.58400000000002,inf,137.672,137.672
287,T10,BESTEFFORT,COMPLETED,m3-1,27.71,"{'m1-1': 112.33, 'm2-1': 1.05, 'm3-1': 0.95, 'm4-1': 10.45, 'm5-1': 27.87, 'm6-1': 1.13, 'm7-1': 99.8, 'm8-1': 95.57}",1.4249999999999998,96.27000000000001,97.22000000000001,inf,137.71,137.71
288,T4,BESTEFFORT,COMPLETED,m2-1,27.776,"{'m1-1': 109.91, 'm2-1': 1.02, 'm3-1': 0.98, 'm4-1': 10.3, 'm5-1': 25.36, 'm6-1': 0.99, 'm7-1': 110.48, 'm8-1': 100.35}",1.53,87.411,88.431,inf,137.776,137.776
289,T5,BESTEFFORT,COMPLETED,m2-1,27.842,"{'m1-1': 108.8, 'm2-1': 1.01, 'm3-1': 1.05, 'm4-1': 10.78, 'm5-1': 23.82, 'm6-1': 1.06, 'm7-1': 117.33, 'm8-1': 98.56}",1.5150000000000001,88.431,89.441,inf,137.84199999999998,137.84199999999998
290,T8,BESTEFFORT,COMPLETED,m2-1,27.867,"{'m1-1': 100.59, 'm2-1': 1.03, 'm3-1': 0.98, 'm4-1': 10.52, 'm5-1': 26.84, 'm6-1': 0.98, 'm7-1': 102.17, 'm8-1': 109.43}",1.545,89.441,90.471,inf,137.867,137.867
291,T9,BESTEFFORT,COMPLETED,m3-1,27.9,"{'m1-1': 102.18, 'm2-1': 0.99, 'm3-1': 1.01, 'm4-1': 9.69, 'm5-1': 24.97, 'm6-1': 1.1, 'm7-1': 110.47, 'm8-1': 106.41}",1.5150000000000001,97.22000000000001,98.23000000000002,inf,137.9,137.9
292,T10,BESTEFFORT,COMPLETED,m6-1,28.014,"{'m1-1': 102.91, 'm2-1': 1.14, 'm3-1': 1.06, 'm4-1': 10.07, 'm5-1': 26.18, 'm6-1': 0.98, 'm7-1': 100.1, 'm8-1': 99.5}",1.47,116.58400000000002,117.56400000000002,inf,138.014,138.014
293,T8,BESTEFFORT,COMPLETED,m6-1,28.174,"{'m1-1': 105.45, 'm2-1': 1.02, 'm3-1': 0.98, 'm4-1': 11.2, 'm5-1': 24.34, 'm6-1': 1.07, 'm7-1': 96.34, 'm8-1': 107.59}",1.605,117.56400000000002,118.63400000000001,inf,138.174,138.174
294,T10,BESTEFFORT,COMPLETED,m2-1,28.22,"{'m1-1': 108.06, 'm2-1': 1.15, 'm3-1': 0.95, 'm4-1': 11.07, 'm5-1': 27.6, 'm6-1': 1.11, 'm7-1': 107.75, 'm8-1': 102.62}",1.7249999999999999,90.471,91.62100000000001,inf,138.22,138.22
295,T3,BESTEFFORT,COMPLETED,m6-1,28.447,"{'m1-1': 102.3, 'm2-1': 1.02, 'm3-1': 1.16, 'm4-1': 10.4, 'm5-1': 26.41, 'm6-1': 1.1, 'm7-1': 107.55, 'm8-1': 114.58}",1.6500000000000001,118.63400000000001,119.73400000000001,inf,138.447,138.447
296,T10,BESTEFFORT,COMPLETED,m3-1,28.67,"{'m1-1': 104.67, 'm2-1': 1.05, 'm3-1': 0.93, 'm4-1': 10.03, 'm5-1': 27.0, 'm6-1': 1.12, 'm7-1': 100.63, 'm8-1': 92.98}",1.395,98.23000000000002,99.16000000000003,inf,138.67000000000002,138.67000000000002
297,T8,BESTEFFORT,COMPLETED,m6-1,28.813,"{'m1-1': 102.12, 'm2-1': 1.02, 'm3-1': 1.05, 'm4-1': 11.26, 'm5-1': 25.63, 'm6-1': 1.08, 'm7-1': 106.53, 'm8-1': 112.18}",1.62,119.73400000000001,120.81400000000001,inf,138.813,138.813
298,T4,BESTEFFORT,COMPLETED,m6-1,28.869,"{'m1-1': 108.34, 'm2-1': 1.07, 'm3-1': 1.01, 'm4-1': 10.98, 'm5-1': 26.88, 'm6-1': 1.14, 'm7-1': 106.05, 'm8-1': 105.59}",1.71,120.81400000000001,121.95400000000001,inf,138.869,138.869
299,T9,BESTEFFORT,COMPLETED,m2-1,28.873,"{'m1-1': 112.85, 'm2-1': 1.0, 'm3-1': 0.99, 'm4-1': 10.19, 'm5-1': 24.8, 'm6-1': 0.94, 'm7-1': 107.08, 'm8-1': 109.72}",1.5,91.62100000000001,92.62100000000001,inf,138.873,138.873
300,T3,BESTEFFORT,COMPLETED,m3-1,28.898,"{'m1-1': 105.82, 'm2-1': 1.05, 'm3-1': 1.03, 'm4-1': 10.07, 'm5-1': 26.04, 'm6-1': 1.0, 'm7-1': 106.48, 'm8-1': 112.19}",1.545,99.16000000000003,100.19000000000003,inf,138.898,138.898
301,T2,BESTEFFORT,COMPLETED,m3-1,28.985,"{'m1-1': 108.09, 'm2-1': 1.11, 'm3-1': 0.99, 'm4-1': 9.47, 'm5-1': 26.2, 'm6-1': 0.99, 'm7-1': 109.28, 'm8-1': 116.5}",1.4849999999999999,100.19000000000003,101.18000000000002,inf,138.985,138.985
302,T5,BESTEFFORT,COMPLETED,m2-1,28.988,"{'m1-1': 97.76, 'm2-1': 1.0, 'm3-1': 1.09, 'm4-1': 10.28, 'm5-1': 25.5, 'm6-1': 1.08, 'm7-1': 118.88, 'm8-1': 105.4}",1.5,92.62100000000001,93.62100000000001,inf,138.988,138.988
303,T10,BESTEFFORT,COMPLETED,m6-1,29.105,"{'m1-1': 104.32, 'm2-1': 1.03, 'm3-1': 0.97, 'm4-1': 11.43, 'm5-1': 26.27, 'm6-1': 1.03, 'm7-1': 95.46, 'm8-1': 109.29}",1.545,121.95400000000001,122.98400000000001,inf,139.105,139.105
304,T10,BESTEFFORT,COMPLETED,m6-1,29.176,"{'m1-1': 108.52, 'm2-1': 1.1, 'm3-1': 1.01, 'm4-1': 9.91, 'm5-1': 28.42, 'm6-1': 0.98, 'm7-1': 105.82, 'm8-1': 101.51}",1.47,122.98400000000001,123.96400000000001,inf,139.176,139.176
305,T9,BESTEFFORT,COMPLETED,m3-1,29.328,"{'m1-1': 105.2, 'm2-1': 0.98, 'm3-1': 0.99, 'm4-1': 10.11, 'm5-1': 24.23, 'm6-1': 1.01, 'm7-1': 93.44, 'm8-1': 103.96}",1.4849999999999999,101.18000000000002,102.17000000000002,inf,139.328,139.328
306,T7,BESTEFFORT,COMPLETED,m3-1,29.534,"{'m1-1': 101.71, 'm2-1': 1.12, 'm3-1': 1.09, 'm4-1': 9.74, 'm5-1': 24.76, 'm6-1': 1.16, 'm7-1': 103.8, 'm8-1': 106.6}",1.6350000000000002,102.17000000000002,103.26000000000002,inf,139.534,139.534
307,T4,BESTEFFORT,COMPLETED,m3-1,29.662,"{'m1-1': 103.91, 'm2-1': 1.1, 'm3-1': 1.0, 'm4-1': 11.89, 'm5-1': 26.69, 'm6-1': 1.12, 'm7-1': 106.02, 'm8-1': 98.26}",1.5,103.26000000000002,104.26000000000002,inf,139.662,139.662
308,T6,BESTEFFORT,COMPLETED,m6-1,29.796,"{'m1-1': 104.64, 'm2-1': 1.12, 'm3-1': 1.01, 'm4-1': 11.75, 'm5-1': 25.81, 'm6-1': 0.97, 'm7-1': 108.71, 'm8-1': 95.06}",1.455,123.96400000000001,124.93400000000001,inf,139.796,139.796
309,T10,BESTEFFORT,COMPLETED,m3-1,30.035,"{'m1-1': 104.18, 'm2-1': 1.05, 'm3-1': 1.07, 'm4-1': 10.12, 'm5-1': 26.22, 'm6-1': 1.13, 'm7-1': 99.54, 'm8-1': 95.79}",1.605,104.26000000000002,105.33000000000001,inf,140.035,140.035
310,T3,BESTEFFORT,COMPLETED,m3-1,30.066,"{'m1-1': 116.35, 'm2-1': 1.17, 'm3-1': 1.02, 'm4-1': 10.42, 'm5-1': 25.0, 'm6-1': 1.01, 'm7-1': 95.74, 'm8-1': 102.11}",1.53,105.33000000000001,106.35000000000001,inf,140.066,140.066
311,T8,BESTEFFORT,COMPLETED,m6-1,30.793,"{'m1-1': 106.45, 'm2-1': 1.1, 'm3-1': 1.04, 'm4-1': 11.73, 'm5-1': 28.17, 'm6-1': 1.06, 'm7-1': 111.34, 'm8-1': 110.39}",1.59,124.93400000000001,125.99400000000001,inf,140.793,140.793
312,T8,BESTEFFORT,COMPLETED,m6-1,30.98,"{'m1-1': 103.69, 'm2-1': 1.07, 'm3-1': 1.14, 'm4-1': 9.92, 'm5-1': 27.73, 'm6-1': 1.03, 'm7-1': 106.04, 'm8-1': 99.65}",1.545,125.99400000000001,127.02400000000002,inf,140.98,140.98
313,T6,BESTEFFORT,COMPLETED,m3-1,31.384,"{'m1-1': 97.08, 'm2-1': 1.09, 'm3-1': 1.0, 'm4-1': 10.32, 'm5-1': 25.3, 'm6-1': 1.09, 'm7-1': 104.76, 'm8-1': 109.0}",1.5,106.35000000000001,107.35000000000001,inf,141.38400000000001,141.38400000000001
314,T6,BESTEFFORT,COMPLETED,m3-1,31.697,"{'m1-1': 96.17, 'm2-1': 1.01, 'm3-1': 0.98, 'm4-1': 10.78, 'm5-1': 25.98, 'm6-1': 0.94, 'm7-1': 114.32, 'm8-1': 97.95}",1.47,107.35000000000001,108.33000000000001,inf,141.697,141.697
315,T3,BESTEFFORT,COMPLETED,m3-1,31.708,"{'m1-1': 111.7, 'm2-1': 1.1, 'm3-1': 1.16, 'm4-1': 10.25, 'm5-1': 27.15, 'm6-1': 1.03, 'm7-1': 107.2, 'm8-1': 103.1}",1.7399999999999998,108.33000000000001,109.49000000000001,inf,141.708,141.708
316,T8,BESTEFFORT,COMPLETED,m2-1,31.87,"{'m1-1': 104.47, 'm2-1': 1.1, 'm3-1': 0.98, 'm4-1': 11.66, 'm5-1': 28.57, 'm6-1': 1.05, 'm7-1': 102.47, 'm8-1': 100.8}",1.6500000000000001,93.62100000000001,94.721,inf,141.87,141.87
317,T9,BESTEFFORT,COMPLETED,m6-1,31.966,"{'m1-1': 114.65, 'm2-1': 0.97, 'm3-1': 1.11, 'm4-1': 10.33, 'm5-1': 28.3, 'm6-1': 1.07, 'm7-1': 102.54, 'm8-1': 100.6}",1.605,127.02400000000002,128.09400000000002,inf,141.966,141.966
318,T6,BESTEFFORT,COMPLETED,m6-1,32.01,"{'m1-1': 104.78, 'm2-1': 1.01, 'm3-1': 1.12, 'm4-1': 11.25, 'm5-1': 28.05, 'm6-1': 0.96, 'm7-1': 99.79, 'm8-1': 111.08}",1.44,128.09400000000002,129.05400000000003,inf,142.01,142.01
319,T4,BESTEFFORT,COMPLETED,m3-1,32.288,"{'m1-1': 110.18, 'm2-1': 1.11, 'm3-1': 1.03, 'm4-1': 11.34, 'm5-1': 25.77, 'm6-1': 1.08, 'm7-1': 97.95, 'm8-1': 104.48}",1.545,109.49000000000001,110.52000000000001,inf,142.288,142.288
320,T9,BESTEFFORT,COMPLETED,m2-1,32.4,"{'m1-1': 99.68, 'm2-1': 0.97, 'm3-1': 0.95, 'm4-1': 10.55, 'm5-1': 25.37, 'm6-1': 0.97, 'm7-1': 94.53, 'm8-1': 98.69}",1.455,94.721,95.691,inf,142.4,142.4
321,T6,BESTEFFORT,COMPLETED,m3-1,32.401,"{'m1-1': 105.87, 'm2-1': 0.95, 'm3-1': 1.09, 'm4-1': 10.89, 'm5-1': 24.22, 'm6-1': 1.06, 'm7-1': 106.72, 'm8-1': 94.28}",1.6350000000000002,110.52000000000001,111.61000000000001,inf,142.401,142.401
322,T7,BESTEFFORT,COMPLETED,m2-1,32.492,"{'m1-1': 102.2, 'm2-1': 1.1, 'm3-1': 1.06, 'm4-1': 10.35, 'm5-1': 25.24, 'm6-1': 1.06, 'm7-1': 111.6, 'm8-1': 100.81}",1.6500000000000001,95.691,96.791,inf,142.492,142.492
323,T4,BESTEFFORT,COMPLETED,m2-1,32.55,"{'m1-1': 112.29, 'm2-1': 1.0, 'm3-1': 1.12, 'm4-1': 10.96, 'm5-1': 28.24, 'm6-1': 1.04, 'm7-1': 101.29, 'm8-1': 102.86}",1.5,96.791,97.791,inf,142.55,142.55
324,T5,BESTEFFORT,COMPLETED,m3-1,32.587,"{'m1-1': 100.05, 'm2-1': 0.96, 'm3-1': 1.04, 'm4-1': 9.9, 'm5-1': 26.03, 'm6-1': 1.01, 'm7-1': 117.83, 'm8-1': 104.12}",1.56,111.61000000000001,112.65000000000002,inf,142.587,142.587
325,T4,BESTEFFORT,COMPLETED,m6-1,32.775,"{'m1-1': 115.33, 'm2-1': 1.13, 'm3-1': 1.07, 'm4-1': 11.05, 'm5-1': 27.51, 'm6-1': 1.05, 'm7-1': 115.81, 'm8-1': 100.57}",1.5750000000000002,129.05400000000003,130.10400000000004,inf,142.775,142.775
326,T8,BESTEFFORT,COMPLETED,m6-1,32.79,"{'m1-1': 114.71, 'm2-1': 1.05, 'm3-1': 1.1, 'm4-1': 11.11, 'm5-1': 25.25, 'm6-1': 0.93, 'm7-1': 99.52, 'm8-1': 96.91}",1.395,130.10400000000004,131.03400000000005,inf,142.79,142.79
327,T9,BESTEFFORT,COMPLETED,m3-1,32.956,"{'m1-1': 109.63, 'm2-1': 1.02, 'm3-1': 1.11, 'm4-1': 10.63, 'm5-1': 25.04, 'm6-1': 0.99, 'm7-1': 100.3, 'm8-1': 112.55}",1.665,112.65000000000002,113.76000000000002,inf,142.95600000000002,142.95600000000002
328,T7,BESTEFFORT,COMPLETED,m3-1,33.452,"{'m1-1': 114.61, 'm2-1': 1.0, 'm3-1': 1.06, 'm4-1': 9.63, 'm5-1': 27.13, 'm6-1': 1.04, 'm7-1': 97.44, 'm8-1': 109.35}",1.59,113.76000000000002,114.82000000000002,inf,143.452,143.452
329,T7,BESTEFFORT,COMPLETED,m6-1,33.461,"{'m1-1': 106.55, 'm2-1': 1.02, 'm3-1': 1.09, 'm4-1': 10.18, 'm5-1': 24.79, 'm6-1': 1.12, 'm7-1': 111.18, 'm8-1': 108.4}",1.6800000000000002,131.03400000000005,132.15400000000005,inf,143.461,143.461
330,T8,BESTEFFORT,COMPLETED,m2-1,33.522,"{'m1-1': 116.48, 'm2-1': 1.08, 'm3-1': 1.0, 'm4-1': 11.53, 'm5-1': 26.21, 'm6-1': 1.08, 'm7-1': 104.96, 'm8-1': 106.24}",1.62,97.791,98.871,inf,143.522,143.522
331,T9,BESTEFFORT,COMPLETED,m2-1,33.549,"{'m1-1': 111.61, 'm2-1': 1.07, 'm3-1': 1.01, 'm4-1': 10.64, 'm5-1': 27.61, 'm6-1': 1.05, 'm7-1': 94.59, 'm8-1': 113.08}",1.605,98.871,99.94099999999999,inf,143.549,143.549
332,T10,BESTEFFORT,COMPLETED,m6-1,33.697,"{'m1-1': 113.2, 'm2-1': 1.03, 'm3-1': 1.02, 'm4-1': 10.97, 'm5-1': 25.46, 'm6-1': 1.06, 'm7-1': 103.44, 'm8-1': 94.18}",1.59,132.15400000000005,133.21400000000006,inf,143.697,143.697
333,T10,BESTEFFORT,COMPLETED,m3-1,33.729,"{'m1-1': 110.8, 'm2-1': 1.1, 'm3-1': 1.07, 'm4-1': 10.24, 'm5-1': 26.62, 'm6-1': 1.06, 'm7-1': 103.02, 'm8-1': 103.34}",1.605,114.82000000000002,115.89000000000001,inf,143.72899999999998,143.72899999999998
334,T10,BESTEFFORT,COMPLETED,m3-1,33.76,"{'m1-1': 114.22, 'm2-1': 1.04, 'm3-1': 1.08, 'm4-1': 9.89, 'm5-1': 24.34, 'm6-1': 0.97, 'm7-1': 94.66, 'm8-1': 107.45}",1.62,115.89000000000001,116.97000000000001,inf,143.76,143.76
335,T4,BESTEFFORT,COMPLETED,m6-1,34.001,"{'m1-1': 104.01, 'm2-1': 1.14, 'm3-1': 1.0, 'm4-1': 10.92, 'm5-1': 26.11, 'm6-1': 1.08, 'm7-1': 103.63, 'm8-1': 97.65}",1.62,133.21400000000006,134.29400000000007,inf,144.001,144.001
336,T8,BESTEFFORT,COMPLETED,m3-1,34.098,"{'m1-1': 112.35, 'm2-1': 0.97, 'm3-1': 1.06, 'm4-1': 10.26, 'm5-1': 26.99, 'm6-1': 1.08, 'm7-1': 95.38, 'm8-1': 111.57}",1.59,116.97000000000001,118.03000000000002,inf,144.098,144.098
337,T2,BESTEFFORT,COMPLETED,m2-1,34.233,"{'m1-1': 112.54, 'm2-1': 1.1, 'm3-1': 1.06, 'm4-1': 10.0, 'm5-1': 26.15, 'm6-1': 1.14, 'm7-1': 116.88, 'm8-1': 101.09}",1.6500000000000001,99.94099999999999,101.04099999999998,inf,144.233,144.233
338,T1,BESTEFFORT,COMPLETED,m6-1,34.491,"{'m1-1': 100.98, 'm2-1': 1.05, 'm3-1': 1.18, 'm4-1': 11.24, 'm5-1': 24.25, 'm6-1': 1.04, 'm7-1': 98.73, 'm8-1': 116.36}",1.56,134.29400000000007,135.33400000000006,inf,144.49099999999999,144.49099999999999
339,T1,BESTEFFORT,COMPLETED,m6-1,34.525,"{'m1-1': 109.64, 'm2-1': 1.09, 'm3-1': 1.08, 'm4-1': 10.37, 'm5-1': 27.8, 'm6-1': 0.93, 'm7-1': 95.05, 'm8-1': 103.98}",1.395,135.33400000000006,136.26400000000007,inf,144.525,144.525
340,T5,BESTEFFORT,COMPLETED,m6-1,34.721,"{'m1-1': 110.67, 'm2-1': 0.97, 'm3-1': 0.97, 'm4-1': 9.72, 'm5-1': 27.78, 'm6-1': 0.98, 'm7-1': 111.5, 'm8-1': 97.53}",1.47,136.26400000000007,137.24400000000006,inf,144.721,144.721
341,T9,BESTEFFORT,COMPLETED,m2-1,34.863,"{'m1-1': 113.2, 'm2-1': 1.1, 'm3-1': 1.04, 'm4-1': 9.23, 'm5-1': 27.09, 'm6-1': 1.12, 'm7-1': 95.1, 'm8-1': 106.7}",1.6500000000000001,101.04099999999998,102.14099999999998,inf,144.863,144.863
342,T10,BESTEFFORT,COMPLETED,m3-1,34.887,"{'m1-1': 103.78, 'm2-1': 1.12, 'm3-1': 1.0, 'm4-1': 10.88, 'm5-1': 25.02, 'm6-1': 1.07, 'm7-1': 105.09, 'm8-1': 99.38}",1.5,118.03000000000002,119.03000000000002,inf,144.887,144.887
343,T4,BESTEFFORT,COMPLETED,m2-1,34.889,"{'m1-1': 109.25, 'm2-1': 1.12, 'm3-1': 1.08, 'm4-1': 11.35, 'm5-1': 26.7, 'm6-1': 0.99, 'm7-1': 98.5, 'm8-1': 93.81}",1.6800000000000002,102.14099999999998,103.26099999999998,inf,144.889,144.889
344,T4,BESTEFFORT,COMPLETED,m6-1,35.017,"{'m1-1': 110.44, 'm2-1': 1.01, 'm3-1': 1.14, 'm4-1': 10.4, 'm5-1': 28.45, 'm6-1': 1.16, 'm7-1': 114.41, 'm8-1': 97.92}",1.7399999999999998,137.24400000000006,138.40400000000005,inf,145.017,145.017
345,T10,BESTEFFORT,COMPLETED,m2-1,35.032,"{'m1-1': 98.7, 'm2-1': 1.09, 'm3-1': 1.08, 'm4-1': 10.24, 'm5-1': 25.78, 'm6-1': 1.0, 'm7-1': 95.78, 'm8-1': 108.99}",1.6350000000000002,103.26099999999998,104.35099999999998,inf,145.03199999999998,145.03199999999998
346,T4,BESTEFFORT,COMPLETED,m3-1,35.162,"{'m1-1': 113.41, 'm2-1': 1.14, 'm3-1': 1.01, 'm4-1': 11.69, 'm5-1': 26.93, 'm6-1': 1.11, 'm7-1': 110.63, 'm8-1': 104.89}",1.5150000000000001,119.03000000000002,120.04000000000002,inf,145.162,145.162
347,T9,BESTEFFORT,COMPLETED,m3-1,35.175,"{'m1-1': 106.28, 'm2-1': 0.95, 'm3-1': 0.99, 'm4-1': 9.36, 'm5-1': 28.0, 'm6-1': 1.05, 'm7-1': 105.38, 'm8-1': 100.51}",1.4849999999999999,120.04000000000002,121.03000000000002,inf,145.175,145.175
348,T5,BESTEFFORT,COMPLETED,m6-1,35.195,"{'m1-1': 109.06, 'm2-1': 1.13, 'm3-1': 1.15, 'm4-1': 11.01, 'm5-1': 24.37, 'm6-1': 1.05, 'm7-1': 105.81, 'm8-1': 98.6}",1.5750000000000002,138.40400000000005,139.45400000000006,inf,145.195,145.195
349,T2,BESTEFFORT,COMPLETED,m3-1,35.305,"{'m1-1': 110.9, 'm2-1': 1.03, 'm3-1': 1.05, 'm4-1': 10.72, 'm5-1': 25.05, 'm6-1': 1.07, 'm7-1': 112.52, 'm8-1': 106.0}",1.5750000000000002,121.03000000000002,122.08000000000001,inf,145.305,145.305
350,T5,BESTEFFORT,COMPLETED,m3-1,35.382,"{'m1-1': 98.65, 'm2-1': 1.01, 'm3-1': 1.13, 'm4-1': 11.08, 'm5-1': 26.49, 'm6-1': 1.06, 'm7-1': 118.93, 'm8-1': 105.47}",1.6949999999999998,122.08000000000001,123.21000000000001,inf,145.382,145.382
351,T7,BESTEFFORT,COMPLETED,m3-1,35.445,"{'m1-1': 111.72, 'm2-1': 1.04, 'm3-1': 0.96, 'm4-1': 11.01, 'm5-1': 25.85, 'm6-1': 1.16, 'm7-1': 98.41, 'm8-1': 107.9}",1.44,123.21000000000001,124.17,inf,145.445,145.445
352,T10,BESTEFFORT,COMPLETED,m2-1,35.449,"{'m1-1': 97.54, 'm2-1': 1.14, 'm3-1': 0.99, 'm4-1': 10.87, 'm5-1': 28.14, 'm6-1': 1.14, 'm7-1': 97.04, 'm8-1': 97.76}",1.71,104.35099999999998,105.49099999999999,inf,145.449,145.449
353,T3,BESTEFFORT,COMPLETED,m6-1,35.707,"{'m1-1': 115.01, 'm2-1': 1.06, 'm3-1': 1.03, 'm4-1': 10.11, 'm5-1': 26.73, 'm6-1': 1.12, 'm7-1': 113.14, 'm8-1': 103.24}",1.6800000000000002,139.45400000000006,140.57400000000007,inf,145.707,145.707
354,T4,BESTEFFORT,COMPLETED,m3-1,35.738,"{'m1-1': 112.07, 'm2-1': 1.08, 'm3-1': 1.0, 'm4-1': 11.88, 'm5-1': 24.55, 'm6-1': 1.08, 'm7-1': 102.95, 'm8-1': 94.36}",1.5,124.17,125.17,inf,145.738,145.738
355,T4,BESTEFFORT,COMPLETED,m6-1,35.813,"{'m1-1': 113.52, 'm2-1': 1.07, 'm3-1': 1.08, 'm4-1': 11.62, 'm5-1': 24.39, 'm6-1': 1.16, 'm7-1': 109.37, 'm8-1': 109.4}",1.7399999999999998,140.57400000000007,141.73400000000007,inf,145.813,145.813
356,T7,BESTEFFORT,COMPLETED,m2-1,35.908,"{'m1-1': 110.34, 'm2-1': 1.0, 'm3-1': 1.1, 'm4-1': 10.96, 'm5-1': 23.95, 'm6-1': 1.01, 'm7-1': 110.8, 'm8-1': 106.76}",1.5,105.49099999999999,106.49099999999999,inf,145.90800000000002,145.90800000000002
357,T9,BESTEFFORT,COMPLETED,m2-1,36.021,"{'m1-1': 106.73, 'm2-1': 1.06, 'm3-1': 1.02, 'm4-1': 10.24, 'm5-1': 26.78, 'm6-1': 1.01, 'm7-1': 103.49, 'm8-1': 106.3}",1.59,106.49099999999999,107.55099999999999,inf,146.02100000000002,146.02100000000002
358,T4,BESTEFFORT,COMPLETED,m2-1,36.055,"{'m1-1': 107.28, 'm2-1': 1.16, 'm3-1': 1.14, 'm4-1': 10.23, 'm5-1': 26.31, 'm6-1': 1.01, 'm7-1': 99.96, 'm8-1': 107.39}",1.7399999999999998,107.55099999999999,108.71099999999998,inf,146.055,146.055
359,T3,BESTEFFORT,COMPLETED,m2-1,36.081,"{'m1-1': 100.55, 'm2-1': 1.12, 'm3-1': 1.16, 'm4-1': 10.48, 'm5-1': 26.01, 'm6-1': 1.01, 'm7-1': 108.6, 'm8-1': 101.41}",1.6800000000000002,108.71099999999998,109.83099999999999,inf,146.08100000000002,146.08100000000002
360,T4,BESTEFFORT,COMPLETED,m2-1,36.11,"{'m1-1': 109.73, 'm2-1': 1.15, 'm3-1': 1.06, 'm4-1': 10.78, 'm5-1': 26.72, 'm6-1': 1.08, 'm7-1': 111.69, 'm8-1': 98.12}",1.7249999999999999,109.83099999999999,110.981,inf,146.11,146.11
361,T4,BESTEFFORT,COMPLETED,m3-1,36.319,"{'m1-1': 110.01, 'm2-1': 1.17, 'm3-1': 0.99, 'm4-1': 10.14, 'm5-1': 28.47, 'm6-1': 1.0, 'm7-1': 115.68, 'm8-1': 98.09}",1.4849999999999999,125.17,126.16,inf,146.31900000000002,146.31900000000002
362,T5,BESTEFFORT,COMPLETED,m2-1,36.367,"{'m1-1': 115.19, 'm2-1': 0.99, 'm3-1': 1.13, 'm4-1': 10.95, 'm5-1': 27.28, 'm6-1': 1.1, 'm7-1': 107.23, 'm8-1': 109.71}",1.4849999999999999,110.981,111.97099999999999,inf,146.367,146.367
363,T5,BESTEFFORT,COMPLETED,m2-1,36.401,"{'m1-1': 106.28, 'm2-1': 1.12, 'm3-1': 1.1, 'm4-1': 10.84, 'm5-1': 27.83, 'm6-1': 0.99, 'm7-1': 101.32, 'm8-1': 100.87}",1.6800000000000002,111.97099999999999,113.091,inf,146.401,146.401
364,T3,BESTEFFORT,COMPLETED,m6-1,36.473,"{'m1-1': 109.45, 'm2-1': 1.15, 'm3-1': 1.06, 'm4-1': 10.4, 'm5-1': 28.76, 'm6-1': 0.98, 'm7-1': 98.43, 'm8-1': 114.48}",1.47,141.73400000000007,142.71400000000006,inf,146.473,146.473
365,T1,BESTEFFORT,COMPLETED,m6-1,36.507,"{'m1-1': 114.25, 'm2-1': 1.05, 'm3-1': 1.0, 'm4-1': 11.16, 'm5-1': 25.7, 'm6-1': 1.09, 'm7-1': 104.5, 'm8-1': 103.91}",1.6350000000000002,142.71400000000006,143.80400000000006,inf,146.507,146.507
366,T8,BESTEFFORT,COMPLETED,m6-1,36.591,"{'m1-1': 102.17, 'm2-1': 1.13, 'm3-1': 1.06, 'm4-1': 11.28, 'm5-1': 27.56, 'm6-1': 0.97, 'm7-1': 102.09, 'm8-1': 97.06}",1.455,143.80400000000006,144.77400000000006,inf,146.591,146.591
367,T8,BESTEFFORT,COMPLETED,m6-1,36.811,"{'m1-1': 99.97, 'm2-1': 1.06, 'm3-1': 1.03, 'm4-1': 10.58, 'm5-1': 28.37, 'm6-1': 1.02, 'm7-1': 103.62, 'm8-1': 106.1}",1.53,144.77400000000006,145.79400000000007,inf,146.811,146.811
368,T4,BESTEFFORT,COMPLETED,m6-1,37.234,"{'m1-1': 108.69, 'm2-1': 1.04, 'm3-1': 0.97, 'm4-1': 11.69, 'm5-1': 26.12, 'm6-1': 1.02, 'm7-1': 110.17, 'm8-1': 99.02}",1.53,145.79400000000007,146.81400000000008,inf,147.234,147.234
369,T3,BESTEFFORT,COMPLETED,m2-1,37.365,"{'m1-1': 103.22, 'm2-1': 1.08, 'm3-1': 1.02, 'm4-1': 11.19, 'm5-1': 28.72, 'm6-1': 1.08, 'm7-1': 110.19, 'm8-1': 111.18}",1.62,113.091,114.17099999999999,inf,147.365,147.365
370,T2,BESTEFFORT,COMPLETED,m2-1,37.386,"{'m1-1': 99.29, 'm2-1': 0.96, 'm3-1': 1.01, 'm4-1': 10.45, 'm5-1': 23.5, 'm6-1': 1.05, 'm7-1': 113.96, 'm8-1': 104.98}",1.44,114.17099999999999,115.13099999999999,inf,147.386,147.386
371,T9,BESTEFFORT,MISSED,m6-1,37.558,"{'m1-1': 110.38, 'm2-1': 1.01, 'm3-1': 0.95, 'm4-1': 10.07, 'm5-1': 24.12, 'm6-1': 1.02, 'm7-1': 108.27, 'm8-1': 111.47}",1.1159999999998718,146.81400000000008,inf,147.558,147.558,147.558
372,T9,BESTEFFORT,COMPLETED,m2-1,37.575,"{'m1-1': 115.8, 'm2-1': 0.96, 'm3-1': 1.08, 'm4-1': 10.37, 'm5-1': 26.79, 'm6-1': 1.08, 'm7-1': 93.46, 'm8-1': 113.36}",1.44,116.19099999999999,117.15099999999998,inf,147.575,147.575
373,T9,BESTEFFORT,COMPLETED,m2-1,37.575,"{'m1-1': 114.55, 'm2-1': 1.06, 'm3-1': 1.05, 'm4-1': 9.31, 'm5-1': 26.37, 'm6-1': 1.07, 'm7-1': 99.26, 'm8-1': 111.23}",1.59,115.13099999999999,116.19099999999999,inf,147.575,147.575
374,T2,BESTEFFORT,COMPLETED,m3-1,37.901,"{'m1-1': 99.12, 'm2-1': 1.05, 'm3-1': 1.1, 'm4-1': 10.26, 'm5-1': 25.59, 'm6-1': 1.16, 'm7-1': 103.02, 'm8-1': 104.16}",1.6500000000000001,126.16,127.25999999999999,inf,147.901,147.901
375,T6,BESTEFFORT,MISSED,m6-1,37.968,"{'m1-1': 100.21, 'm2-1': 0.99, 'm3-1': 1.03, 'm4-1': 11.67, 'm5-1': 27.7, 'm6-1': 1.03, 'm7-1': 111.46, 'm8-1': 102.43}",0.6150000000000375,147.558,inf,147.96800000000002,147.96800000000002,147.96800000000002
376,T8,BESTEFFORT,MISSED,m6-1,38.21,"{'m1-1': 116.36, 'm2-1': 0.96, 'm3-1': 1.12, 'm4-1': 10.5, 'm5-1': 28.56, 'm6-1': 0.94, 'm7-1': 99.87, 'm8-1': 96.74}",0.36299999999998533,147.96800000000002,inf,148.21,148.21,148.21
377,T9,BESTEFFORT,COMPLETED,m3-1,38.29,"{'m1-1': 99.31, 'm2-1': 1.01, 'm3-1': 1.1, 'm4-1': 9.49, 'm5-1': 28.13, 'm6-1': 1.07, 'm7-1': 100.24, 'm8-1': 113.98}",1.6500000000000001,127.25999999999999,128.35999999999999,inf,148.29,148.29
378,T8,BESTEFFORT,MISSED,m6-1,38.31,"{'m1-1': 108.05, 'm2-1': 1.0, 'm3-1': 1.14, 'm4-1': 9.94, 'm5-1': 25.23, 'm6-1': 1.04, 'm7-1': 105.56, 'm8-1': 97.98}",0.14999999999999147,148.21,inf,148.31,148.31,148.31
379,T3,BESTEFFORT,MISSED,m6-1,38.544,"{'m1-1': 116.16, 'm2-1': 1.09, 'm3-1': 1.15, 'm4-1': 10.43, 'm5-1': 24.86, 'm6-1': 1.11, 'm7-1': 105.09, 'm8-1': 113.0}",0.35099999999997067,148.31,inf,148.54399999999998,148.54399999999998,148.54399999999998
380,T7,BESTEFFORT,COMPLETED,m2-1,38.787,"{'m1-1': 108.49, 'm2-1': 1.1, 'm3-1': 1.02, 'm4-1': 10.91, 'm5-1': 24.8, 'm6-1': 1.15, 'm7-1': 108.05, 'm8-1': 97.12}",1.6500000000000001,117.15099999999998,118.25099999999998,inf,148.787,148.787
381,T5,BESTEFFORT,MISSED,m6-1,38.816,"{'m1-1': 111.88, 'm2-1': 0.96, 'm3-1': 1.08, 'm4-1': 10.39, 'm5-1': 24.64, 'm6-1': 1.06, 'm7-1': 100.33, 'm8-1': 99.92}",0.4080000000000297,148.54399999999998,inf,148.816,148.816,148.816
382,T9,BESTEFFORT,COMPLETED,m3-1,38.945,"{'m1-1': 114.96, 'm2-1': 1.06, 'm3-1': 1.11, 'm4-1': 10.22, 'm5-1': 24.97, 'm6-1': 1.0, 'm7-1': 106.15, 'm8-1': 106.41}",1.665,128.35999999999999,129.47,inf,148.945,148.945
383,T9,BESTEFFORT,COMPLETED,m3-1,39.012,"{'m1-1': 109.42, 'm2-1': 1.08, 'm3-1': 0.96, 'm4-1': 10.71, 'm5-1': 27.04, 'm6-1': 1.0, 'm7-1': 100.92, 'm8-1': 103.32}",1.44,129.47,130.43,inf,149.012,149.012
384,T6,BESTEFFORT,MISSED,m6-1,39.084,"{'m1-1': 99.33, 'm2-1': 1.12, 'm3-1': 1.09, 'm4-1': 10.6, 'm5-1': 28.02, 'm6-1': 1.08, 'm7-1': 110.37, 'm8-1': 99.21}",0.402000000000001,148.816,inf,149.084,149.084,149.084
385,T5,BESTEFFORT,MISSED,m6-1,39.12,"{'m1-1': 100.4, 'm2-1': 0.97, 'm3-1': 1.11, 'm4-1': 10.98, 'm5-1': 25.39, 'm6-1': 1.07, 'm7-1': 118.54, 'm8-1': 102.9}",0.054000000000002046,149.084,inf,149.12,149.12,149.12
386,T1,BESTEFFORT,MISSED,m6-1,39.189,"{'m1-1': 115.6, 'm2-1': 1.16, 'm3-1': 1.07, 'm4-1': 9.51, 'm5-1': 27.96, 'm6-1': 1.01, 'm7-1': 94.1, 'm8-1': 113.4}",0.1034999999999826,149.12,inf,149.189,149.189,149.189
387,T9,BESTEFFORT,MISSED,m6-1,39.208,"{'m1-1': 112.42, 'm2-1': 1.01, 'm3-1': 1.02, 'm4-1': 10.34, 'm5-1': 24.24, 'm6-1': 1.03, 'm7-1': 94.56, 'm8-1': 107.9}",0.028500000000008185,149.189,inf,149.208,149.208,149.208
388,T8,BESTEFFORT,MISSED,m6-1,39.286,"{'m1-1': 110.22, 'm2-1': 1.05, 'm3-1': 1.15, 'm4-1': 10.31, 'm5-1': 28.59, 'm6-1': 1.08, 'm7-1': 101.73, 'm8-1': 95.3}",0.11700000000000443,149.208,inf,149.286,149.286,149.286
389,T6,BESTEFFORT,MISSED,m6-1,39.486,"{'m1-1': 94.75, 'm2-1': 0.98, 'm3-1': 0.96, 'm4-1': 11.51, 'm5-1': 24.18, 'm6-1': 0.94, 'm7-1': 103.62, 'm8-1': 106.78}",0.29999999999998295,149.286,inf,149.486,149.486,149.486
390,T1,BESTEFFORT,COMPLETED,m2-1,39.534,"{'m1-1': 99.92, 'm2-1': 1.11, 'm3-1': 1.1, 'm4-1': 10.98, 'm5-1': 25.57, 'm6-1': 1.1, 'm7-1': 108.81, 'm8-1': 114.38}",1.665,118.25099999999998,119.36099999999998,inf,149.534,149.534
391,T8,BESTEFFORT,MISSED,m6-1,39.666,"{'m1-1': 100.85, 'm2-1': 1.11, 'm3-1': 1.16, 'm4-1': 10.19, 'm5-1': 27.69, 'm6-1': 0.92, 'm7-1': 97.94, 'm8-1': 95.73}",0.27000000000001023,149.486,inf,149.666,149.666,149.666
392,T8,BESTEFFORT,MISSED,m6-1,39.786,"{'m1-1': 109.1, 'm2-1': 1.01, 'm3-1': 1.15, 'm4-1': 10.57, 'm5-1': 27.96, 'm6-1': 0.96, 'm7-1': 110.47, 'm8-1': 112.04}",0.18000000000000682,149.666,inf,149.786,149.786,149.786
393,T10,BESTEFFORT,COMPLETED,m3-1,39.974,"{'m1-1': 101.17, 'm2-1': 1.02, 'm3-1': 0.94, 'm4-1': 10.45, 'm5-1': 28.39, 'm6-1': 1.01, 'm7-1': 98.19, 'm8-1': 107.68}",1.41,130.43,131.37,inf,149.974,149.974
394,T8,BESTEFFORT,MISSED,m6-1,40.024,"{'m1-1': 99.52, 'm2-1': 1.04, 'm3-1': 1.12, 'm4-1': 11.36, 'm5-1': 27.15, 'm6-1': 1.08, 'm7-1': 100.84, 'm8-1': 107.16}",0.3569999999999993,149.786,inf,150.024,150.024,150.024
395,T8,BESTEFFORT,MISSED,m6-1,40.241,"{'m1-1': 104.6, 'm2-1': 1.09, 'm3-1': 1.14, 'm4-1': 10.3, 'm5-1': 26.67, 'm6-1': 0.98, 'm7-1': 111.94, 'm8-1': 107.17}",0.3254999999999768,150.024,inf,150.24099999999999,150.24099999999999,150.24099999999999
396,T1,BESTEFFORT,MISSED,m6-1,40.266,"{'m1-1': 102.5, 'm2-1': 1.14, 'm3-1': 1.04, 'm4-1': 10.65, 'm5-1': 27.3, 'm6-1': 0.98, 'm7-1': 109.47, 'm8-1': 103.18}",0.037500000000008527,150.24099999999999,inf,150.266,150.266,150.266
397,T4,BESTEFFORT,COMPLETED,m2-1,40.312,"{'m1-1': 111.13, 'm2-1': 1.01, 'm3-1': 1.0, 'm4-1': 11.82, 'm5-1': 27.12, 'm6-1': 1.06, 'm7-1': 102.08, 'm8-1': 104.93}",1.5150000000000001,119.36099999999998,120.37099999999998,inf,150.312,150.312
398,T5,BESTEFFORT,MISSED,m6-1,40.633,"{'m1-1': 105.28, 'm2-1': 0.98, 'm3-1': 1.05, 'm4-1': 9.4, 'm5-1': 27.33, 'm6-1': 0.96, 'm7-1': 101.29, 'm8-1': 104.36}",0.550500000000028,150.266,inf,150.633,150.633,150.633
399,T6,BESTEFFORT,MISSED,m6-1,40.85,"{'m1-1': 105.7, 'm2-1': 1.11, 'm3-1': 1.11, 'm4-1': 10.34, 'm5-1': 23.98, 'm6-1': 1.06, 'm7-1': 115.66, 'm8-1': 107.66}",0.3254999999999768,150.633,inf,150.85,150.85,150.85
400,T5,BESTEFFORT,MISSED,m6-1,40.905,"{'m1-1': 107.35, 'm2-1': 1.04, 'm3-1': 1.09, 'm4-1': 10.14, 'm5-1': 26.96, 'm6-1': 0.96, 'm7-1': 113.89, 'm8-1': 103.67}",0.08250000000001023,150.85,inf,150.905,150.905,150.905
401,T9,BESTEFFORT,MISSED,m6-1,40.972,"{'m1-1': 111.65, 'm2-1': 1.04, 'm3-1': 1.02, 'm4-1': 9.64, 'm5-1': 27.47, 'm6-1': 1.06, 'm7-1': 105.22, 'm8-1': 101.49}",0.10050000000001091,150.905,inf,150.972,150.972,150.972
402,T2,BESTEFFORT,COMPLETED,m2-1,41.35,"{'m1-1': 115.92, 'm2-1': 1.0, 'm3-1': 1.09, 'm4-1': 9.55, 'm5-1': 24.97, 'm6-1': 1.17, 'm7-1': 117.96, 'm8-1': 114.42}",1.5,120.37099999999998,121.37099999999998,inf,151.35,151.35
403,T8,BESTEFFORT,COMPLETED,m3-1,41.355,"{'m1-1': 105.23, 'm2-1': 1.05, 'm3-1': 1.08, 'm4-1': 10.27, 'm5-1': 26.49, 'm6-1': 1.06, 'm7-1': 110.03, 'm8-1': 94.91}",1.62,131.37,132.45000000000002,inf,151.355,151.355
404,T6,BESTEFFORT,MISSED,m6-1,41.383,"{'m1-1': 100.02, 'm2-1': 1.1, 'm3-1': 1.0, 'm4-1': 11.1, 'm5-1': 27.84, 'm6-1': 0.96, 'm7-1': 111.15, 'm8-1': 111.4}",0.616500000000002,150.972,inf,151.383,151.383,151.383
405,T9,BESTEFFORT,MISSED,m6-1,41.451,"{'m1-1': 101.11, 'm2-1': 0.94, 'm3-1': 1.06, 'm4-1': 9.79, 'm5-1': 26.45, 'm6-1': 1.03, 'm7-1': 103.19, 'm8-1': 99.05}",0.10199999999997544,151.383,inf,151.451,151.451,151.451
406,T5,BESTEFFORT,MISSED,m6-1,41.545,"{'m1-1': 109.4, 'm2-1': 0.99, 'm3-1': 1.0, 'm4-1': 10.75, 'm5-1': 25.45, 'm6-1': 1.03, 'm7-1': 109.66, 'm8-1': 97.42}",0.14100000000003376,151.451,inf,151.54500000000002,151.54500000000002,151.54500000000002
407,T6,BESTEFFORT,MISSED,m6-1,41.584,"{'m1-1': 104.18, 'm2-1': 0.98, 'm3-1': 1.1, 'm4-1': 9.99, 'm5-1': 25.67, 'm6-1': 0.96, 'm7-1': 100.8, 'm8-1': 108.14}",0.0584999999999809,151.54500000000002,inf,151.584,151.584,151.584
408,T9,BESTEFFORT,COMPLETED,m3-1,41.64,"{'m1-1': 115.66, 'm2-1': 1.0, 'm3-1': 1.08, 'm4-1': 9.3, 'm5-1': 23.88, 'm6-1': 1.07, 'm7-1': 94.79, 'm8-1': 101.7}",1.62,132.45000000000002,133.53000000000003,inf,151.64,151.64
409,T6,BESTEFFORT,MISSED,m6-1,41.697,"{'m1-1': 98.86, 'm2-1': 0.96, 'm3-1': 1.04, 'm4-1': 11.76, 'm5-1': 28.38, 'm6-1': 1.08, 'm7-1': 116.68, 'm8-1': 96.99}",0.16949999999999932,151.584,inf,151.697,151.697,151.697
410,T3,BESTEFFORT,MISSED,m6-1,41.958,"{'m1-1': 107.53, 'm2-1': 1.17, 'm3-1': 0.99, 'm4-1': 11.18, 'm5-1': 26.46, 'm6-1': 1.02, 'm7-1': 100.64, 'm8-1': 106.56}",0.3914999999999935,151.697,inf,151.958,151.958,151.958
411,T7,BESTEFFORT,COMPLETED,m2-1,42.177,"{'m1-1': 113.59, 'm2-1': 1.11, 'm3-1': 0.94, 'm4-1': 11.01, 'm5-1': 27.49, 'm6-1': 1.07, 'm7-1': 113.56, 'm8-1': 108.53}",1.665,121.37099999999998,122.48099999999998,inf,152.177,152.177
412,T10,BESTEFFORT,COMPLETED,m3-1,42.228,"{'m1-1': 97.84, 'm2-1': 1.03, 'm3-1': 0.98, 'm4-1': 10.81, 'm5-1': 25.98, 'm6-1': 0.99, 'm7-1': 102.54, 'm8-1': 98.14}",1.47,133.53000000000003,134.51000000000002,inf,152.228,152.228
413,T4,BESTEFFORT,COMPLETED,m3-1,42.231,"{'m1-1': 100.14, 'm2-1': 1.1, 'm3-1': 1.07, 'm4-1': 10.55, 'm5-1': 28.19, 'm6-1': 1.17, 'm7-1': 106.53, 'm8-1': 104.84}",1.605,134.51000000000002,135.58,inf,152.231,152.231
414,T4,BESTEFFORT,COMPLETED,m3-1,42.316,"{'m1-1': 114.96, 'm2-1': 1.17, 'm3-1': 1.01, 'm4-1': 11.18, 'm5-1': 24.88, 'm6-1': 1.09, 'm7-1': 108.57, 'm8-1': 108.68}",1.5150000000000001,135.58,136.59,inf,152.316,152.316
415,T1,BESTEFFORT,MISSED,m6-1,42.362,"{'m1-1': 107.8, 'm2-1': 1.17, 'm3-1': 1.14, 'm4-1': 11.19, 'm5-1': 24.14, 'm6-1': 1.03, 'm7-1': 99.37, 'm8-1': 107.99}",0.6059999999999945,151.958,inf,152.362,152.362,152.362
416,T7,BESTEFFORT,COMPLETED,m3-1,42.393,"{'m1-1': 103.06, 'm2-1': 1.01, 'm3-1': 0.94, 'm4-1': 11.0, 'm5-1': 23.97, 'm6-1': 1.05, 'm7-1': 100.31, 'm8-1': 107.43}",1.41,136.59,137.53,inf,152.393,152.393
417,T8,BESTEFFORT,MISSED,m6-1,42.416,"{'m1-1': 109.4, 'm2-1': 0.99, 'm3-1': 1.14, 'm4-1': 11.39, 'm5-1': 26.92, 'm6-1': 0.94, 'm7-1': 100.96, 'm8-1': 99.29}",0.08100000000000307,152.362,inf,152.416,152.416,152.416
418,T6,BESTEFFORT,MISSED,m6-1,42.746,"{'m1-1': 97.94, 'm2-1': 1.06, 'm3-1': 1.13, 'm4-1': 10.69, 'm5-1': 26.99, 'm6-1': 0.98, 'm7-1': 108.62, 'm8-1': 94.0}",0.49500000000001876,152.416,inf,152.746,152.746,152.746
419,T10,BESTEFFORT,COMPLETED,m3-1,42.808,"{'m1-1': 113.86, 'm2-1': 1.05, 'm3-1': 0.99, 'm4-1': 11.36, 'm5-1': 27.02, 'm6-1': 1.08, 'm7-1': 106.08, 'm8-1': 102.62}",1.4849999999999999,137.53,138.52,inf,152.808,152.808
420,T10,BESTEFFORT,MISSED,m6-1,42.813,"{'m1-1': 110.59, 'm2-1': 1.02, 'm3-1': 0.94, 'm4-1': 10.26, 'm5-1': 28.18, 'm6-1': 1.05, 'm7-1': 94.23, 'm8-1': 106.52}",0.10049999999996828,152.746,inf,152.813,152.813,152.813
421,T4,BESTEFFORT,MISSED,m6-1,42.926,"{'m1-1': 106.11, 'm2-1': 1.02, 'm3-1': 1.13, 'm4-1': 11.01, 'm5-1': 26.07, 'm6-1': 1.17, 'm7-1': 100.88, 'm8-1': 100.29}",0.16949999999999932,152.813,inf,152.926,152.926,152.926
422,T8,BESTEFFORT,MISSED,m6-1,42.971,"{'m1-1': 107.9, 'm2-1': 1.12, 'm3-1': 0.98, 'm4-1': 11.2, 'm5-1': 25.62, 'm6-1': 1.0, 'm7-1': 103.15, 'm8-1': 101.32}",0.06750000000002387,152.926,inf,152.971,152.971,152.971
423,T8,BESTEFFORT,MISSED,m6-1,43.113,"{'m1-1': 99.74, 'm2-1': 1.01, 'm3-1': 1.13, 'm4-1': 11.68, 'm5-1': 27.85, 'm6-1': 0.96, 'm7-1': 96.21, 'm8-1': 110.28}",0.21299999999999386,152.971,inf,153.113,153.113,153.113
424,T5,BESTEFFORT,COMPLETED,m2-1,43.118,"{'m1-1': 101.54, 'm2-1': 1.07, 'm3-1': 0.99, 'm4-1': 10.08, 'm5-1': 24.78, 'm6-1': 1.1, 'm7-1': 102.04, 'm8-1': 100.18}",1.605,122.48099999999998,123.55099999999997,inf,153.118,153.118
425,T8,BESTEFFORT,COMPLETED,m3-1,43.178,"{'m1-1': 114.46, 'm2-1': 1.05, 'm3-1': 0.99, 'm4-1': 10.06, 'm5-1': 28.29, 'm6-1': 1.04, 'm7-1': 106.4, 'm8-1': 97.21}",1.4849999999999999,138.52,139.51000000000002,inf,153.178,153.178
426,T6,BESTEFFORT,COMPLETED,m2-1,43.219,"{'m1-1': 109.68, 'm2-1': 1.08, 'm3-1': 0.97, 'm4-1': 11.41, 'm5-1': 27.44, 'm6-1': 0.98, 'm7-1': 104.67, 'm8-1': 94.73}",1.62,123.55099999999997,124.63099999999997,inf,153.219,153.219
427,T5,BESTEFFORT,COMPLETED,m2-1,43.329,"{'m1-1': 113.7, 'm2-1': 1.04, 'm3-1': 1.04, 'm4-1': 9.61, 'm5-1': 26.82, 'm6-1': 0.96, 'm7-1': 110.6, 'm8-1': 102.77}",1.56,124.63099999999997,125.67099999999998,inf,153.329,153.329
428,T10,BESTEFFORT,MISSED,m6-1,43.513,"{'m1-1': 103.36, 'm2-1': 1.03, 'm3-1': 1.06, 'm4-1': 11.42, 'm5-1': 27.52, 'm6-1': 1.11, 'm7-1': 104.28, 'm8-1': 94.29}",0.6000000000000085,153.113,inf,153.513,153.513,153.513
429,T6,BESTEFFORT,MISSED,m6-1,43.587,"{'m1-1': 96.67, 'm2-1': 1.08, 'm3-1': 1.0, 'm4-1': 11.47, 'm5-1': 24.38, 'm6-1': 1.04, 'm7-1': 103.1, 'm8-1': 111.39}",0.11099999999997578,153.513,inf,153.587,153.587,153.587
430,T2,BESTEFFORT,MISSED,m6-1,43.6,"{'m1-1': 112.03, 'm2-1': 1.08, 'm3-1': 1.09, 'm4-1': 10.05, 'm5-1': 26.44, 'm6-1': 1.08, 'm7-1': 101.37, 'm8-1': 105.31}",0.019500000000007844,153.587,inf,153.6,153.6,153.6
431,T2,BESTEFFORT,COMPLETED,m3-1,43.645,"{'m1-1': 103.24, 'm2-1': 1.11, 'm3-1': 1.12, 'm4-1': 10.63, 'm5-1': 25.39, 'm6-1': 1.05, 'm7-1': 102.2, 'm8-1': 106.38}",1.6800000000000002,139.51000000000002,140.63000000000002,inf,153.645,153.645
432,T1,BESTEFFORT,COMPLETED,m2-1,43.822,"{'m1-1': 109.95, 'm2-1': 1.06, 'm3-1': 1.12, 'm4-1': 10.91, 'm5-1': 26.1, 'm6-1': 1.02, 'm7-1': 92.71, 'm8-1': 102.33}",1.59,125.67099999999998,126.73099999999998,inf,153.822,153.822
433,T10,BESTEFFORT,COMPLETED,m2-1,43.909,"{'m1-1': 108.36, 'm2-1': 1.06, 'm3-1': 1.07, 'm4-1': 10.54, 'm5-1': 25.62, 'm6-1': 1.11, 'm7-1': 99.98, 'm8-1': 108.54}",1.59,126.73099999999998,127.79099999999998,inf,153.909,153.909
434,T10,BESTEFFORT,MISSED,m6-1,44.128,"{'m1-1': 103.57, 'm2-1': 1.17, 'm3-1': 1.03, 'm4-1': 11.42, 'm5-1': 28.29, 'm6-1': 1.11, 'm7-1': 96.24, 'm8-1': 96.68}",0.7919999999999874,153.6,inf,154.128,154.128,154.128
435,T9,BESTEFFORT,COMPLETED,m3-1,44.195,"{'m1-1': 102.33, 'm2-1': 1.05, 'm3-1': 1.05, 'm4-1': 10.07, 'm5-1': 26.55, 'm6-1': 0.95, 'm7-1': 107.34, 'm8-1': 111.22}",1.5750000000000002,140.63000000000002,141.68000000000004,inf,154.195,154.195
436,T7,BESTEFFORT,COMPLETED,m3-1,44.2,"{'m1-1': 107.07, 'm2-1': 1.11, 'm3-1': 1.11, 'm4-1': 10.17, 'm5-1': 27.33, 'm6-1': 1.04, 'm7-1': 105.98, 'm8-1': 108.23}",1.665,141.68000000000004,142.79000000000005,inf,154.2,154.2
437,T6,BESTEFFORT,MISSED,m6-1,44.223,"{'m1-1': 107.72, 'm2-1': 1.01, 'm3-1': 1.14, 'm4-1': 10.18, 'm5-1': 25.27, 'm6-1': 0.95, 'm7-1': 101.06, 'm8-1': 111.13}",0.14250000000004093,154.128,inf,154.223,154.223,154.223
438,T8,BESTEFFORT,MISSED,m6-1,44.278,"{'m1-1': 109.9, 'm2-1': 0.98, 'm3-1': 1.05, 'm4-1': 10.8, 'm5-1': 28.59, 'm6-1': 1.06, 'm7-1': 100.17, 'm8-1': 109.28}",0.0824999999999676,154.223,inf,154.278,154.278,154.278
439,T7,BESTEFFORT,COMPLETED,m3-1,44.447,"{'m1-1': 111.3, 'm2-1': 1.12, 'm3-1': 1.1, 'm4-1': 9.96, 'm5-1': 27.05, 'm6-1': 1.16, 'm7-1': 97.12, 'm8-1': 98.54}",1.6500000000000001,142.79000000000005,143.89000000000004,inf,154.447,154.447
440,T6,BESTEFFORT,MISSED,m6-1,44.593,"{'m1-1': 97.51, 'm2-1': 1.11, 'm3-1': 1.1, 'm4-1': 10.67, 'm5-1': 26.47, 'm6-1': 0.93, 'm7-1': 111.11, 'm8-1': 104.07}",0.4725000000000392,154.278,inf,154.59300000000002,154.59300000000002,154.59300000000002
441,T8,BESTEFFORT,MISSED,m6-1,44.601,"{'m1-1': 108.66, 'm2-1': 1.02, 'm3-1': 0.99, 'm4-1': 10.96, 'm5-1': 25.23, 'm6-1': 1.08, 'm7-1': 97.29, 'm8-1': 104.19}",0.011999999999972033,154.59300000000002,inf,154.601,154.601,154.601
442,T8,BESTEFFORT,MISSED,m6-1,44.635,"{'m1-1': 113.61, 'm2-1': 1.06, 'm3-1': 1.0, 'm4-1': 11.78, 'm5-1': 24.16, 'm6-1': 0.93, 'm7-1': 100.57, 'm8-1': 109.95}",0.05099999999998772,154.601,inf,154.635,154.635,154.635
443,T9,BESTEFFORT,COMPLETED,m3-1,44.697,"{'m1-1': 104.66, 'm2-1': 1.08, 'm3-1': 1.1, 'm4-1': 10.66, 'm5-1': 25.49, 'm6-1': 1.05, 'm7-1': 100.3, 'm8-1': 98.39}",1.6500000000000001,143.89000000000004,144.99000000000004,inf,154.697,154.697
444,T8,BESTEFFORT,COMPLETED,m3-1,44.712,"{'m1-1': 106.86, 'm2-1': 0.96, 'm3-1': 1.06, 'm4-1': 10.85, 'm5-1': 26.24, 'm6-1': 1.01, 'm7-1': 101.38, 'm8-1': 98.15}",1.59,144.99000000000004,146.05000000000004,inf,154.712,154.712
445,T4,BESTEFFORT,MISSED,m6-1,44.736,"{'m1-1': 101.25, 'm2-1': 1.18, 'm3-1': 1.03, 'm4-1': 10.94, 'm5-1': 27.14, 'm6-1': 1.02, 'm7-1': 104.94, 'm8-1': 105.93}",0.15149999999999864,154.635,inf,154.736,154.736,154.736
446,T10,BESTEFFORT,COMPLETED,m3-1,44.812,"{'m1-1': 113.1, 'm2-1': 1.14, 'm3-1': 0.98, 'm4-1': 10.62, 'm5-1': 25.03, 'm6-1': 1.03, 'm7-1': 108.89, 'm8-1': 109.72}",1.47,146.05000000000004,147.03000000000003,inf,154.812,154.812
447,T6,BESTEFFORT,COMPLETED,m3-1,45.292,"{'m1-1': 106.03, 'm2-1': 0.98, 'm3-1': 1.02, 'm4-1': 10.28, 'm5-1': 25.98, 'm6-1': 1.07, 'm7-1': 106.69, 'm8-1': 94.27}",1.53,147.03000000000003,148.05000000000004,inf,155.292,155.292
448,T6,BESTEFFORT,COMPLETED,m2-1,45.373,"{'m1-1': 111.48, 'm2-1': 1.09, 'm3-1': 1.03, 'm4-1': 10.73, 'm5-1': 26.76, 'm6-1': 1.02, 'm7-1': 111.02, 'm8-1': 107.52}",1.6350000000000002,127.79099999999998,128.88099999999997,inf,155.373,155.373
449,T7,BESTEFFORT,COMPLETED,m3-1,45.402,"{'m1-1': 102.47, 'm2-1': 1.1, 'm3-1': 1.1, 'm4-1': 9.96, 'm5-1': 24.32, 'm6-1': 1.04, 'm7-1': 104.22, 'm8-1': 106.47}",1.6500000000000001,148.05000000000004,149.15000000000003,inf,155.402,155.402
450,T1,BESTEFFORT,COMPLETED,m3-1,45.468,"{'m1-1': 102.42, 'm2-1': 1.1, 'm3-1': 1.04, 'm4-1': 9.59, 'm5-1': 27.16, 'm6-1': 1.06, 'm7-1': 97.11, 'm8-1': 118.17}",1.56,149.15000000000003,150.19000000000003,inf,155.46800000000002,155.46800000000002
451,T5,BESTEFFORT,MISSED,m6-1,45.47,"{'m1-1': 100.92, 'm2-1': 1.07, 'm3-1': 1.0, 'm4-1': 9.59, 'm5-1': 26.9, 'm6-1': 0.99, 'm7-1': 107.92, 'm8-1': 111.16}",1.1010000000000133,154.736,inf,155.47,155.47,155.47
452,T8,BESTEFFORT,MISSED,m6-1,45.487,"{'m1-1': 101.54, 'm2-1': 1.1, 'm3-1': 1.02, 'm4-1': 11.32, 'm5-1': 24.91, 'm6-1': 0.97, 'm7-1': 110.25, 'm8-1': 111.19}",0.02549999999999386,155.47,inf,155.487,155.487,155.487
453,T4,BESTEFFORT,COMPLETED,m3-1,45.563,"{'m1-1': 117.1, 'm2-1': 1.11, 'm3-1': 0.96, 'm4-1': 11.88, 'm5-1': 28.19, 'm6-1': 0.99, 'm7-1': 106.76, 'm8-1': 107.08}",1.44,150.19000000000003,151.15000000000003,inf,155.563,155.563
454,T8,BESTEFFORT,MISSED,m6-1,45.607,"{'m1-1': 113.25, 'm2-1': 1.05, 'm3-1': 1.1, 'm4-1': 10.93, 'm5-1': 26.58, 'm6-1': 1.03, 'm7-1': 101.99, 'm8-1': 105.41}",0.18000000000000682,155.487,inf,155.607,155.607,155.607
455,T3,BESTEFFORT,MISSED,m6-1,45.64,"{'m1-1': 102.23, 'm2-1': 1.02, 'm3-1': 1.06, 'm4-1': 10.6, 'm5-1': 27.66, 'm6-1': 1.04, 'm7-1': 110.44, 'm8-1': 98.38}",0.04949999999998056,155.607,inf,155.64,155.64,155.64
456,T5,BESTEFFORT,COMPLETED,m2-1,45.649,"{'m1-1': 102.63, 'm2-1': 1.01, 'm3-1': 1.01, 'm4-1': 10.32, 'm5-1': 27.23, 'm6-1': 0.99, 'm7-1': 113.22, 'm8-1': 100.21}",1.5150000000000001,128.88099999999997,129.89099999999996,inf,155.649,155.649
457,T1,BESTEFFORT,MISSED,m6-1,45.66,"{'m1-1': 115.66, 'm2-1': 1.03, 'm3-1': 1.01, 'm4-1': 10.67, 'm5-1': 26.54, 'm6-1': 1.01, 'm7-1': 98.89, 'm8-1': 108.63}",0.030000000000015348,155.64,inf,155.66,155.66,155.66
458,T10,BESTEFFORT,COMPLETED,m3-1,45.727,"{'m1-1': 111.45, 'm2-1': 1.01, 'm3-1': 0.96, 'm4-1': 11.19, 'm5-1': 28.47, 'm6-1': 1.1, 'm7-1': 107.75, 'm8-1': 101.1}",1.44,151.15000000000003,152.11000000000004,inf,155.727,155.727
459,T8,BESTEFFORT,MISSED,m6-1,45.745,"{'m1-1': 111.03, 'm2-1': 1.06, 'm3-1': 1.14, 'm4-1': 10.95, 'm5-1': 24.88, 'm6-1': 0.97, 'm7-1': 100.73, 'm8-1': 109.83}",0.12750000000001194,155.66,inf,155.745,155.745,155.745
460,T8,BESTEFFORT,COMPLETED,m2-1,45.934,"{'m1-1': 109.88, 'm2-1': 0.98, 'm3-1': 1.0, 'm4-1': 10.64, 'm5-1': 26.47, 'm6-1': 0.97, 'm7-1': 98.99, 'm8-1': 107.62}",1.47,129.89099999999996,130.87099999999995,inf,155.934,155.934
461,T3,BESTEFFORT,MISSED,m6-1,46.037,"{'m1-1': 110.03, 'm2-1': 1.08, 'm3-1': 1.04, 'm4-1': 11.07, 'm5-1': 24.24, 'm6-1': 1.07, 'm7-1': 108.0, 'm8-1': 116.37}",0.4380000000000024,155.745,inf,156.037,156.037,156.037
462,T4,BESTEFFORT,MISSED,m6-1,46.083,"{'m1-1': 105.69, 'm2-1': 1.16, 'm3-1': 1.03, 'm4-1': 11.33, 'm5-1': 24.98, 'm6-1': 1.15, 'm7-1': 103.47, 'm8-1': 106.3}",0.0689999999999884,156.037,inf,156.083,156.083,156.083
463,T4,BESTEFFORT,COMPLETED,m3-1,46.097,"{'m1-1': 103.17, 'm2-1': 1.02, 'm3-1': 1.11, 'm4-1': 10.88, 'm5-1': 26.27, 'm6-1': 1.14, 'm7-1': 101.85, 'm8-1': 98.29}",1.665,152.11000000000004,153.22000000000006,inf,156.097,156.097
464,T3,BESTEFFORT,MISSED,m6-1,46.169,"{'m1-1': 103.99, 'm2-1': 1.05, 'm3-1': 1.03, 'm4-1': 11.08, 'm5-1': 24.91, 'm6-1': 1.06, 'm7-1': 97.85, 'm8-1': 102.61}",0.12899999999997647,156.083,inf,156.16899999999998,156.16899999999998,156.16899999999998
465,T4,BESTEFFORT,COMPLETED,m3-1,46.351,"{'m1-1': 113.55, 'm2-1': 1.15, 'm3-1': 1.12, 'm4-1': 11.35, 'm5-1': 28.34, 'm6-1': 1.09, 'm7-1': 100.89, 'm8-1': 97.88}",1.6800000000000002,153.22000000000006,154.34000000000006,inf,156.351,156.351
466,T6,BESTEFFORT,COMPLETED,m2-1,46.358,"{'m1-1': 96.48, 'm2-1': 0.96, 'm3-1': 1.03, 'm4-1': 10.97, 'm5-1': 23.93, 'm6-1': 0.98, 'm7-1': 103.5, 'm8-1': 109.52}",1.44,130.87099999999995,131.83099999999996,inf,156.358,156.358
467,T4,BESTEFFORT,COMPLETED,m2-1,46.368,"{'m1-1': 106.68, 'm2-1': 1.16, 'm3-1': 1.12, 'm4-1': 11.66, 'm5-1': 26.71, 'm6-1': 1.07, 'm7-1': 110.92, 'm8-1': 104.95}",1.7399999999999998,131.83099999999996,132.99099999999996,inf,156.368,156.368
468,T7,BESTEFFORT,COMPLETED,m3-1,46.7,"{'m1-1': 101.65, 'm2-1': 1.12, 'm3-1': 1.02, 'm4-1': 10.76, 'm5-1': 25.17, 'm6-1': 1.18, 'm7-1': 114.81, 'm8-1': 101.08}",1.53,154.34000000000006,155.36000000000007,inf,156.7,156.7
469,T8,BESTEFFORT,MISSED,m6-1,46.717,"{'m1-1': 100.35, 'm2-1': 1.12, 'm3-1': 1.04, 'm4-1': 10.67, 'm5-1': 24.2, 'm6-1': 0.98, 'm7-1': 104.84, 'm8-1': 103.62}",0.8220000000000027,156.16899999999998,inf,156.71699999999998,156.71699999999998,156.71699999999998
470,T6,BESTEFFORT,COMPLETED,m3-1,46.733,"{'m1-1': 110.59, 'm2-1': 1.02, 'm3-1': 1.1, 'm4-1': 10.28, 'm5-1': 24.18, 'm6-1': 1.03, 'm7-1': 100.37, 'm8-1': 96.09}",1.6500000000000001,155.36000000000007,156.46000000000006,inf,156.733,156.733
471,T3,BESTEFFORT,MISSED,m6-1,47.003,"{'m1-1': 116.39, 'm2-1': 1.0, 'm3-1': 1.06, 'm4-1': 9.69, 'm5-1': 26.16, 'm6-1': 0.99, 'm7-1': 98.48, 'm8-1': 109.91}",0.42900000000000205,156.71699999999998,inf,157.003,157.003,157.003
472,T2,BESTEFFORT,COMPLETED,m2-1,47.086,"{'m1-1': 103.33, 'm2-1': 1.05, 'm3-1': 1.09, 'm4-1': 10.08, 'm5-1': 26.29, 'm6-1': 1.01, 'm7-1': 114.81, 'm8-1': 102.19}",1.5750000000000002,132.99099999999996,134.04099999999997,inf,157.086,157.086
473,T6,BESTEFFORT,COMPLETED,m2-1,47.265,"{'m1-1': 109.68, 'm2-1': 0.97, 'm3-1': 0.96, 'm4-1': 11.47, 'm5-1': 26.7, 'm6-1': 0.95, 'm7-1': 111.41, 'm8-1': 100.23}",1.455,134.04099999999997,135.01099999999997,inf,157.265,157.265
474,T3,BESTEFFORT,MISSED,m6-1,47.421,"{'m1-1': 114.06, 'm2-1': 1.18, 'm3-1': 1.05, 'm4-1': 9.57, 'm5-1': 26.88, 'm6-1': 0.98, 'm7-1': 101.41, 'm8-1': 115.45}",0.6270000000000095,157.003,inf,157.421,157.421,157.421
475,T8,BESTEFFORT,COMPLETED,m2-1,47.55,"{'m1-1': 107.02, 'm2-1': 1.04, 'm3-1': 1.01, 'm4-1': 10.6, 'm5-1': 24.9, 'm6-1': 1.06, 'm7-1': 100.24, 'm8-1': 112.74}",1.56,135.01099999999997,136.05099999999996,inf,157.55,157.55
476,T2,BESTEFFORT,MISSED,m6-1,47.643,"{'m1-1': 98.05, 'm2-1': 1.05, 'm3-1': 1.01, 'm4-1': 9.34, 'm5-1': 23.93, 'm6-1': 1.08, 'm7-1': 109.26, 'm8-1': 112.23}",0.3330000000000126,157.421,inf,157.643,157.643,157.643
477,T4,BESTEFFORT,MISSED,m6-1,47.734,"{'m1-1': 113.22, 'm2-1': 1.01, 'm3-1': 1.1, 'm4-1': 10.87, 'm5-1': 27.1, 'm6-1': 1.16, 'm7-1': 105.2, 'm8-1': 94.34}",0.0,157.734,inf,157.734,157.734,157.734
478,T8,BESTEFFORT,MISSED,m6-1,47.734,"{'m1-1': 111.0, 'm2-1': 1.05, 'm3-1': 1.11, 'm4-1': 11.47, 'm5-1': 26.33, 'm6-1': 1.06, 'm7-1': 97.33, 'm8-1': 95.26}",0.13650000000001228,157.643,inf,157.734,157.734,157.734
479,T9,BESTEFFORT,MISSED,m6-1,47.839,"{'m1-1': 110.12, 'm2-1': 1.04, 'm3-1': 1.07, 'm4-1': 9.62, 'm5-1': 26.59, 'm6-1': 1.04, 'm7-1': 99.63, 'm8-1': 101.63}",0.15749999999998465,157.734,inf,157.839,157.839,157.839
480,T3,BESTEFFORT,COMPLETED,m2-1,47.996,"{'m1-1': 100.33, 'm2-1': 1.15, 'm3-1': 1.1, 'm4-1': 9.5, 'm5-1': 28.18, 'm6-1': 1.01, 'm7-1': 97.88, 'm8-1': 113.53}",1.7249999999999999,136.05099999999996,137.20099999999996,inf,157.996,157.996
481,T9,BESTEFFORT,COMPLETED,m3-1,48.156,"{'m1-1': 113.53, 'm2-1': 0.94, 'm3-1': 0.97, 'm4-1': 10.17, 'm5-1': 24.74, 'm6-1': 1.02, 'm7-1': 98.38, 'm8-1': 110.54}",1.455,156.46000000000006,157.43000000000006,inf,158.156,158.156
482,T3,BESTEFFORT,MISSED,m6-1,48.169,"{'m1-1': 117.08, 'm2-1': 1.18, 'm3-1': 1.13, 'm4-1': 10.31, 'm5-1': 27.31, 'm6-1': 1.06, 'm7-1': 97.79, 'm8-1': 99.53}",0.4949999999999761,157.839,inf,158.16899999999998,158.16899999999998,158.16899999999998
483,T9,BESTEFFORT,MISSED,m6-1,48.226,"{'m1-1': 109.87, 'm2-1': 0.95, 'm3-1': 1.1, 'm4-1': 10.11, 'm5-1': 27.32, 'm6-1': 1.02, 'm7-1': 96.53, 'm8-1': 110.23}",0.08550000000002456,158.16899999999998,inf,158.226,158.226,158.226
484,T8,BESTEFFORT,MISSED,m3-1,48.284,"{'m1-1': 105.66, 'm2-1': 1.07, 'm3-1': 1.15, 'm4-1': 11.15, 'm5-1': 26.03, 'm6-1': 1.07, 'm7-1': 98.12, 'm8-1': 96.04}",1.2809999999998922,157.43000000000006,inf,158.284,158.284,158.284
485,T3,BESTEFFORT,MISSED,m3-1,48.359,"{'m1-1': 109.08, 'm2-1': 1.18, 'm3-1': 1.14, 'm4-1': 9.84, 'm5-1': 25.68, 'm6-1': 1.09, 'm7-1': 100.66, 'm8-1': 107.21}",0.11250000000002558,158.284,inf,158.359,158.359,158.359
486,T9,BESTEFFORT,MISSED,m3-1,48.97,"{'m1-1': 112.23, 'm2-1': 0.95, 'm3-1': 1.01, 'm4-1': 9.36, 'm5-1': 26.37, 'm6-1': 0.96, 'm7-1': 109.68, 'm8-1': 105.66}",0.916499999999985,158.359,inf,158.97,158.97,158.97
487,T6,BESTEFFORT,MISSED,m6-1,48.98,"{'m1-1': 100.88, 'm2-1': 1.05, 'm3-1': 1.04, 'm4-1': 10.1, 'm5-1': 25.43, 'm6-1': 1.04, 'm7-1': 107.1, 'm8-1': 97.1}",1.130999999999986,158.226,inf,158.98,158.98,158.98
488,T10,BESTEFFORT,MISSED,m6-1,49.086,"{'m1-1': 114.27, 'm2-1': 1.09, 'm3-1': 0.93, 'm4-1': 11.4, 'm5-1': 26.1, 'm6-1': 1.04, 'm7-1': 96.14, 'm8-1': 97.49}",0.15900000000003445,158.98,inf,159.086,159.086,159.086
489,T7,BESTEFFORT,MISSED,m3-1,49.158,"{'m1-1': 118.62, 'm2-1': 1.0, 'm3-1': 0.94, 'm4-1': 10.54, 'm5-1': 25.43, 'm6-1': 1.02, 'm7-1': 110.94, 'm8-1': 96.24}",0.2820000000000249,158.97,inf,159.15800000000002,159.15800000000002,159.15800000000002
490,T8,BESTEFFORT,COMPLETED,m2-1,49.215,"{'m1-1': 98.92, 'm2-1': 1.08, 'm3-1': 1.06, 'm4-1': 10.22, 'm5-1': 25.92, 'm6-1': 1.03, 'm7-1': 107.15, 'm8-1': 99.91}",1.62,137.20099999999996,138.28099999999998,inf,159.215,159.215
491,T6,BESTEFFORT,COMPLETED,m2-1,49.352,"{'m1-1': 107.2, 'm2-1': 1.06, 'm3-1': 1.12, 'm4-1': 10.69, 'm5-1': 27.94, 'm6-1': 1.06, 'm7-1': 107.1, 'm8-1': 108.92}",1.59,138.28099999999998,139.34099999999998,inf,159.352,159.352
492,T5,BESTEFFORT,MISSED,m3-1,49.41,"{'m1-1': 99.52, 'm2-1': 0.98, 'm3-1': 1.15, 'm4-1': 11.08, 'm5-1': 28.01, 'm6-1': 0.95, 'm7-1': 104.97, 'm8-1': 98.87}",0.3779999999999717,159.15800000000002,inf,159.41,159.41,159.41
493,T8,BESTEFFORT,COMPLETED,m2-1,49.485,"{'m1-1': 98.82, 'm2-1': 0.96, 'm3-1': 1.07, 'm4-1': 10.2, 'm5-1': 27.97, 'm6-1': 0.98, 'm7-1': 96.57, 'm8-1': 103.5}",1.44,139.34099999999998,140.301,inf,159.485,159.485
494,T10,BESTEFFORT,MISSED,m3-1,49.531,"{'m1-1': 102.96, 'm2-1': 1.0, 'm3-1': 0.96, 'm4-1': 10.63, 'm5-1': 26.08, 'm6-1': 1.11, 'm7-1': 101.97, 'm8-1': 105.77}",0.18150000000001398,159.41,inf,159.531,159.531,159.531
495,T4,BESTEFFORT,MISSED,m6-1,49.687,"{'m1-1': 110.63, 'm2-1': 1.09, 'm3-1': 1.0, 'm4-1': 10.71, 'm5-1': 26.36, 'm6-1': 1.15, 'm7-1': 103.17, 'm8-1': 102.81}",0.9014999999999986,159.086,inf,159.687,159.687,159.687
496,T3,BESTEFFORT,MISSED,m3-1,49.784,"{'m1-1': 110.89, 'm2-1': 1.0, 'm3-1': 1.14, 'm4-1': 10.51, 'm5-1': 26.21, 'm6-1': 1.13, 'm7-1': 111.58, 'm8-1': 99.53}",0.37949999999997885,159.531,inf,159.784,159.784,159.784
497,T9,BESTEFFORT,COMPLETED,m2-1,49.843,"{'m1-1': 107.64, 'm2-1': 1.01, 'm3-1': 0.96, 'm4-1': 9.18, 'm5-1': 25.88, 'm6-1': 1.01, 'm7-1': 109.06, 'm8-1': 97.27}",1.5150000000000001,140.301,141.31099999999998,inf,159.84300000000002,159.84300000000002
498,T7,BESTEFFORT,MISSED,m3-1,49.89,"{'m1-1': 111.52, 'm2-1': 1.06, 'm3-1': 1.07, 'm4-1': 10.92, 'm5-1': 24.38, 'm6-1': 1.17, 'm7-1': 100.2, 'm8-1': 102.4}",0.15899999999999181,159.784,inf,159.89,159.89,159.89
499,T5,BESTEFFORT,MISSED,m6-1,49.973,"{'m1-1': 107.91, 'm2-1': 1.04, 'm3-1': 1.06, 'm4-1': 10.72, 'm5-1': 23.81, 'm6-1': 1.02, 'm7-1': 102.04, 'm8-1': 97.89}",0.42900000000000205,159.687,inf,159.973,159.973,159.973
500,T4,BESTEFFORT,COMPLETED,m2-1,50.072,"{'m1-1': 115.12, 'm2-1': 1.09, 'm3-1': 1.0, 'm4-1': 10.64, 'm5-1': 27.5, 'm6-1': 1.06, 'm7-1': 100.85, 'm8-1': 95.01}",1.6350000000000002,141.31099999999998,142.40099999999998,inf,160.072,160.072
501,T7,BESTEFFORT,COMPLETED,m2-1,50.198,"{'m1-1': 107.9, 'm2-1': 1.05, 'm3-1': 0.99, 'm4-1': 10.56, 'm5-1': 24.92, 'm6-1': 1.06, 'm7-1': 97.33, 'm8-1': 101.88}",1.5750000000000002,142.40099999999998,143.451,inf,160.198,160.198
502,T4,BESTEFFORT,COMPLETED,m2-1,50.239,"{'m1-1': 115.21, 'm2-1': 1.07, 'm3-1': 0.96, 'm4-1': 10.13, 'm5-1': 25.42, 'm6-1': 1.07, 'm7-1': 108.03, 'm8-1': 97.44}",1.605,143.451,144.521,inf,160.239,160.239
503,T3,BESTEFFORT,MISSED,m6-1,50.249,"{'m1-1': 107.84, 'm2-1': 1.0, 'm3-1': 1.12, 'm4-1': 9.7, 'm5-1': 26.44, 'm6-1': 1.05, 'm7-1': 99.85, 'm8-1': 103.38}",0.41399999999997306,159.973,inf,160.249,160.249,160.249
504,T3,BESTEFFORT,MISSED,m3-1,50.294,"{'m1-1': 106.34, 'm2-1': 1.04, 'm3-1': 1.04, 'm4-1': 11.04, 'm5-1': 25.0, 'm6-1': 1.03, 'm7-1': 97.2, 'm8-1': 111.36}",0.6059999999999945,159.89,inf,160.29399999999998,160.29399999999998,160.29399999999998
505,T7,BESTEFFORT,MISSED,m6-1,50.294,"{'m1-1': 110.48, 'm2-1': 1.16, 'm3-1': 0.95, 'm4-1': 10.32, 'm5-1': 24.75, 'm6-1': 1.14, 'm7-1': 114.18, 'm8-1': 99.73}",0.06749999999998124,160.249,inf,160.29399999999998,160.29399999999998,160.29399999999998
506,T6,BESTEFFORT,MISSED,m6-1,50.379,"{'m1-1': 100.52, 'm2-1': 1.06, 'm3-1': 1.03, 'm4-1': 11.52, 'm5-1': 24.84, 'm6-1': 1.09, 'm7-1': 101.49, 'm8-1': 97.5}",0.12750000000001194,160.29399999999998,inf,160.379,160.379,160.379
507,T1,BESTEFFORT,MISSED,m6-1,50.407,"{'m1-1': 115.4, 'm2-1': 1.04, 'm3-1': 1.05, 'm4-1': 10.11, 'm5-1': 24.86, 'm6-1': 1.0, 'm7-1': 93.71, 'm8-1': 114.62}",0.04199999999998738,160.379,inf,160.40699999999998,160.40699999999998,160.40699999999998
508,T1,BESTEFFORT,COMPLETED,m2-1,50.545,"{'m1-1': 99.11, 'm2-1': 1.12, 'm3-1': 1.04, 'm4-1': 10.27, 'm5-1': 24.84, 'm6-1': 0.93, 'm7-1': 109.41, 'm8-1': 116.48}",1.6800000000000002,144.521,145.641,inf,160.54500000000002,160.54500000000002
509,T7,BESTEFFORT,MISSED,m6-1,50.889,"{'m1-1': 108.97, 'm2-1': 1.0, 'm3-1': 1.05, 'm4-1': 9.63, 'm5-1': 23.4, 'm6-1': 1.18, 'm7-1': 98.22, 'm8-1': 98.3}",0.7230000000000416,160.40699999999998,inf,160.889,160.889,160.889
510,T4,BESTEFFORT,MISSED,m3-1,50.891,"{'m1-1': 111.21, 'm2-1': 1.1, 'm3-1': 1.02, 'm4-1': 11.52, 'm5-1': 28.09, 'm6-1': 1.12, 'm7-1': 115.77, 'm8-1': 95.54}",0.8955000000000126,160.29399999999998,inf,160.891,160.891,160.891
511,T10,BESTEFFORT,MISSED,m6-1,51.024,"{'m1-1': 98.63, 'm2-1': 1.0, 'm3-1': 1.02, 'm4-1': 10.44, 'm5-1': 24.4, 'm6-1': 1.08, 'm7-1': 101.96, 'm8-1': 109.33}",0.20249999999998636,160.889,inf,161.024,161.024,161.024
512,T7,BESTEFFORT,MISSED,m3-1,51.192,"{'m1-1': 118.17, 'm2-1': 1.07, 'm3-1': 0.97, 'm4-1': 9.42, 'm5-1': 26.48, 'm6-1': 1.05, 'm7-1': 98.7, 'm8-1': 109.32}",0.4515000000000242,160.891,inf,161.192,161.192,161.192
513,T3,BESTEFFORT,MISSED,m6-1,51.391,"{'m1-1': 115.14, 'm2-1': 1.17, 'm3-1': 1.02, 'm4-1': 10.78, 'm5-1': 24.46, 'm6-1': 1.07, 'm7-1': 103.5, 'm8-1': 104.18}",0.5504999999999853,161.024,inf,161.391,161.391,161.391
514,T7,BESTEFFORT,MISSED,m6-1,51.451,"{'m1-1': 108.7, 'm2-1': 1.03, 'm3-1': 1.05, 'm4-1': 9.84, 'm5-1': 24.8, 'm6-1': 1.02, 'm7-1': 110.01, 'm8-1': 111.51}",0.09000000000000341,161.391,inf,161.451,161.451,161.451
515,T4,BESTEFFORT,COMPLETED,m2-1,51.619,"{'m1-1': 115.97, 'm2-1': 1.18, 'm3-1': 1.06, 'm4-1': 10.31, 'm5-1': 25.48, 'm6-1': 1.12, 'm7-1': 102.63, 'm8-1': 102.44}",1.77,145.641,146.821,inf,161.619,161.619
516,T8,BESTEFFORT,COMPLETED,m2-1,51.724,"{'m1-1': 107.61, 'm2-1': 1.07, 'm3-1': 1.03, 'm4-1': 11.23, 'm5-1': 25.82, 'm6-1': 0.98, 'm7-1': 107.01, 'm8-1': 107.82}",1.605,146.821,147.891,inf,161.724,161.724
517,T10,BESTEFFORT,MISSED,m3-1,51.844,"{'m1-1': 99.5, 'm2-1': 1.1, 'm3-1': 0.93, 'm4-1': 10.01, 'm5-1': 27.5, 'm6-1': 1.03, 'm7-1': 92.04, 'm8-1': 96.54}",0.9779999999999802,161.192,inf,161.844,161.844,161.844
518,T2,BESTEFFORT,MISSED,m6-1,52.201,"{'m1-1': 104.66, 'm2-1': 1.06, 'm3-1': 1.11, 'm4-1': 10.28, 'm5-1': 23.11, 'm6-1': 1.04, 'm7-1': 115.36, 'm8-1': 117.43}",1.125,161.451,inf,162.201,162.201,162.201
519,T10,BESTEFFORT,MISSED,m3-1,52.291,"{'m1-1': 108.93, 'm2-1': 1.13, 'm3-1': 0.92, 'm4-1': 10.27, 'm5-1': 28.26, 'm6-1': 0.97, 'm7-1': 103.43, 'm8-1': 95.8}",0.6705000000000041,161.844,inf,162.291,162.291,162.291
520,T1,BESTEFFORT,MISSED,m6-1,52.398,"{'m1-1': 110.38, 'm2-1': 1.11, 'm3-1': 1.05, 'm4-1': 10.07, 'm5-1': 27.67, 'm6-1': 1.07, 'm7-1': 99.95, 'm8-1': 117.45}",0.2955000000000041,162.201,inf,162.398,162.398,162.398
521,T4,BESTEFFORT,MISSED,m3-1,52.499,"{'m1-1': 112.5, 'm2-1': 1.1, 'm3-1': 1.08, 'm4-1': 10.69, 'm5-1': 25.28, 'm6-1': 1.14, 'm7-1': 103.99, 'm8-1': 100.91}",0.3119999999999976,162.291,inf,162.499,162.499,162.499
522,T3,BESTEFFORT,MISSED,m3-1,52.694,"{'m1-1': 108.57, 'm2-1': 1.04, 'm3-1': 0.99, 'm4-1': 10.84, 'm5-1': 24.3, 'm6-1': 1.09, 'm7-1': 101.86, 'm8-1': 112.27}",0.2925000000000324,162.499,inf,162.69400000000002,162.69400000000002,162.69400000000002
523,T9,BESTEFFORT,MISSED,m6-1,52.731,"{'m1-1': 111.94, 'm2-1': 0.99, 'm3-1': 1.11, 'm4-1': 10.55, 'm5-1': 24.61, 'm6-1': 1.07, 'm7-1': 98.85, 'm8-1': 110.28}",0.4994999999999976,162.398,inf,162.731,162.731,162.731
524,T8,BESTEFFORT,MISSED,m6-1,52.832,"{'m1-1': 115.86, 'm2-1': 1.08, 'm3-1': 1.1, 'm4-1': 11.47, 'm5-1': 27.69, 'm6-1': 0.96, 'm7-1': 106.87, 'm8-1': 101.87}",0.15149999999999864,162.731,inf,162.832,162.832,162.832
525,T5,BESTEFFORT,MISSED,m6-1,52.943,"{'m1-1': 113.12, 'm2-1': 1.08, 'm3-1': 0.98, 'm4-1': 10.54, 'm5-1': 26.47, 'm6-1': 1.08, 'm7-1': 113.86, 'm8-1': 103.33}",0.166499999999985,162.832,inf,162.94299999999998,162.94299999999998,162.94299999999998
526,T1,BESTEFFORT,MISSED,m3-1,53.001,"{'m1-1': 116.03, 'm2-1': 1.01, 'm3-1': 1.14, 'm4-1': 9.77, 'm5-1': 26.21, 'm6-1': 1.09, 'm7-1': 96.63, 'm8-1': 105.8}",0.4604999999999819,162.69400000000002,inf,163.001,163.001,163.001
527,T4,BESTEFFORT,MISSED,m3-1,53.015,"{'m1-1': 99.55, 'm2-1': 1.13, 'm3-1': 1.13, 'm4-1': 10.82, 'm5-1': 28.78, 'm6-1': 1.16, 'm7-1': 99.22, 'm8-1': 109.63}",0.020999999999972374,163.001,inf,163.015,163.015,163.015
528,T4,BESTEFFORT,MISSED,m3-1,53.145,"{'m1-1': 100.28, 'm2-1': 1.06, 'm3-1': 1.06, 'm4-1': 11.77, 'm5-1': 27.22, 'm6-1': 1.05, 'm7-1': 106.11, 'm8-1': 107.56}",0.1950000000000358,163.015,inf,163.145,163.145,163.145
529,T2,BESTEFFORT,COMPLETED,m2-1,53.167,"{'m1-1': 100.08, 'm2-1': 1.04, 'm3-1': 1.01, 'm4-1': 10.65, 'm5-1': 24.7, 'm6-1': 1.12, 'm7-1': 101.09, 'm8-1': 113.71}",1.56,147.891,148.93099999999998,inf,163.167,163.167
530,T2,BESTEFFORT,MISSED,m3-1,53.189,"{'m1-1': 102.47, 'm2-1': 1.13, 'm3-1': 0.99, 'm4-1': 10.09, 'm5-1': 24.36, 'm6-1': 1.04, 'm7-1': 108.41, 'm8-1': 111.77}",0.06599999999997408,163.145,inf,163.189,163.189,163.189
531,T4,BESTEFFORT,MISSED,m3-1,53.344,"{'m1-1': 100.7, 'm2-1': 1.0, 'm3-1': 1.1, 'm4-1': 11.56, 'm5-1': 24.42, 'm6-1': 1.0, 'm7-1': 114.93, 'm8-1': 97.65}",0.2325000000000017,163.189,inf,163.344,163.344,163.344
532,T2,BESTEFFORT,COMPLETED,m2-1,53.369,"{'m1-1': 101.13, 'm2-1': 1.08, 'm3-1': 1.03, 'm4-1': 10.41, 'm5-1': 25.93, 'm6-1': 1.14, 'm7-1': 114.16, 'm8-1': 111.18}",1.62,148.93099999999998,150.011,inf,163.369,163.369
533,T3,BESTEFFORT,MISSED,m6-1,53.559,"{'m1-1': 115.72, 'm2-1': 1.02, 'm3-1': 1.01, 'm4-1': 10.22, 'm5-1': 28.08, 'm6-1': 1.05, 'm7-1': 96.38, 'm8-1': 101.81}",0.9240000000000208,162.94299999999998,inf,163.559,163.559,163.559
534,T7,BESTEFFORT,MISSED,m3-1,53.567,"{'m1-1': 105.16, 'm2-1': 1.07, 'm3-1': 1.0, 'm4-1': 10.15, 'm5-1': 27.28, 'm6-1': 1.17, 'm7-1': 110.32, 'm8-1': 96.61}",0.3345000000000198,163.344,inf,163.567,163.567,163.567
535,T1,BESTEFFORT,MISSED,m3-1,53.585,"{'m1-1': 100.44, 'm2-1': 1.14, 'm3-1': 1.15, 'm4-1': 10.6, 'm5-1': 27.68, 'm6-1': 1.09, 'm7-1': 107.37, 'm8-1': 107.86}",0.027000000000001023,163.567,inf,163.585,163.585,163.585
536,T7,BESTEFFORT,MISSED,m3-1,53.695,"{'m1-1': 103.35, 'm2-1': 1.12, 'm3-1': 1.05, 'm4-1': 9.63, 'm5-1': 25.02, 'm6-1': 1.14, 'm7-1': 115.02, 'm8-1': 105.38}",0.16499999999997783,163.585,inf,163.695,163.695,163.695
537,T8,BESTEFFORT,MISSED,m6-1,53.781,"{'m1-1': 101.91, 'm2-1': 1.01, 'm3-1': 1.14, 'm4-1': 10.1, 'm5-1': 26.02, 'm6-1': 0.95, 'm7-1': 108.18, 'm8-1': 100.95}",0.3330000000000126,163.559,inf,163.781,163.781,163.781
538,T7,BESTEFFORT,MISSED,m3-1,53.834,"{'m1-1': 107.49, 'm2-1': 1.12, 'm3-1': 1.09, 'm4-1': 10.54, 'm5-1': 26.56, 'm6-1': 1.08, 'm7-1': 105.75, 'm8-1': 99.14}",0.208500000000015,163.695,inf,163.834,163.834,163.834
539,T7,BESTEFFORT,MISSED,m3-1,53.936,"{'m1-1': 105.46, 'm2-1': 1.02, 'm3-1': 0.98, 'm4-1': 9.9, 'm5-1': 24.97, 'm6-1': 1.18, 'm7-1': 110.72, 'm8-1': 101.74}",0.1530000000000058,163.834,inf,163.936,163.936,163.936
540,T2,BESTEFFORT,COMPLETED,m2-1,53.98,"{'m1-1': 101.13, 'm2-1': 1.14, 'm3-1': 1.08, 'm4-1': 10.14, 'm5-1': 25.85, 'm6-1': 1.12, 'm7-1': 103.57, 'm8-1': 103.53}",1.71,150.011,151.15099999999998,inf,163.98,163.98
541,T10,BESTEFFORT,MISSED,m3-1,54.124,"{'m1-1': 109.38, 'm2-1': 1.1, 'm3-1': 1.09, 'm4-1': 9.85, 'm5-1': 25.87, 'm6-1': 1.05, 'm7-1': 95.35, 'm8-1': 96.36}",0.28199999999998226,163.936,inf,164.124,164.124,164.124
542,T7,BESTEFFORT,COMPLETED,m2-1,54.586,"{'m1-1': 119.01, 'm2-1': 1.08, 'm3-1': 0.98, 'm4-1': 10.99, 'm5-1': 24.16, 'm6-1': 1.04, 'm7-1': 108.83, 'm8-1': 101.74}",1.62,151.15099999999998,152.231,inf,164.586,164.586
543,T5,BESTEFFORT,MISSED,m6-1,54.645,"{'m1-1': 105.57, 'm2-1': 0.99, 'm3-1': 1.02, 'm4-1': 10.5, 'm5-1': 26.48, 'm6-1': 1.08, 'm7-1': 105.55, 'm8-1': 106.44}",1.2960000000000065,163.781,inf,164.645,164.645,164.645
544,T5,BESTEFFORT,MISSED,m6-1,54.761,"{'m1-1': 114.21, 'm2-1': 0.96, 'm3-1': 1.06, 'm4-1': 9.56, 'm5-1': 27.08, 'm6-1': 1.02, 'm7-1': 100.54, 'm8-1': 97.61}",0.17399999999997817,164.645,inf,164.761,164.761,164.761
545,T8,BESTEFFORT,MISSED,m6-1,54.871,"{'m1-1': 114.71, 'm2-1': 1.08, 'm3-1': 1.09, 'm4-1': 10.33, 'm5-1': 25.08, 'm6-1': 0.98, 'm7-1': 104.32, 'm8-1': 111.85}",0.16500000000002046,164.761,inf,164.871,164.871,164.871
546,T5,BESTEFFORT,MISSED,m6-1,54.895,"{'m1-1': 101.1, 'm2-1': 0.99, 'm3-1': 1.03, 'm4-1': 10.07, 'm5-1': 27.12, 'm6-1': 1.09, 'm7-1': 114.94, 'm8-1': 112.75}",0.036000000000001364,164.871,inf,164.895,164.895,164.895
547,T9,BESTEFFORT,MISSED,m6-1,55.17,"{'m1-1': 100.74, 'm2-1': 1.05, 'm3-1': 1.0, 'm4-1': 9.92, 'm5-1': 26.5, 'm6-1': 1.07, 'm7-1': 98.85, 'm8-1': 102.44}",0.4125000000000085,164.895,inf,165.17000000000002,165.17000000000002,165.17000000000002
548,T5,BESTEFFORT,MISSED,m6-1,55.215,"{'m1-1': 108.57, 'm2-1': 1.1, 'm3-1': 1.11, 'm4-1': 10.68, 'm5-1': 24.19, 'm6-1': 1.06, 'm7-1': 118.81, 'm8-1': 105.46}",0.06749999999998124,165.17000000000002,inf,165.215,165.215,165.215
549,T4,BESTEFFORT,COMPLETED,m3-1,55.226,"{'m1-1': 104.1, 'm2-1': 1.01, 'm3-1': 1.01, 'm4-1': 10.98, 'm5-1': 27.82, 'm6-1': 1.14, 'm7-1': 110.47, 'm8-1': 104.42}",1.5150000000000001,164.124,165.134,inf,165.226,165.226
550,T1,BESTEFFORT,MISSED,m6-1,55.26,"{'m1-1': 99.11, 'm2-1': 1.1, 'm3-1': 1.16, 'm4-1': 10.99, 'm5-1': 27.77, 'm6-1': 0.97, 'm7-1': 104.74, 'm8-1': 100.23}",0.06749999999998124,165.215,inf,165.26,165.26,165.26
551,T5,BESTEFFORT,COMPLETED,m2-1,55.275,"{'m1-1': 114.22, 'm2-1': 1.03, 'm3-1': 1.12, 'm4-1': 10.87, 'm5-1': 27.31, 'm6-1': 0.98, 'm7-1': 110.21, 'm8-1': 107.3}",1.545,152.231,153.261,inf,165.275,165.275
552,T1,BESTEFFORT,MISSED,m6-1,55.384,"{'m1-1': 97.96, 'm2-1': 1.06, 'm3-1': 1.12, 'm4-1': 11.1, 'm5-1': 27.12, 'm6-1': 1.05, 'm7-1': 101.47, 'm8-1': 107.51}",0.18600000000003547,165.26,inf,165.38400000000001,165.38400000000001,165.38400000000001
553,T7,BESTEFFORT,MISSED,m3-1,55.432,"{'m1-1': 105.36, 'm2-1': 1.01, 'm3-1': 1.08, 'm4-1': 9.94, 'm5-1': 23.72, 'm6-1': 1.12, 'm7-1': 107.24, 'm8-1': 106.06}",0.44700000000004536,165.134,inf,165.43200000000002,165.43200000000002,165.43200000000002
554,T10,BESTEFFORT,MISSED,m6-1,55.534,"{'m1-1': 97.02, 'm2-1': 1.16, 'm3-1': 0.94, 'm4-1': 10.89, 'm5-1': 24.48, 'm6-1': 1.0, 'm7-1': 107.93, 'm8-1': 93.9}",0.2249999999999659,165.38400000000001,inf,165.534,165.534,165.534
555,T1,BESTEFFORT,MISSED,m6-1,55.653,"{'m1-1': 113.42, 'm2-1': 1.16, 'm3-1': 1.12, 'm4-1': 10.02, 'm5-1': 23.9, 'm6-1': 1.04, 'm7-1': 98.93, 'm8-1': 110.61}",0.17849999999999966,165.534,inf,165.653,165.653,165.653
556,T6,BESTEFFORT,COMPLETED,m2-1,55.751,"{'m1-1': 96.47, 'm2-1': 1.12, 'm3-1': 1.01, 'm4-1': 11.27, 'm5-1': 27.35, 'm6-1': 1.07, 'm7-1': 103.5, 'm8-1': 109.07}",1.6800000000000002,153.261,154.381,inf,165.751,165.751
557,T1,BESTEFFORT,MISSED,m6-1,56.069,"{'m1-1': 115.65, 'm2-1': 1.0, 'm3-1': 1.09, 'm4-1': 10.52, 'm5-1': 27.52, 'm6-1': 0.93, 'm7-1': 93.62, 'm8-1': 106.46}",0.6240000000000379,165.653,inf,166.06900000000002,166.06900000000002,166.06900000000002
558,T1,BESTEFFORT,MISSED,m3-1,56.086,"{'m1-1': 101.71, 'm2-1': 1.08, 'm3-1': 1.03, 'm4-1': 10.9, 'm5-1': 27.56, 'm6-1': 0.98, 'm7-1': 108.99, 'm8-1': 106.79}",0.9809999999999945,165.43200000000002,inf,166.086,166.086,166.086
559,T3,BESTEFFORT,COMPLETED,m2-1,56.156,"{'m1-1': 117.93, 'm2-1': 1.12, 'm3-1': 1.0, 'm4-1': 10.94, 'm5-1': 24.79, 'm6-1': 1.02, 'm7-1': 107.0, 'm8-1': 107.29}",1.6800000000000002,154.381,155.501,inf,166.156,166.156
560,T9,BESTEFFORT,COMPLETED,m2-1,56.171,"{'m1-1': 108.67, 'm2-1': 1.11, 'm3-1': 1.04, 'm4-1': 10.16, 'm5-1': 25.76, 'm6-1': 0.95, 'm7-1': 110.04, 'm8-1': 99.82}",1.665,155.501,156.61100000000002,inf,166.171,166.171
561,T9,BESTEFFORT,COMPLETED,m2-1,56.286,"{'m1-1': 107.01, 'm2-1': 1.1, 'm3-1': 1.05, 'm4-1': 10.46, 'm5-1': 24.29, 'm6-1': 1.08, 'm7-1': 110.94, 'm8-1': 106.34}",1.6500000000000001,156.61100000000002,157.711,inf,166.286,166.286
562,T6,BESTEFFORT,MISSED,m6-1,56.49,"{'m1-1': 95.41, 'm2-1': 0.96, 'm3-1': 1.11, 'm4-1': 10.72, 'm5-1': 27.71, 'm6-1': 0.95, 'm7-1': 107.06, 'm8-1': 98.62}",0.6314999999999884,166.06900000000002,inf,166.49,166.49,166.49
563,T4,BESTEFFORT,MISSED,m3-1,56.795,"{'m1-1': 116.47, 'm2-1': 1.02, 'm3-1': 1.06, 'm4-1': 10.64, 'm5-1': 26.19, 'm6-1': 1.1, 'm7-1': 102.08, 'm8-1': 99.15}",1.0635000000000048,166.086,inf,166.79500000000002,166.79500000000002,166.79500000000002
564,T1,BESTEFFORT,MISSED,m6-1,57.042,"{'m1-1': 102.44, 'm2-1': 1.08, 'm3-1': 1.04, 'm4-1': 9.56, 'm5-1': 24.14, 'm6-1': 1.01, 'm7-1': 101.47, 'm8-1': 112.63}",0.8279999999999887,166.49,inf,167.042,167.042,167.042
565,T2,BESTEFFORT,MISSED,m3-1,57.077,"{'m1-1': 105.94, 'm2-1': 1.1, 'm3-1': 1.11, 'm4-1': 10.13, 'm5-1': 27.1, 'm6-1': 1.0, 'm7-1': 111.85, 'm8-1': 103.87}",0.4229999999999734,166.79500000000002,inf,167.077,167.077,167.077
566,T10,BESTEFFORT,MISSED,m3-1,57.206,"{'m1-1': 100.24, 'm2-1': 1.07, 'm3-1': 1.09, 'm4-1': 11.29, 'm5-1': 27.85, 'm6-1': 1.08, 'm7-1': 95.43, 'm8-1': 107.72}",0.19350000000002865,167.077,inf,167.20600000000002,167.20600000000002,167.20600000000002
567,T7,BESTEFFORT,MISSED,m3-1,57.214,"{'m1-1': 118.02, 'm2-1': 1.13, 'm3-1': 1.08, 'm4-1': 9.65, 'm5-1': 23.84, 'm6-1': 1.03, 'm7-1': 111.42, 'm8-1': 107.01}",0.011999999999972033,167.20600000000002,inf,167.214,167.214,167.214
568,T9,BESTEFFORT,COMPLETED,m2-1,57.338,"{'m1-1': 114.78, 'm2-1': 1.06, 'm3-1': 1.06, 'm4-1': 10.56, 'm5-1': 25.51, 'm6-1': 1.09, 'm7-1': 108.5, 'm8-1': 98.58}",1.59,157.711,158.77100000000002,inf,167.338,167.338
569,T3,BESTEFFORT,COMPLETED,m2-1,57.436,"{'m1-1': 103.55, 'm2-1': 1.01, 'm3-1': 1.05, 'm4-1': 9.51, 'm5-1': 27.84, 'm6-1': 0.96, 'm7-1': 111.22, 'm8-1': 113.94}",1.5150000000000001,158.77100000000002,159.781,inf,167.436,167.436
570,T7,BESTEFFORT,MISSED,m3-1,57.438,"{'m1-1': 101.95, 'm2-1': 1.1, 'm3-1': 0.94, 'm4-1': 9.75, 'm5-1': 25.01, 'm6-1': 1.15, 'm7-1': 98.45, 'm8-1': 104.7}",0.3359999999999843,167.214,inf,167.438,167.438,167.438
571,T8,BESTEFFORT,MISSED,m6-1,57.6,"{'m1-1': 105.65, 'm2-1': 1.04, 'm3-1': 1.12, 'm4-1': 10.1, 'm5-1': 26.84, 'm6-1': 0.99, 'm7-1': 97.21, 'm8-1': 106.93}",0.8369999999999891,167.042,inf,167.6,167.6,167.6
572,T3,BESTEFFORT,MISSED,m6-1,57.605,"{'m1-1': 110.65, 'm2-1': 1.18, 'm3-1': 1.13, 'm4-1': 9.82, 'm5-1': 28.41, 'm6-1': 1.02, 'm7-1': 103.46, 'm8-1': 112.16}",0.007499999999993179,167.6,inf,167.605,167.605,167.605
573,T7,BESTEFFORT,MISSED,m3-1,57.645,"{'m1-1': 106.8, 'm2-1': 1.15, 'm3-1': 1.04, 'm4-1': 11.08, 'm5-1': 27.18, 'm6-1': 1.17, 'm7-1': 101.23, 'm8-1': 103.21}",0.3105000000000331,167.438,inf,167.645,167.645,167.645
574,T8,BESTEFFORT,MISSED,m3-1,57.775,"{'m1-1': 113.11, 'm2-1': 1.11, 'm3-1': 1.0, 'm4-1': 10.55, 'm5-1': 26.25, 'm6-1': 0.93, 'm7-1': 97.29, 'm8-1': 112.28}",0.19499999999999318,167.645,inf,167.775,167.775,167.775
575,T2,BESTEFFORT,COMPLETED,m2-1,57.896,"{'m1-1': 112.38, 'm2-1': 0.99, 'm3-1': 1.05, 'm4-1': 9.77, 'm5-1': 24.22, 'm6-1': 1.1, 'm7-1': 104.72, 'm8-1': 102.21}",1.4849999999999999,159.781,160.77100000000002,inf,167.89600000000002,167.89600000000002
576,T7,BESTEFFORT,MISSED,m3-1,58.075,"{'m1-1': 112.4, 'm2-1': 1.03, 'm3-1': 1.09, 'm4-1': 10.11, 'm5-1': 25.85, 'm6-1': 1.11, 'm7-1': 109.05, 'm8-1': 111.69}",0.4499999999999744,167.775,inf,168.075,168.075,168.075
577,T5,BESTEFFORT,COMPLETED,m2-1,58.182,"{'m1-1': 105.35, 'm2-1': 1.05, 'm3-1': 1.04, 'm4-1': 10.99, 'm5-1': 24.77, 'm6-1': 0.98, 'm7-1': 100.52, 'm8-1': 113.08}",1.5750000000000002,160.77100000000002,161.82100000000003,inf,168.18200000000002,168.18200000000002
578,T3,BESTEFFORT,MISSED,m6-1,58.22,"{'m1-1': 106.3, 'm2-1': 1.18, 'm3-1': 1.09, 'm4-1': 10.04, 'm5-1': 26.88, 'm6-1': 1.0, 'm7-1': 98.99, 'm8-1': 102.92}",0.9225000000000136,167.605,inf,168.22,168.22,168.22
579,T5,BESTEFFORT,MISSED,m6-1,58.284,"{'m1-1': 107.07, 'm2-1': 0.96, 'm3-1': 0.99, 'm4-1': 10.87, 'm5-1': 24.61, 'm6-1': 1.06, 'm7-1': 107.92, 'm8-1': 99.04}",0.09599999999998943,168.22,inf,168.284,168.284,168.284
580,T2,BESTEFFORT,MISSED,m3-1,58.503,"{'m1-1': 98.32, 'm2-1': 1.07, 'm3-1': 1.14, 'm4-1': 10.03, 'm5-1': 23.98, 'm6-1': 1.06, 'm7-1': 105.09, 'm8-1': 107.32}",0.6419999999999959,168.075,inf,168.503,168.503,168.503
581,T5,BESTEFFORT,MISSED,m6-1,58.538,"{'m1-1': 101.27, 'm2-1': 1.03, 'm3-1': 1.08, 'm4-1': 10.25, 'm5-1': 27.68, 'm6-1': 0.98, 'm7-1': 103.9, 'm8-1': 107.79}",0.38100000000002865,168.284,inf,168.538,168.538,168.538
582,T2,BESTEFFORT,COMPLETED,m2-1,58.629,"{'m1-1': 102.88, 'm2-1': 1.08, 'm3-1': 1.05, 'm4-1': 10.87, 'm5-1': 25.15, 'm6-1': 0.99, 'm7-1': 104.2, 'm8-1': 115.76}",1.62,161.82100000000003,162.90100000000004,inf,168.629,168.629
583,T6,BESTEFFORT,COMPLETED,m2-1,58.707,"{'m1-1': 105.45, 'm2-1': 1.03, 'm3-1': 1.01, 'm4-1': 10.49, 'm5-1': 24.55, 'm6-1': 1.04, 'm7-1': 107.83, 'm8-1': 101.16}",1.545,162.90100000000004,163.93100000000004,inf,168.707,168.707
584,T6,BESTEFFORT,MISSED,m6-1,58.796,"{'m1-1': 96.43, 'm2-1': 0.98, 'm3-1': 1.07, 'm4-1': 10.85, 'm5-1': 25.02, 'm6-1': 1.06, 'm7-1': 109.82, 'm8-1': 95.16}",0.38699999999997203,168.538,inf,168.796,168.796,168.796
585,T6,BESTEFFORT,COMPLETED,m2-1,58.824,"{'m1-1': 100.83, 'm2-1': 0.98, 'm3-1': 1.04, 'm4-1': 9.92, 'm5-1': 24.38, 'm6-1': 1.02, 'm7-1': 109.22, 'm8-1': 99.38}",1.47,163.93100000000004,164.91100000000003,inf,168.824,168.824
586,T10,BESTEFFORT,MISSED,m3-1,58.844,"{'m1-1': 98.25, 'm2-1': 1.03, 'm3-1': 0.98, 'm4-1': 10.76, 'm5-1': 28.2, 'm6-1': 1.1, 'm7-1': 104.89, 'm8-1': 103.86}",0.5115000000000123,168.503,inf,168.844,168.844,168.844
587,T5,BESTEFFORT,COMPLETED,m2-1,59.036,"{'m1-1': 106.84, 'm2-1': 1.01, 'm3-1': 1.11, 'm4-1': 9.87, 'm5-1': 25.66, 'm6-1': 0.94, 'm7-1': 107.27, 'm8-1': 100.86}",1.5150000000000001,164.91100000000003,165.92100000000002,inf,169.036,169.036
588,T5,BESTEFFORT,COMPLETED,m2-1,59.217,"{'m1-1': 112.92, 'm2-1': 1.12, 'm3-1': 1.0, 'm4-1': 11.09, 'm5-1': 27.42, 'm6-1': 0.99, 'm7-1': 113.63, 'm8-1': 98.6}",1.6800000000000002,165.92100000000002,167.04100000000003,inf,169.21699999999998,169.21699999999998
589,T4,BESTEFFORT,MISSED,m6-1,59.256,"{'m1-1': 115.4, 'm2-1': 1.18, 'm3-1': 1.0, 'm4-1': 11.01, 'm5-1': 26.94, 'm6-1': 1.12, 'm7-1': 98.55, 'm8-1': 103.37}",0.6900000000000119,168.796,inf,169.256,169.256,169.256
590,T6,BESTEFFORT,MISSED,m6-1,59.298,"{'m1-1': 102.5, 'm2-1': 0.94, 'm3-1': 1.03, 'm4-1': 11.23, 'm5-1': 27.57, 'm6-1': 0.95, 'm7-1': 104.93, 'm8-1': 110.22}",0.06300000000000239,169.256,inf,169.298,169.298,169.298
591,T4,BESTEFFORT,MISSED,m3-1,59.309,"{'m1-1': 103.13, 'm2-1': 1.05, 'm3-1': 1.09, 'm4-1': 10.92, 'm5-1': 24.95, 'm6-1': 1.07, 'm7-1': 115.24, 'm8-1': 102.03}",0.6975000000000051,168.844,inf,169.309,169.309,169.309
592,T3,BESTEFFORT,MISSED,m6-1,59.374,"{'m1-1': 115.72, 'm2-1': 1.05, 'm3-1': 1.1, 'm4-1': 9.98, 'm5-1': 27.0, 'm6-1': 1.01, 'm7-1': 95.39, 'm8-1': 107.44}",0.11399999999999011,169.298,inf,169.374,169.374,169.374
593,T10,BESTEFFORT,MISSED,m3-1,59.385,"{'m1-1': 99.22, 'm2-1': 1.12, 'm3-1': 0.96, 'm4-1': 11.16, 'm5-1': 24.35, 'm6-1': 1.04, 'm7-1': 97.76, 'm8-1': 101.52}",0.11399999999999011,169.309,inf,169.385,169.385,169.385
594,T7,BESTEFFORT,COMPLETED,m2-1,59.467,"{'m1-1': 118.45, 'm2-1': 1.1, 'm3-1': 0.94, 'm4-1': 9.65, 'm5-1': 24.65, 'm6-1': 1.06, 'm7-1': 99.73, 'm8-1': 105.97}",1.6500000000000001,167.04100000000003,168.14100000000002,inf,169.46699999999998,169.46699999999998
595,T2,BESTEFFORT,MISSED,m3-1,59.544,"{'m1-1': 104.82, 'm2-1': 0.98, 'm3-1': 1.15, 'm4-1': 9.49, 'm5-1': 23.21, 'm6-1': 1.07, 'm7-1': 105.32, 'm8-1': 118.43}",0.23849999999998772,169.385,inf,169.54399999999998,169.54399999999998,169.54399999999998
596,T2,BESTEFFORT,COMPLETED,m2-1,59.563,"{'m1-1': 105.35, 'm2-1': 1.02, 'm3-1': 1.11, 'm4-1': 10.95, 'm5-1': 26.29, 'm6-1': 1.08, 'm7-1': 111.97, 'm8-1': 113.75}",1.53,168.14100000000002,169.16100000000003,inf,169.563,169.563
597,T2,BESTEFFORT,MISSED,m6-1,59.584,"{'m1-1': 115.96, 'm2-1': 1.13, 'm3-1': 1.08, 'm4-1': 10.42, 'm5-1': 26.11, 'm6-1': 1.02, 'm7-1': 109.49, 'm8-1': 118.44}",0.31500000000001194,169.374,inf,169.584,169.584,169.584
598,T5,BESTEFFORT,MISSED,m6-1,59.69,"{'m1-1': 104.68, 'm2-1': 0.98, 'm3-1': 0.98, 'm4-1': 10.2, 'm5-1': 25.85, 'm6-1': 1.08, 'm7-1': 105.98, 'm8-1': 107.24}",0.15899999999999181,169.584,inf,169.69,169.69,169.69
599,T8,BESTEFFORT,MISSED,m3-1,59.699,"{'m1-1': 107.18, 'm2-1': 0.96, 'm3-1': 1.1, 'm4-1': 10.88, 'm5-1': 28.44, 'm6-1': 0.98, 'm7-1': 102.77, 'm8-1': 101.64}",0.23250000000004434,169.54399999999998,inf,169.699,169.699,169.699
600,T9,BESTEFFORT,MISSED,m3-1,59.701,"{'m1-1': 109.94, 'm2-1': 1.11, 'm3-1': 1.02, 'm4-1': 10.82, 'm5-1': 26.45, 'm6-1': 1.06, 'm7-1': 107.02, 'm8-1': 113.5}",0.002999999999971692,169.699,inf,169.701,169.701,169.701
601,T6,BESTEFFORT,MISSED,m6-1,59.886,"{'m1-1': 99.5, 'm2-1': 1.09, 'm3-1': 1.08, 'm4-1': 10.39, 'm5-1': 25.43, 'm6-1': 1.01, 'm7-1': 115.36, 'm8-1': 107.9}",0.29399999999999693,169.69,inf,169.886,169.886,169.886
602,T5,BESTEFFORT,MISSED,m6-1,59.907,"{'m1-1': 108.36, 'm2-1': 1.0, 'm3-1': 1.12, 'm4-1': 9.92, 'm5-1': 24.12, 'm6-1': 0.99, 'm7-1': 110.72, 'm8-1': 110.32}",0.03149999999997988,169.886,inf,169.90699999999998,169.90699999999998,169.90699999999998
603,T10,BESTEFFORT,MISSED,m3-1,59.981,"{'m1-1': 113.8, 'm2-1': 1.13, 'm3-1': 1.01, 'm4-1': 11.24, 'm5-1': 25.98, 'm6-1': 0.97, 'm7-1': 92.22, 'm8-1': 106.46}",0.4200000000000017,169.701,inf,169.981,169.981,169.981
604,T5,BESTEFFORT,MISSED,m6-1,60.028,"{'m1-1': 109.72, 'm2-1': 1.05, 'm3-1': 1.12, 'm4-1': 10.58, 'm5-1': 25.87, 'm6-1': 1.03, 'm7-1': 110.2, 'm8-1': 109.97}",0.18150000000001398,169.90699999999998,inf,170.028,170.028,170.028
605,T5,BESTEFFORT,MISSED,m6-1,60.121,"{'m1-1': 110.79, 'm2-1': 1.06, 'm3-1': 1.04, 'm4-1': 9.85, 'm5-1': 27.09, 'm6-1': 1.06, 'm7-1': 115.47, 'm8-1': 102.87}",0.1395000000000266,170.028,inf,170.121,170.121,170.121
606,T4,BESTEFFORT,MISSED,m3-1,60.291,"{'m1-1': 112.28, 'm2-1': 1.02, 'm3-1': 1.14, 'm4-1': 11.05, 'm5-1': 27.86, 'm6-1': 1.01, 'm7-1': 98.27, 'm8-1': 109.43}",0.4650000000000034,169.981,inf,170.291,170.291,170.291
607,T1,BESTEFFORT,MISSED,m6-1,60.311,"{'m1-1': 115.65, 'm2-1': 1.0, 'm3-1': 1.13, 'm4-1': 10.77, 'm5-1': 26.33, 'm6-1': 0.99, 'm7-1': 94.46, 'm8-1': 114.6}",0.2849999999999966,170.121,inf,170.311,170.311,170.311
608,T9,BESTEFFORT,MISSED,m3-1,60.529,"{'m1-1': 102.92, 'm2-1': 1.09, 'm3-1': 1.03, 'm4-1': 10.11, 'm5-1': 24.72, 'm6-1': 1.09, 'm7-1': 94.3, 'm8-1': 103.8}",0.3569999999999993,170.291,inf,170.529,170.529,170.529
609,T7,BESTEFFORT,COMPLETED,m2-1,60.636,"{'m1-1': 112.79, 'm2-1': 1.06, 'm3-1': 1.0, 'm4-1': 10.57, 'm5-1': 26.84, 'm6-1': 1.08, 'm7-1': 105.52, 'm8-1': 112.44}",1.59,169.16100000000003,170.22100000000003,inf,170.636,170.636
610,T6,BESTEFFORT,MISSED,m3-1,60.729,"{'m1-1': 109.89, 'm2-1': 1.07, 'm3-1': 1.08, 'm4-1': 9.98, 'm5-1': 25.1, 'm6-1': 1.07, 'm7-1': 102.72, 'm8-1': 100.63}",0.29999999999998295,170.529,inf,170.72899999999998,170.72899999999998,170.72899999999998
611,T5,BESTEFFORT,MISSED,m6-1,60.751,"{'m1-1': 97.77, 'm2-1': 1.11, 'm3-1': 0.97, 'm4-1': 9.74, 'm5-1': 26.64, 'm6-1': 0.95, 'm7-1': 107.22, 'm8-1': 112.97}",0.6599999999999966,170.311,inf,170.751,170.751,170.751
612,T10,BESTEFFORT,MISSED,m6-1,60.858,"{'m1-1': 112.18, 'm2-1': 1.04, 'm3-1': 1.01, 'm4-1': 10.44, 'm5-1': 27.46, 'm6-1': 1.04, 'm7-1': 101.71, 'm8-1': 96.52}",0.16049999999999898,170.751,inf,170.858,170.858,170.858
613,T3,BESTEFFORT,MISSED,m6-1,61.063,"{'m1-1': 101.04, 'm2-1': 1.06, 'm3-1': 1.05, 'm4-1': 11.16, 'm5-1': 25.84, 'm6-1': 0.98, 'm7-1': 110.03, 'm8-1': 105.1}",0.3074999999999761,170.858,inf,171.063,171.063,171.063
614,T5,BESTEFFORT,MISSED,m2-1,61.201,"{'m1-1': 115.03, 'm2-1': 1.04, 'm3-1': 1.04, 'm4-1': 10.28, 'm5-1': 23.86, 'm6-1': 1.05, 'm7-1': 112.23, 'm8-1': 99.8}",1.469999999999942,170.22100000000003,inf,171.201,171.201,171.201
615,T8,BESTEFFORT,MISSED,m6-1,61.236,"{'m1-1': 99.97, 'm2-1': 1.0, 'm3-1': 1.05, 'm4-1': 10.26, 'm5-1': 28.56, 'm6-1': 0.98, 'm7-1': 104.86, 'm8-1': 102.66}",0.25950000000000273,171.063,inf,171.236,171.236,171.236
616,T1,BESTEFFORT,MISSED,m6-1,61.362,"{'m1-1': 111.95, 'm2-1': 1.09, 'm3-1': 1.16, 'm4-1': 10.12, 'm5-1': 24.16, 'm6-1': 0.98, 'm7-1': 101.67, 'm8-1': 104.85}",0.18900000000000716,171.236,inf,171.362,171.362,171.362
617,T9,BESTEFFORT,MISSED,m6-1,61.376,"{'m1-1': 103.02, 'm2-1': 1.1, 'm3-1': 1.01, 'm4-1': 10.88, 'm5-1': 27.02, 'm6-1': 1.11, 'm7-1': 93.64, 'm8-1': 105.21}",0.021000000000015007,171.362,inf,171.376,171.376,171.376
618,T9,BESTEFFORT,MISSED,m2-1,61.442,"{'m1-1': 109.59, 'm2-1': 1.02, 'm3-1': 1.08, 'm4-1': 10.14, 'm5-1': 24.61, 'm6-1': 0.96, 'm7-1': 96.88, 'm8-1': 105.5}",0.3615000000000208,171.201,inf,171.442,171.442,171.442
619,T4,BESTEFFORT,MISSED,m6-1,61.504,"{'m1-1': 110.73, 'm2-1': 1.05, 'm3-1': 0.99, 'm4-1': 10.59, 'm5-1': 26.21, 'm6-1': 1.16, 'm7-1': 104.21, 'm8-1': 103.16}",0.19199999999997885,171.376,inf,171.504,171.504,171.504
620,T10,BESTEFFORT,MISSED,m3-1,61.64,"{'m1-1': 101.56, 'm2-1': 1.16, 'm3-1': 0.96, 'm4-1': 11.47, 'm5-1': 26.67, 'm6-1': 1.0, 'm7-1': 101.58, 'm8-1': 94.94}",1.366500000000002,170.72899999999998,inf,171.64,171.64,171.64
621,T2,BESTEFFORT,MISSED,m3-1,61.678,"{'m1-1': 109.06, 'm2-1': 1.04, 'm3-1': 1.15, 'm4-1': 9.26, 'm5-1': 24.93, 'm6-1': 0.99, 'm7-1': 113.62, 'm8-1': 115.27}",0.05700000000001637,171.64,inf,171.678,171.678,171.678
622,T7,BESTEFFORT,MISSED,m3-1,62.093,"{'m1-1': 113.47, 'm2-1': 1.11, 'm3-1': 1.01, 'm4-1': 10.95, 'm5-1': 25.85, 'm6-1': 1.06, 'm7-1': 106.97, 'm8-1': 112.63}",0.6225000000000307,171.678,inf,172.09300000000002,172.09300000000002,172.09300000000002
623,T1,BESTEFFORT,MISSED,m2-1,62.207,"{'m1-1': 109.94, 'm2-1': 1.06, 'm3-1': 1.16, 'm4-1': 10.56, 'm5-1': 25.98, 'm6-1': 0.95, 'm7-1': 94.68, 'm8-1': 105.28}",1.1474999999999795,171.442,inf,172.207,172.207,172.207
624,T10,BESTEFFORT,MISSED,m3-1,62.227,"{'m1-1': 103.8, 'm2-1': 1.14, 'm3-1': 1.05, 'm4-1': 10.31, 'm5-1': 28.36, 'm6-1': 1.15, 'm7-1': 106.06, 'm8-1': 101.09}",0.2009999999999792,172.09300000000002,inf,172.227,172.227,172.227
625,T4,BESTEFFORT,MISSED,m3-1,62.406,"{'m1-1': 109.13, 'm2-1': 1.05, 'm3-1': 1.1, 'm4-1': 11.54, 'm5-1': 26.03, 'm6-1': 1.12, 'm7-1': 108.9, 'm8-1': 107.67}",0.26850000000000307,172.227,inf,172.406,172.406,172.406
626,T8,BESTEFFORT,MISSED,m2-1,62.414,"{'m1-1': 113.77, 'm2-1': 1.11, 'm3-1': 1.13, 'm4-1': 10.11, 'm5-1': 28.38, 'm6-1': 1.05, 'm7-1': 109.3, 'm8-1': 105.57}",0.31049999999999045,172.207,inf,172.414,172.414,172.414
627,T3,BESTEFFORT,MISSED,m6-1,62.453,"{'m1-1': 112.01, 'm2-1': 1.14, 'm3-1': 1.11, 'm4-1': 9.84, 'm5-1': 26.6, 'm6-1': 0.99, 'm7-1': 102.06, 'm8-1': 115.44}",1.4235000000000184,171.504,inf,172.453,172.453,172.453
628,T2,BESTEFFORT,MISSED,m2-1,62.465,"{'m1-1': 105.34, 'm2-1': 1.04, 'm3-1': 1.04, 'm4-1': 11.01, 'm5-1': 23.49, 'm6-1': 1.08, 'm7-1': 108.78, 'm8-1': 110.41}",0.07650000000002422,172.414,inf,172.465,172.465,172.465
629,T4,BESTEFFORT,MISSED,m6-1,62.563,"{'m1-1': 117.32, 'm2-1': 1.11, 'm3-1': 1.1, 'm4-1': 11.17, 'm5-1': 25.67, 'm6-1': 1.14, 'm7-1': 106.09, 'm8-1': 110.09}",0.16499999999997783,172.453,inf,172.563,172.563,172.563
630,T7,BESTEFFORT,MISSED,m2-1,62.641,"{'m1-1': 109.49, 'm2-1': 1.09, 'm3-1': 1.02, 'm4-1': 10.12, 'm5-1': 23.89, 'm6-1': 1.01, 'm7-1': 102.16, 'm8-1': 101.01}",0.2639999999999816,172.465,inf,172.641,172.641,172.641
631,T2,BESTEFFORT,MISSED,m2-1,62.729,"{'m1-1': 114.68, 'm2-1': 1.06, 'm3-1': 1.03, 'm4-1': 9.79, 'm5-1': 25.27, 'm6-1': 1.09, 'm7-1': 101.25, 'm8-1': 106.79}",0.1319999999999908,172.641,inf,172.72899999999998,172.72899999999998,172.72899999999998
632,T8,BESTEFFORT,MISSED,m6-1,62.842,"{'m1-1': 111.75, 'm2-1': 1.1, 'm3-1': 1.05, 'm4-1': 11.62, 'm5-1': 25.17, 'm6-1': 1.05, 'm7-1': 105.21, 'm8-1': 100.88}",0.41849999999999454,172.563,inf,172.84199999999998,172.84199999999998,172.84199999999998
633,T7,BESTEFFORT,MISSED,m3-1,62.898,"{'m1-1': 105.06, 'm2-1': 1.14, 'm3-1': 1.01, 'm4-1': 10.97, 'm5-1': 25.78, 'm6-1': 1.04, 'm7-1': 113.58, 'm8-1': 112.84}",0.7379999999999853,172.406,inf,172.898,172.898,172.898
634,T4,BESTEFFORT,MISSED,m2-1,63.14,"{'m1-1': 116.57, 'm2-1': 1.06, 'm3-1': 1.01, 'm4-1': 10.43, 'm5-1': 28.16, 'm6-1': 0.99, 'm7-1': 100.7, 'm8-1': 98.48}",0.616500000000002,172.72899999999998,inf,173.14,173.14,173.14
635,T8,BESTEFFORT,MISSED,m6-1,63.263,"{'m1-1': 101.72, 'm2-1': 0.98, 'm3-1': 1.14, 'm4-1': 11.17, 'm5-1': 28.32, 'm6-1': 1.03, 'm7-1': 112.09, 'm8-1': 107.53}",0.631500000000031,172.84199999999998,inf,173.263,173.263,173.263
636,T1,BESTEFFORT,MISSED,m6-1,63.3,"{'m1-1': 103.08, 'm2-1': 0.99, 'm3-1': 1.15, 'm4-1': 9.94, 'm5-1': 24.8, 'm6-1': 1.09, 'm7-1': 105.67, 'm8-1': 104.46}",0.05550000000000921,173.263,inf,173.3,173.3,173.3
637,T4,BESTEFFORT,MISSED,m6-1,63.452,"{'m1-1': 106.73, 'm2-1': 1.06, 'm3-1': 1.05, 'm4-1': 11.37, 'm5-1': 26.14, 'm6-1': 1.08, 'm7-1': 110.96, 'm8-1': 106.98}",0.22799999999998022,173.3,inf,173.452,173.452,173.452
638,T2,BESTEFFORT,MISSED,m6-1,63.493,"{'m1-1': 115.9, 'm2-1': 1.11, 'm3-1': 1.1, 'm4-1': 9.72, 'm5-1': 24.86, 'm6-1': 1.04, 'm7-1': 117.3, 'm8-1': 110.68}",0.061499999999995225,173.452,inf,173.493,173.493,173.493
639,T5,BESTEFFORT,MISSED,m2-1,64.038,"{'m1-1': 114.58, 'm2-1': 1.02, 'm3-1': 0.97, 'm4-1': 9.36, 'm5-1': 25.8, 'm6-1': 1.06, 'm7-1': 104.9, 'm8-1': 106.03}",1.3470000000000368,173.14,inf,174.038,174.038,174.038
640,T9,BESTEFFORT,MISSED,m6-1,64.074,"{'m1-1': 114.76, 'm2-1': 1.11, 'm3-1': 1.04, 'm4-1': 10.22, 'm5-1': 26.22, 'm6-1': 1.08, 'm7-1': 103.35, 'm8-1': 107.36}",0.8715000000000259,173.493,inf,174.074,174.074,174.074
641,T4,BESTEFFORT,COMPLETED,m3-1,64.094,"{'m1-1': 104.4, 'm2-1': 1.17, 'm3-1': 0.97, 'm4-1': 10.39, 'm5-1': 27.49, 'm6-1': 1.11, 'm7-1': 114.99, 'm8-1': 110.08}",1.455,172.898,173.868,inf,174.094,174.094
642,T6,BESTEFFORT,MISSED,m6-1,64.1,"{'m1-1': 109.79, 'm2-1': 1.07, 'm3-1': 1.09, 'm4-1': 11.12, 'm5-1': 24.8, 'm6-1': 1.02, 'm7-1': 116.16, 'm8-1': 108.54}",0.038999999999973056,174.074,inf,174.1,174.1,174.1
643,T9,BESTEFFORT,MISSED,m3-1,64.168,"{'m1-1': 103.37, 'm2-1': 0.95, 'm3-1': 1.01, 'm4-1': 9.73, 'm5-1': 23.98, 'm6-1': 0.96, 'm7-1': 95.35, 'm8-1': 99.88}",0.45000000000001705,173.868,inf,174.168,174.168,174.168
644,T7,BESTEFFORT,MISSED,m2-1,64.195,"{'m1-1': 116.74, 'm2-1': 1.14, 'm3-1': 1.02, 'm4-1': 10.23, 'm5-1': 27.74, 'm6-1': 1.05, 'm7-1': 114.19, 'm8-1': 103.4}",0.2354999999999734,174.038,inf,174.195,174.195,174.195
645,T8,BESTEFFORT,MISSED,m6-1,64.29,"{'m1-1': 99.56, 'm2-1': 1.1, 'm3-1': 1.01, 'm4-1': 10.8, 'm5-1': 24.26, 'm6-1': 0.96, 'm7-1': 104.22, 'm8-1': 104.66}",0.2850000000000392,174.1,inf,174.29000000000002,174.29000000000002,174.29000000000002
646,T5,BESTEFFORT,MISSED,m6-1,64.292,"{'m1-1': 113.64, 'm2-1': 0.99, 'm3-1': 0.99, 'm4-1': 10.27, 'm5-1': 25.31, 'm6-1': 1.07, 'm7-1': 112.34, 'm8-1': 111.5}",0.002999999999971692,174.29000000000002,inf,174.292,174.292,174.292
647,T3,BESTEFFORT,MISSED,m3-1,64.351,"{'m1-1': 112.46, 'm2-1': 1.13, 'm3-1': 1.05, 'm4-1': 10.09, 'm5-1': 26.77, 'm6-1': 1.0, 'm7-1': 100.3, 'm8-1': 104.87}",0.2744999999999891,174.168,inf,174.351,174.351,174.351
648,T8,BESTEFFORT,MISSED,m6-1,64.395,"{'m1-1': 110.02, 'm2-1': 1.0, 'm3-1': 0.98, 'm4-1': 10.08, 'm5-1': 28.25, 'm6-1': 1.0, 'm7-1': 112.3, 'm8-1': 101.36}",0.15449999999997033,174.292,inf,174.39499999999998,174.39499999999998,174.39499999999998
649,T4,BESTEFFORT,MISSED,m2-1,64.473,"{'m1-1': 109.83, 'm2-1': 1.03, 'm3-1': 1.07, 'm4-1': 11.84, 'm5-1': 24.47, 'm6-1': 1.09, 'm7-1': 106.28, 'm8-1': 104.48}",0.41700000000003,174.195,inf,174.473,174.473,174.473
650,T2,BESTEFFORT,MISSED,m3-1,64.799,"{'m1-1': 99.29, 'm2-1': 1.06, 'm3-1': 1.07, 'm4-1': 9.94, 'm5-1': 24.93, 'm6-1': 1.16, 'm7-1': 104.56, 'm8-1': 107.05}",0.6720000000000113,174.351,inf,174.799,174.799,174.799
651,T10,BESTEFFORT,MISSED,m3-1,65.045,"{'m1-1': 111.81, 'm2-1': 1.18, 'm3-1': 1.04, 'm4-1': 10.89, 'm5-1': 27.18, 'm6-1': 1.1, 'm7-1': 94.26, 'm8-1': 108.27}",0.369000000000014,174.799,inf,175.04500000000002,175.04500000000002,175.04500000000002
652,T1,BESTEFFORT,MISSED,m2-1,65.221,"{'m1-1': 104.61, 'm2-1': 1.07, 'm3-1': 1.16, 'm4-1': 10.25, 'm5-1': 26.8, 'm6-1': 1.07, 'm7-1': 96.62, 'm8-1': 112.48}",1.1219999999999857,174.473,inf,175.221,175.221,175.221
653,T6,BESTEFFORT,MISSED,m2-1,65.512,"{'m1-1': 99.42, 'm2-1': 1.02, 'm3-1': 1.01, 'm4-1': 10.87, 'm5-1': 23.93, 'm6-1': 1.07, 'm7-1': 114.57, 'm8-1': 100.34}",0.4364999999999952,175.221,inf,175.512,175.512,175.512
654,T3,BESTEFFORT,MISSED,m2-1,65.553,"{'m1-1': 119.1, 'm2-1': 1.03, 'm3-1': 1.11, 'm4-1': 11.08, 'm5-1': 24.39, 'm6-1': 1.0, 'm7-1': 105.72, 'm8-1': 114.68}",0.061499999999995225,175.512,inf,175.553,175.553,175.553
655,T5,BESTEFFORT,COMPLETED,m6-1,65.609,"{'m1-1': 114.2, 'm2-1': 1.01, 'm3-1': 1.15, 'm4-1': 10.7, 'm5-1': 26.18, 'm6-1': 1.01, 'm7-1': 109.87, 'm8-1': 99.18}",1.5150000000000001,174.39499999999998,175.40499999999997,inf,175.60899999999998,175.60899999999998
656,T3,BESTEFFORT,MISSED,m6-1,65.811,"{'m1-1': 105.32, 'm2-1': 1.02, 'm3-1': 1.1, 'm4-1': 10.34, 'm5-1': 27.86, 'm6-1': 1.08, 'm7-1': 108.79, 'm8-1': 101.4}",0.6090000000000515,175.40499999999997,inf,175.811,175.811,175.811
657,T2,BESTEFFORT,MISSED,m2-1,65.916,"{'m1-1': 98.1, 'm2-1': 1.0, 'm3-1': 1.04, 'm4-1': 9.98, 'm5-1': 23.82, 'm6-1': 1.02, 'm7-1': 103.84, 'm8-1': 107.24}",0.5444999999999993,175.553,inf,175.916,175.916,175.916
658,T6,BESTEFFORT,MISSED,m6-1,65.972,"{'m1-1': 96.43, 'm2-1': 0.95, 'm3-1': 1.12, 'm4-1': 10.04, 'm5-1': 25.49, 'm6-1': 0.96, 'm7-1': 99.97, 'm8-1': 99.15}",0.2414999999999594,175.811,inf,175.97199999999998,175.97199999999998,175.97199999999998
659,T3,BESTEFFORT,MISSED,m3-1,65.979,"{'m1-1': 113.44, 'm2-1': 1.01, 'm3-1': 1.01, 'm4-1': 10.61, 'm5-1': 27.53, 'm6-1': 0.99, 'm7-1': 101.56, 'm8-1': 105.09}",1.4009999999999536,175.04500000000002,inf,175.97899999999998,175.97899999999998,175.97899999999998
660,T4,BESTEFFORT,MISSED,m3-1,66.013,"{'m1-1': 113.19, 'm2-1': 1.09, 'm3-1': 0.97, 'm4-1': 11.09, 'm5-1': 28.77, 'm6-1': 1.15, 'm7-1': 114.82, 'm8-1': 97.88}",0.051000000000030354,175.97899999999998,inf,176.013,176.013,176.013
661,T5,BESTEFFORT,MISSED,m6-1,66.019,"{'m1-1': 110.53, 'm2-1': 1.0, 'm3-1': 1.1, 'm4-1': 10.66, 'm5-1': 27.04, 'm6-1': 0.94, 'm7-1': 115.41, 'm8-1': 112.88}",0.0705000000000382,175.97199999999998,inf,176.019,176.019,176.019
662,T1,BESTEFFORT,MISSED,m6-1,66.109,"{'m1-1': 106.58, 'm2-1': 1.06, 'm3-1': 1.04, 'm4-1': 11.05, 'm5-1': 27.91, 'm6-1': 0.97, 'm7-1': 104.98, 'm8-1': 109.73}",0.13499999999996248,176.019,inf,176.10899999999998,176.10899999999998,176.10899999999998
663,T10,BESTEFFORT,MISSED,m2-1,66.115,"{'m1-1': 101.16, 'm2-1': 1.11, 'm3-1': 0.92, 'm4-1': 10.18, 'm5-1': 28.52, 'm6-1': 1.03, 'm7-1': 95.69, 'm8-1': 106.81}",0.2985000000000184,175.916,inf,176.115,176.115,176.115
664,T1,BESTEFFORT,MISSED,m6-1,66.285,"{'m1-1': 116.14, 'm2-1': 1.17, 'm3-1': 1.06, 'm4-1': 9.48, 'm5-1': 27.45, 'm6-1': 0.96, 'm7-1': 94.37, 'm8-1': 110.34}",0.2640000000000242,176.10899999999998,inf,176.285,176.285,176.285
665,T4,BESTEFFORT,MISSED,m3-1,66.327,"{'m1-1': 106.62, 'm2-1': 1.03, 'm3-1': 1.12, 'm4-1': 11.22, 'm5-1': 27.37, 'm6-1': 1.13, 'm7-1': 101.67, 'm8-1': 106.61}",0.4709999999999894,176.013,inf,176.327,176.327,176.327
666,T4,BESTEFFORT,MISSED,m6-1,66.336,"{'m1-1': 99.97, 'm2-1': 1.17, 'm3-1': 1.05, 'm4-1': 10.55, 'm5-1': 26.03, 'm6-1': 1.07, 'm7-1': 108.18, 'm8-1': 96.37}",0.07650000000002422,176.285,inf,176.336,176.336,176.336
667,T6,BESTEFFORT,MISSED,m2-1,66.439,"{'m1-1': 98.31, 'm2-1': 0.95, 'm3-1': 0.98, 'm4-1': 10.84, 'm5-1': 26.26, 'm6-1': 0.94, 'm7-1': 99.68, 'm8-1': 101.34}",0.4859999999999758,176.115,inf,176.439,176.439,176.439
668,T6,BESTEFFORT,MISSED,m2-1,66.707,"{'m1-1': 111.79, 'm2-1': 1.11, 'm3-1': 1.12, 'm4-1': 11.25, 'm5-1': 26.09, 'm6-1': 1.0, 'm7-1': 103.34, 'm8-1': 98.92}",0.402000000000001,176.439,inf,176.707,176.707,176.707
669,T4,BESTEFFORT,MISSED,m2-1,66.753,"{'m1-1': 102.54, 'm2-1': 1.17, 'm3-1': 1.05, 'm4-1': 11.72, 'm5-1': 25.66, 'm6-1': 1.09, 'm7-1': 102.16, 'm8-1': 109.01}",0.0689999999999884,176.707,inf,176.753,176.753,176.753
670,T5,BESTEFFORT,MISSED,m2-1,66.771,"{'m1-1': 102.93, 'm2-1': 1.11, 'm3-1': 1.04, 'm4-1': 10.77, 'm5-1': 24.7, 'm6-1': 1.0, 'm7-1': 116.57, 'm8-1': 111.88}",0.027000000000043656,176.753,inf,176.77100000000002,176.77100000000002,176.77100000000002
671,T5,BESTEFFORT,MISSED,m6-1,66.781,"{'m1-1': 106.77, 'm2-1': 0.98, 'm3-1': 1.05, 'm4-1': 9.91, 'm5-1': 27.84, 'm6-1': 0.95, 'm7-1': 107.47, 'm8-1': 99.8}",0.6674999999999898,176.336,inf,176.781,176.781,176.781
672,T8,BESTEFFORT,MISSED,m2-1,66.829,"{'m1-1': 100.68, 'm2-1': 1.13, 'm3-1': 1.15, 'm4-1': 10.51, 'm5-1': 28.57, 'm6-1': 0.94, 'm7-1': 94.62, 'm8-1': 110.06}",0.08699999999998909,176.77100000000002,inf,176.829,176.829,176.829
673,T4,BESTEFFORT,MISSED,m3-1,67.021,"{'m1-1': 110.83, 'm2-1': 1.02, 'm3-1': 0.99, 'm4-1': 10.14, 'm5-1': 25.22, 'm6-1': 1.05, 'm7-1': 114.13, 'm8-1': 94.5}",1.0410000000000252,176.327,inf,177.02100000000002,177.02100000000002,177.02100000000002
674,T3,BESTEFFORT,MISSED,m3-1,67.049,"{'m1-1': 101.21, 'm2-1': 1.04, 'm3-1': 1.04, 'm4-1': 9.62, 'm5-1': 28.75, 'm6-1': 1.14, 'm7-1': 106.73, 'm8-1': 113.37}",0.04199999999998738,177.02100000000002,inf,177.049,177.049,177.049
675,T8,BESTEFFORT,MISSED,m3-1,67.12,"{'m1-1': 106.92, 'm2-1': 1.0, 'm3-1': 1.06, 'm4-1': 11.7, 'm5-1': 24.81, 'm6-1': 1.08, 'm7-1': 98.48, 'm8-1': 109.07}",0.10649999999999693,177.049,inf,177.12,177.12,177.12
676,T1,BESTEFFORT,MISSED,m3-1,67.151,"{'m1-1': 111.4, 'm2-1': 1.13, 'm3-1': 1.04, 'm4-1': 10.55, 'm5-1': 27.03, 'm6-1': 1.03, 'm7-1': 102.78, 'm8-1': 117.7}",0.04650000000000887,177.12,inf,177.151,177.151,177.151
677,T3,BESTEFFORT,MISSED,m2-1,67.813,"{'m1-1': 101.94, 'm2-1': 1.17, 'm3-1': 1.02, 'm4-1': 10.36, 'm5-1': 27.27, 'm6-1': 1.13, 'm7-1': 106.45, 'm8-1': 108.85}",1.4759999999999707,176.829,inf,177.813,177.813,177.813
678,T1,BESTEFFORT,COMPLETED,m6-1,67.984,"{'m1-1': 100.2, 'm2-1': 1.14, 'm3-1': 1.04, 'm4-1': 10.23, 'm5-1': 24.29, 'm6-1': 0.94, 'm7-1': 95.3, 'm8-1': 111.59}",1.41,176.781,177.721,inf,177.98399999999998,177.98399999999998
679,T9,BESTEFFORT,MISSED,m3-1,68.071,"{'m1-1': 111.33, 'm2-1': 1.08, 'm3-1': 1.07, 'm4-1': 9.9, 'm5-1': 25.34, 'm6-1': 1.06, 'm7-1': 110.11, 'm8-1': 108.09}",1.3799999999999812,177.151,inf,178.071,178.071,178.071
680,T2,BESTEFFORT,MISSED,m2-1,68.104,"{'m1-1': 98.51, 'm2-1': 1.0, 'm3-1': 1.11, 'm4-1': 10.51, 'm5-1': 26.12, 'm6-1': 1.01, 'm7-1': 99.57, 'm8-1': 102.84}",0.4364999999999952,177.813,inf,178.10399999999998,178.10399999999998,178.10399999999998
681,T6,BESTEFFORT,MISSED,m3-1,68.169,"{'m1-1': 101.24, 'm2-1': 0.97, 'm3-1': 1.1, 'm4-1': 11.16, 'm5-1': 25.58, 'm6-1': 0.99, 'm7-1': 110.56, 'm8-1': 104.68}",0.14699999999997715,178.071,inf,178.16899999999998,178.16899999999998,178.16899999999998
682,T3,BESTEFFORT,MISSED,m3-1,68.23,"{'m1-1': 109.15, 'm2-1': 1.09, 'm3-1': 1.1, 'm4-1': 10.18, 'm5-1': 26.8, 'm6-1': 0.99, 'm7-1': 97.2, 'm8-1': 102.88}",0.0915000000000532,178.16899999999998,inf,178.23000000000002,178.23000000000002,178.23000000000002
683,T2,BESTEFFORT,MISSED,m2-1,68.234,"{'m1-1': 107.18, 'm2-1': 1.0, 'm3-1': 0.99, 'm4-1': 10.72, 'm5-1': 24.78, 'm6-1': 1.04, 'm7-1': 111.16, 'm8-1': 106.79}",0.19499999999999318,178.10399999999998,inf,178.23399999999998,178.23399999999998,178.23399999999998
684,T5,BESTEFFORT,MISSED,m2-1,68.316,"{'m1-1': 105.42, 'm2-1': 1.09, 'm3-1': 1.0, 'm4-1': 10.74, 'm5-1': 25.76, 'm6-1': 1.02, 'm7-1': 105.8, 'm8-1': 99.03}",0.12300000000003308,178.23399999999998,inf,178.316,178.316,178.316
685,T9,BESTEFFORT,MISSED,m3-1,68.44,"{'m1-1': 99.77, 'm2-1': 0.97, 'm3-1': 1.05, 'm4-1': 10.26, 'm5-1': 26.86, 'm6-1': 1.0, 'm7-1': 97.85, 'm8-1': 106.97}",0.3149999999999693,178.23000000000002,inf,178.44,178.44,178.44
686,T3,BESTEFFORT,MISSED,m6-1,68.583,"{'m1-1': 108.86, 'm2-1': 1.09, 'm3-1': 1.02, 'm4-1': 10.74, 'm5-1': 28.25, 'm6-1': 1.08, 'm7-1': 101.58, 'm8-1': 101.46}",1.2929999999999922,177.721,inf,178.583,178.583,178.583
687,T3,BESTEFFORT,MISSED,m3-1,68.858,"{'m1-1': 114.31, 'm2-1': 1.06, 'm3-1': 1.05, 'm4-1': 9.51, 'm5-1': 26.51, 'm6-1': 1.1, 'm7-1': 96.28, 'm8-1': 105.91}",0.6270000000000095,178.44,inf,178.858,178.858,178.858
688,T6,BESTEFFORT,MISSED,m2-1,69.026,"{'m1-1': 109.79, 'm2-1': 1.05, 'm3-1': 1.04, 'm4-1': 10.85, 'm5-1': 27.6, 'm6-1': 1.06, 'm7-1': 107.01, 'm8-1': 100.75}",1.065000000000012,178.316,inf,179.026,179.026,179.026
689,T8,BESTEFFORT,MISSED,m6-1,69.078,"{'m1-1': 115.42, 'm2-1': 1.0, 'm3-1': 1.11, 'm4-1': 11.7, 'm5-1': 26.9, 'm6-1': 0.99, 'm7-1': 96.83, 'm8-1': 111.29}",0.7425000000000068,178.583,inf,179.078,179.078,179.078
690,T1,BESTEFFORT,MISSED,m2-1,69.255,"{'m1-1': 100.94, 'm2-1': 1.1, 'm3-1': 1.05, 'm4-1': 10.14, 'm5-1': 25.15, 'm6-1': 0.96, 'm7-1': 104.42, 'm8-1': 107.71}",0.3434999999999775,179.026,inf,179.255,179.255,179.255
691,T9,BESTEFFORT,MISSED,m6-1,69.263,"{'m1-1': 117.08, 'm2-1': 1.01, 'm3-1': 1.07, 'm4-1': 9.49, 'm5-1': 26.35, 'm6-1': 1.05, 'm7-1': 102.07, 'm8-1': 110.81}",0.2775000000000034,179.078,inf,179.263,179.263,179.263
692,T5,BESTEFFORT,MISSED,m6-1,69.449,"{'m1-1': 112.52, 'm2-1': 1.08, 'm3-1': 1.04, 'm4-1': 10.19, 'm5-1': 26.81, 'm6-1': 1.0, 'm7-1': 110.87, 'm8-1': 112.41}",0.2790000000000106,179.263,inf,179.449,179.449,179.449
693,T7,BESTEFFORT,MISSED,m2-1,69.772,"{'m1-1': 117.98, 'm2-1': 1.09, 'm3-1': 0.98, 'm4-1': 10.54, 'm5-1': 25.5, 'm6-1': 1.01, 'm7-1': 109.58, 'm8-1': 95.88}",0.7754999999999939,179.255,inf,179.772,179.772,179.772
694,T8,BESTEFFORT,MISSED,m3-1,69.819,"{'m1-1': 112.13, 'm2-1': 1.09, 'm3-1': 1.0, 'm4-1': 11.74, 'm5-1': 24.71, 'm6-1': 1.06, 'm7-1': 101.02, 'm8-1': 105.26}",1.441500000000019,178.858,inf,179.81900000000002,179.81900000000002,179.81900000000002
695,T4,BESTEFFORT,MISSED,m2-1,69.824,"{'m1-1': 105.42, 'm2-1': 1.04, 'm3-1': 1.06, 'm4-1': 11.26, 'm5-1': 24.85, 'm6-1': 1.02, 'm7-1': 104.66, 'm8-1': 106.0}",0.07800000000003138,179.772,inf,179.824,179.824,179.824
696,T9,BESTEFFORT,MISSED,m3-1,69.895,"{'m1-1': 117.05, 'm2-1': 0.99, 'm3-1': 1.09, 'm4-1': 9.77, 'm5-1': 24.03, 'm6-1': 1.05, 'm7-1': 102.12, 'm8-1': 100.81}",0.11399999999994748,179.81900000000002,inf,179.89499999999998,179.89499999999998,179.89499999999998
697,T2,BESTEFFORT,MISSED,m6-1,69.967,"{'m1-1': 109.93, 'm2-1': 1.14, 'm3-1': 1.11, 'm4-1': 9.95, 'm5-1': 24.35, 'm6-1': 1.12, 'm7-1': 107.81, 'm8-1': 115.36}",0.7769999999999584,179.449,inf,179.96699999999998,179.96699999999998,179.96699999999998
698,T4,BESTEFFORT,MISSED,m6-1,69.975,"{'m1-1': 113.44, 'm2-1': 1.12, 'm3-1': 1.07, 'm4-1': 11.03, 'm5-1': 26.02, 'm6-1': 0.99, 'm7-1': 106.75, 'm8-1': 93.23}",0.012000000000014666,179.96699999999998,inf,179.975,179.975,179.975
699,T4,BESTEFFORT,MISSED,m3-1,70.173,"{'m1-1': 104.68, 'm2-1': 1.16, 'm3-1': 1.09, 'm4-1': 11.88, 'm5-1': 27.45, 'm6-1': 1.08, 'm7-1': 105.67, 'm8-1': 99.95}",0.41700000000003,179.89499999999998,inf,180.173,180.173,180.173
700,T8,BESTEFFORT,MISSED,m6-1,70.335,"{'m1-1': 109.16, 'm2-1': 1.05, 'm3-1': 1.08, 'm4-1': 10.96, 'm5-1': 26.46, 'm6-1': 1.03, 'm7-1': 104.72, 'm8-1': 105.68}",0.5399999999999778,179.975,inf,180.33499999999998,180.33499999999998,180.33499999999998
701,T3,BESTEFFORT,MISSED,m2-1,70.389,"{'m1-1': 103.37, 'm2-1': 1.12, 'm3-1': 1.13, 'm4-1': 9.89, 'm5-1': 24.79, 'm6-1': 1.1, 'm7-1': 110.14, 'm8-1': 99.44}",0.8474999999999966,179.824,inf,180.389,180.389,180.389
702,T9,BESTEFFORT,MISSED,m6-1,70.461,"{'m1-1': 100.64, 'm2-1': 1.04, 'm3-1': 0.96, 'm4-1': 9.56, 'm5-1': 26.78, 'm6-1': 1.11, 'm7-1': 97.94, 'm8-1': 105.88}",0.1890000000000498,180.33499999999998,inf,180.461,180.461,180.461
703,T8,BESTEFFORT,MISSED,m3-1,70.547,"{'m1-1': 99.2, 'm2-1': 1.03, 'm3-1': 1.14, 'm4-1': 10.52, 'm5-1': 26.73, 'm6-1': 1.04, 'm7-1': 112.12, 'm8-1': 102.39}",0.5609999999999928,180.173,inf,180.547,180.547,180.547
704,T5,BESTEFFORT,MISSED,m6-1,70.61,"{'m1-1': 115.24, 'm2-1': 0.97, 'm3-1': 1.03, 'm4-1': 10.91, 'm5-1': 24.47, 'm6-1': 1.01, 'm7-1': 114.31, 'm8-1': 95.28}",0.22350000000000136,180.461,inf,180.61,180.61,180.61
705,T5,BESTEFFORT,MISSED,m6-1,70.62,"{'m1-1': 105.78, 'm2-1': 1.0, 'm3-1': 0.99, 'm4-1': 9.44, 'm5-1': 26.75, 'm6-1': 0.96, 'm7-1': 118.69, 'm8-1': 109.78}",0.014999999999986358,180.61,inf,180.62,180.62,180.62
706,T3,BESTEFFORT,MISSED,m3-1,70.705,"{'m1-1': 113.19, 'm2-1': 1.15, 'm3-1': 1.15, 'm4-1': 9.98, 'm5-1': 26.58, 'm6-1': 1.08, 'm7-1': 97.32, 'm8-1': 112.79}",0.23699999999998056,180.547,inf,180.70499999999998,180.70499999999998,180.70499999999998
707,T10,BESTEFFORT,MISSED,m3-1,70.807,"{'m1-1': 100.48, 'm2-1': 1.18, 'm3-1': 0.97, 'm4-1': 9.78, 'm5-1': 27.32, 'm6-1': 1.05, 'm7-1': 95.35, 'm8-1': 98.07}",0.15300000000004843,180.70499999999998,inf,180.80700000000002,180.80700000000002,180.80700000000002
708,T8,BESTEFFORT,MISSED,m6-1,70.831,"{'m1-1': 104.4, 'm2-1': 1.06, 'm3-1': 1.15, 'm4-1': 10.18, 'm5-1': 25.16, 'm6-1': 1.02, 'm7-1': 110.56, 'm8-1': 96.06}",0.3165000000000191,180.62,inf,180.83100000000002,180.83100000000002,180.83100000000002
709,T8,BESTEFFORT,MISSED,m2-1,71.062,"{'m1-1': 111.03, 'm2-1': 1.09, 'm3-1': 0.98, 'm4-1': 11.35, 'm5-1': 25.03, 'm6-1': 1.09, 'm7-1': 102.37, 'm8-1': 98.78}",1.0095000000000027,180.389,inf,181.062,181.062,181.062
710,T3,BESTEFFORT,MISSED,m2-1,71.102,"{'m1-1': 109.42, 'm2-1': 1.12, 'm3-1': 1.11, 'm4-1': 11.18, 'm5-1': 26.73, 'm6-1': 1.0, 'm7-1': 103.21, 'm8-1': 108.05}",0.05999999999998806,181.062,inf,181.102,181.102,181.102
711,T7,BESTEFFORT,MISSED,m3-1,71.133,"{'m1-1': 102.59, 'm2-1': 1.05, 'm3-1': 1.1, 'm4-1': 10.04, 'm5-1': 25.88, 'm6-1': 1.04, 'm7-1': 103.05, 'm8-1': 101.37}",0.4889999999999475,180.80700000000002,inf,181.13299999999998,181.13299999999998,181.13299999999998
712,T2,BESTEFFORT,MISSED,m3-1,71.229,"{'m1-1': 114.49, 'm2-1': 0.97, 'm3-1': 1.04, 'm4-1': 9.81, 'm5-1': 25.17, 'm6-1': 1.01, 'm7-1': 110.6, 'm8-1': 110.75}",0.14400000000000546,181.13299999999998,inf,181.22899999999998,181.22899999999998,181.22899999999998
713,T3,BESTEFFORT,MISSED,m6-1,71.467,"{'m1-1': 113.95, 'm2-1': 1.0, 'm3-1': 1.07, 'm4-1': 10.42, 'm5-1': 25.42, 'm6-1': 1.09, 'm7-1': 101.63, 'm8-1': 104.71}",0.9539999999999509,180.83100000000002,inf,181.46699999999998,181.46699999999998,181.46699999999998
714,T4,BESTEFFORT,MISSED,m6-1,71.56,"{'m1-1': 112.07, 'm2-1': 1.1, 'm3-1': 1.11, 'm4-1': 11.11, 'm5-1': 28.74, 'm6-1': 1.09, 'm7-1': 101.9, 'm8-1': 96.5}",0.1395000000000266,181.46699999999998,inf,181.56,181.56,181.56
715,T6,BESTEFFORT,MISSED,m6-1,71.632,"{'m1-1': 96.64, 'm2-1': 0.97, 'm3-1': 1.04, 'm4-1': 11.1, 'm5-1': 27.14, 'm6-1': 1.06, 'm7-1': 101.89, 'm8-1': 107.88}",0.10800000000000409,181.56,inf,181.632,181.632,181.632
716,T9,BESTEFFORT,MISSED,m3-1,71.757,"{'m1-1': 108.9, 'm2-1': 1.07, 'm3-1': 1.09, 'm4-1': 9.22, 'm5-1': 28.12, 'm6-1': 0.99, 'm7-1': 96.73, 'm8-1': 115.27}",0.79200000000003,181.22899999999998,inf,181.757,181.757,181.757
717,T7,BESTEFFORT,MISSED,m3-1,72.126,"{'m1-1': 103.4, 'm2-1': 1.07, 'm3-1': 1.0, 'm4-1': 9.97, 'm5-1': 27.5, 'm6-1': 1.19, 'm7-1': 105.28, 'm8-1': 99.79}",0.5534999999999997,181.757,inf,182.126,182.126,182.126
718,T9,BESTEFFORT,MISSED,m6-1,72.17,"{'m1-1': 101.08, 'm2-1': 0.98, 'm3-1': 1.01, 'm4-1': 9.89, 'm5-1': 27.75, 'm6-1': 0.96, 'm7-1': 102.2, 'm8-1': 113.41}",0.8070000000000164,181.632,inf,182.17000000000002,182.17000000000002,182.17000000000002
719,T4,BESTEFFORT,MISSED,m3-1,72.227,"{'m1-1': 107.82, 'm2-1': 1.11, 'm3-1': 1.07, 'm4-1': 10.18, 'm5-1': 27.7, 'm6-1': 0.99, 'm7-1': 113.98, 'm8-1': 100.78}",0.15149999999999864,182.126,inf,182.227,182.227,182.227
720,T3,BESTEFFORT,MISSED,m6-1,72.43,"{'m1-1': 109.94, 'm2-1': 1.16, 'm3-1': 1.17, 'm4-1': 10.24, 'm5-1': 24.3, 'm6-1': 1.12, 'm7-1': 102.97, 'm8-1': 110.6}",0.38999999999998636,182.17000000000002,inf,182.43,182.43,182.43
721,T1,BESTEFFORT,COMPLETED,m2-1,72.449,"{'m1-1': 106.04, 'm2-1': 1.16, 'm3-1': 1.04, 'm4-1': 10.54, 'm5-1': 27.18, 'm6-1': 1.1, 'm7-1': 102.26, 'm8-1': 99.67}",1.7399999999999998,181.102,182.262,inf,182.449,182.449
722,T10,BESTEFFORT,MISSED,m3-1,72.576,"{'m1-1': 102.27, 'm2-1': 1.04, 'm3-1': 0.97, 'm4-1': 10.89, 'm5-1': 27.04, 'm6-1': 1.1, 'm7-1': 108.58, 'm8-1': 103.86}",0.5234999999999843,182.227,inf,182.576,182.576,182.576
723,T9,BESTEFFORT,MISSED,m3-1,72.669,"{'m1-1': 117.08, 'm2-1': 1.03, 'm3-1': 1.04, 'm4-1': 10.4, 'm5-1': 24.99, 'm6-1': 0.98, 'm7-1': 109.72, 'm8-1': 106.94}",0.13949999999998397,182.576,inf,182.66899999999998,182.66899999999998,182.66899999999998
724,T3,BESTEFFORT,MISSED,m6-1,72.773,"{'m1-1': 113.48, 'm2-1': 1.14, 'm3-1': 1.03, 'm4-1': 10.65, 'm5-1': 28.75, 'm6-1': 1.0, 'm7-1': 102.98, 'm8-1': 110.85}",0.514499999999984,182.43,inf,182.773,182.773,182.773
725,T9,BESTEFFORT,MISSED,m2-1,72.827,"{'m1-1': 105.54, 'm2-1': 1.07, 'm3-1': 1.05, 'm4-1': 10.66, 'm5-1': 26.68, 'm6-1': 0.95, 'm7-1': 101.24, 'm8-1': 106.17}",0.8474999999999966,182.262,inf,182.827,182.827,182.827
726,T7,BESTEFFORT,MISSED,m2-1,72.849,"{'m1-1': 112.68, 'm2-1': 1.14, 'm3-1': 1.1, 'm4-1': 9.46, 'm5-1': 24.45, 'm6-1': 1.07, 'm7-1': 104.42, 'm8-1': 106.81}",0.03299999999998704,182.827,inf,182.849,182.849,182.849
727,T1,BESTEFFORT,MISSED,m2-1,72.94,"{'m1-1': 102.53, 'm2-1': 1.14, 'm3-1': 1.02, 'm4-1': 10.56, 'm5-1': 26.86, 'm6-1': 0.93, 'm7-1': 99.37, 'm8-1': 109.75}",0.13650000000001228,182.849,inf,182.94,182.94,182.94
728,T1,BESTEFFORT,MISSED,m6-1,73.136,"{'m1-1': 98.12, 'm2-1': 1.16, 'm3-1': 1.16, 'm4-1': 9.59, 'm5-1': 24.83, 'm6-1': 1.01, 'm7-1': 97.85, 'm8-1': 110.93}",0.5444999999999993,182.773,inf,183.136,183.136,183.136
729,T3,BESTEFFORT,MISSED,m3-1,73.263,"{'m1-1': 114.74, 'm2-1': 1.13, 'm3-1': 1.13, 'm4-1': 11.12, 'm5-1': 28.75, 'm6-1': 0.99, 'm7-1': 104.31, 'm8-1': 115.58}",0.8910000000000338,182.66899999999998,inf,183.263,183.263,183.263
730,T2,BESTEFFORT,MISSED,m2-1,73.278,"{'m1-1': 106.52, 'm2-1': 0.98, 'm3-1': 0.97, 'm4-1': 10.9, 'm5-1': 23.45, 'm6-1': 1.08, 'm7-1': 115.94, 'm8-1': 111.68}",0.5070000000000334,182.94,inf,183.27800000000002,183.27800000000002,183.27800000000002
731,T4,BESTEFFORT,MISSED,m3-1,73.31,"{'m1-1': 103.91, 'm2-1': 1.15, 'm3-1': 0.97, 'm4-1': 10.6, 'm5-1': 26.18, 'm6-1': 1.15, 'm7-1': 114.02, 'm8-1': 99.86}",0.07049999999999557,183.263,inf,183.31,183.31,183.31
732,T1,BESTEFFORT,MISSED,m6-1,73.33,"{'m1-1': 110.93, 'm2-1': 1.09, 'm3-1': 1.16, 'm4-1': 9.78, 'm5-1': 26.65, 'm6-1': 0.93, 'm7-1': 100.78, 'm8-1': 118.24}",0.2909999999999826,183.136,inf,183.32999999999998,183.32999999999998,183.32999999999998
733,T3,BESTEFFORT,MISSED,m2-1,73.519,"{'m1-1': 106.68, 'm2-1': 1.09, 'm3-1': 1.11, 'm4-1': 10.41, 'm5-1': 25.62, 'm6-1': 1.06, 'm7-1': 107.82, 'm8-1': 114.57}",0.36149999999997817,183.27800000000002,inf,183.519,183.519,183.519
734,T3,BESTEFFORT,MISSED,m6-1,73.526,"{'m1-1': 109.04, 'm2-1': 1.09, 'm3-1': 1.14, 'm4-1': 9.57, 'm5-1': 28.44, 'm6-1': 0.98, 'm7-1': 96.68, 'm8-1': 102.82}",0.29400000000003956,183.32999999999998,inf,183.526,183.526,183.526
735,T7,BESTEFFORT,MISSED,m3-1,73.575,"{'m1-1': 112.93, 'm2-1': 1.08, 'm3-1': 1.07, 'm4-1': 9.98, 'm5-1': 24.48, 'm6-1': 1.08, 'm7-1': 109.44, 'm8-1': 108.53}",0.39749999999997954,183.31,inf,183.575,183.575,183.575
736,T4,BESTEFFORT,MISSED,m6-1,73.721,"{'m1-1': 115.58, 'm2-1': 1.09, 'm3-1': 1.0, 'm4-1': 11.81, 'm5-1': 25.39, 'm6-1': 1.07, 'm7-1': 115.09, 'm8-1': 108.27}",0.29249999999998977,183.526,inf,183.721,183.721,183.721
737,T3,BESTEFFORT,MISSED,m2-1,73.773,"{'m1-1': 118.39, 'm2-1': 1.12, 'm3-1': 1.05, 'm4-1': 11.2, 'm5-1': 25.21, 'm6-1': 1.12, 'm7-1': 110.44, 'm8-1': 103.72}",0.380999999999986,183.519,inf,183.773,183.773,183.773
738,T1,BESTEFFORT,MISSED,m6-1,73.868,"{'m1-1': 105.92, 'm2-1': 1.02, 'm3-1': 1.08, 'm4-1': 9.84, 'm5-1': 25.76, 'm6-1': 0.92, 'm7-1': 99.08, 'm8-1': 117.48}",0.22049999999998704,183.721,inf,183.868,183.868,183.868
739,T7,BESTEFFORT,MISSED,m3-1,73.873,"{'m1-1': 112.58, 'm2-1': 1.13, 'm3-1': 1.08, 'm4-1': 10.85, 'm5-1': 24.48, 'm6-1': 1.06, 'm7-1': 105.63, 'm8-1': 108.74}",0.44700000000000273,183.575,inf,183.873,183.873,183.873
740,T3,BESTEFFORT,MISSED,m6-1,73.875,"{'m1-1': 103.74, 'm2-1': 1.18, 'm3-1': 1.08, 'm4-1': 10.9, 'm5-1': 26.94, 'm6-1': 0.97, 'm7-1': 109.73, 'm8-1': 102.47}",0.010500000000007503,183.868,inf,183.875,183.875,183.875
741,T10,BESTEFFORT,MISSED,m3-1,73.956,"{'m1-1': 96.63, 'm2-1': 1.15, 'm3-1': 1.01, 'm4-1': 9.96, 'm5-1': 26.7, 'm6-1': 1.08, 'm7-1': 101.46, 'm8-1': 109.1}",0.12450000000004025,183.873,inf,183.95600000000002,183.95600000000002,183.95600000000002
742,T2,BESTEFFORT,MISSED,m2-1,74.06,"{'m1-1': 101.87, 'm2-1': 0.99, 'm3-1': 1.11, 'm4-1': 9.31, 'm5-1': 24.99, 'm6-1': 1.09, 'm7-1': 103.06, 'm8-1': 115.63}",0.4305000000000092,183.773,inf,184.06,184.06,184.06
743,T7,BESTEFFORT,MISSED,m2-1,74.122,"{'m1-1': 106.19, 'm2-1': 1.14, 'm3-1': 1.03, 'm4-1': 9.85, 'm5-1': 27.52, 'm6-1': 1.03, 'm7-1': 110.7, 'm8-1': 104.43}",0.09300000000001774,184.06,inf,184.122,184.122,184.122
744,T9,BESTEFFORT,MISSED,m2-1,74.285,"{'m1-1': 105.03, 'm2-1': 0.99, 'm3-1': 1.08, 'm4-1': 9.27, 'm5-1': 26.32, 'm6-1': 1.1, 'm7-1': 100.19, 'm8-1': 99.15}",0.24449999999997374,184.122,inf,184.285,184.285,184.285
745,T2,BESTEFFORT,MISSED,m3-1,74.402,"{'m1-1': 107.94, 'm2-1': 1.04, 'm3-1': 1.1, 'm4-1': 10.66, 'm5-1': 25.27, 'm6-1': 1.15, 'm7-1': 104.82, 'm8-1': 110.53}",0.6689999999999543,183.95600000000002,inf,184.402,184.402,184.402
746,T1,BESTEFFORT,MISSED,m6-1,74.539,"{'m1-1': 107.19, 'm2-1': 1.14, 'm3-1': 1.08, 'm4-1': 10.94, 'm5-1': 25.5, 'm6-1': 1.02, 'm7-1': 98.49, 'm8-1': 112.62}",0.9959999999999809,183.875,inf,184.539,184.539,184.539
747,T8,BESTEFFORT,MISSED,m6-1,74.574,"{'m1-1': 112.52, 'm2-1': 0.96, 'm3-1': 1.08, 'm4-1': 10.77, 'm5-1': 27.27, 'm6-1': 0.98, 'm7-1': 100.64, 'm8-1': 102.4}",0.05250000000003752,184.539,inf,184.574,184.574,184.574
748,T2,BESTEFFORT,MISSED,m2-1,74.603,"{'m1-1': 111.79, 'm2-1': 1.14, 'm3-1': 1.05, 'm4-1': 10.96, 'm5-1': 26.33, 'm6-1': 1.06, 'm7-1': 108.03, 'm8-1': 116.91}",0.4770000000000181,184.285,inf,184.603,184.603,184.603
749,T9,BESTEFFORT,MISSED,m3-1,74.68,"{'m1-1': 108.62, 'm2-1': 1.12, 'm3-1': 1.02, 'm4-1': 9.19, 'm5-1': 28.18, 'm6-1': 1.04, 'm7-1': 95.09, 'm8-1': 113.81}",0.41700000000003,184.402,inf,184.68,184.68,184.68
750,T4,BESTEFFORT,MISSED,m2-1,74.713,"{'m1-1': 112.66, 'm2-1': 1.05, 'm3-1': 1.06, 'm4-1': 11.29, 'm5-1': 25.08, 'm6-1': 1.04, 'm7-1': 103.52, 'm8-1': 105.13}",0.16499999999997783,184.603,inf,184.713,184.713,184.713
751,T7,BESTEFFORT,MISSED,m6-1,74.891,"{'m1-1': 102.63, 'm2-1': 0.99, 'm3-1': 1.03, 'm4-1': 10.91, 'm5-1': 23.43, 'm6-1': 1.18, 'm7-1': 101.55, 'm8-1': 111.58}",0.4755000000000109,184.574,inf,184.89100000000002,184.89100000000002,184.89100000000002
752,T3,BESTEFFORT,MISSED,m6-1,74.96,"{'m1-1': 109.68, 'm2-1': 1.18, 'm3-1': 1.13, 'm4-1': 10.75, 'm5-1': 26.84, 'm6-1': 0.99, 'm7-1': 101.42, 'm8-1': 104.75}",0.10349999999993997,184.89100000000002,inf,184.95999999999998,184.95999999999998,184.95999999999998
753,T10,BESTEFFORT,MISSED,m3-1,74.967,"{'m1-1': 108.53, 'm2-1': 1.12, 'm3-1': 1.03, 'm4-1': 10.84, 'm5-1': 27.09, 'm6-1': 1.08, 'm7-1': 94.08, 'm8-1': 103.27}",0.4304999999999666,184.68,inf,184.96699999999998,184.96699999999998,184.96699999999998
754,T6,BESTEFFORT,MISSED,m2-1,74.988,"{'m1-1': 98.38, 'm2-1': 1.12, 'm3-1': 1.06, 'm4-1': 9.96, 'm5-1': 24.45, 'm6-1': 1.02, 'm7-1': 110.16, 'm8-1': 94.68}",0.4125000000000085,184.713,inf,184.988,184.988,184.988
755,T8,BESTEFFORT,MISSED,m6-1,75.003,"{'m1-1': 105.55, 'm2-1': 1.03, 'm3-1': 0.98, 'm4-1': 10.45, 'm5-1': 26.2, 'm6-1': 0.96, 'm7-1': 103.81, 'm8-1': 95.83}",0.06450000000000955,184.95999999999998,inf,185.003,185.003,185.003
756,T4,BESTEFFORT,MISSED,m6-1,75.063,"{'m1-1': 114.75, 'm2-1': 1.02, 'm3-1': 1.05, 'm4-1': 11.67, 'm5-1': 24.89, 'm6-1': 1.03, 'm7-1': 100.88, 'm8-1': 101.31}",0.09000000000000341,185.003,inf,185.063,185.063,185.063
757,T9,BESTEFFORT,MISSED,m3-1,75.091,"{'m1-1': 102.18, 'm2-1': 1.09, 'm3-1': 0.97, 'm4-1': 10.71, 'm5-1': 26.81, 'm6-1': 1.08, 'm7-1': 104.65, 'm8-1': 99.07}",0.18600000000003547,184.96699999999998,inf,185.091,185.091,185.091
758,T5,BESTEFFORT,MISSED,m2-1,75.116,"{'m1-1': 107.91, 'm2-1': 1.02, 'm3-1': 1.0, 'm4-1': 10.4, 'm5-1': 25.51, 'm6-1': 1.0, 'm7-1': 118.38, 'm8-1': 100.7}",0.19199999999997885,184.988,inf,185.11599999999999,185.11599999999999,185.11599999999999
759,T10,BESTEFFORT,MISSED,m3-1,75.276,"{'m1-1': 113.08, 'm2-1': 1.01, 'm3-1': 1.05, 'm4-1': 9.97, 'm5-1': 28.1, 'm6-1': 1.01, 'm7-1': 101.15, 'm8-1': 101.78}",0.2775000000000034,185.091,inf,185.276,185.276,185.276
760,T7,BESTEFFORT,MISSED,m3-1,75.306,"{'m1-1': 107.38, 'm2-1': 1.08, 'm3-1': 0.98, 'm4-1': 10.42, 'm5-1': 24.25, 'm6-1': 1.15, 'm7-1': 107.57, 'm8-1': 99.76}",0.04499999999995907,185.276,inf,185.30599999999998,185.30599999999998,185.30599999999998
761,T5,BESTEFFORT,MISSED,m2-1,75.395,"{'m1-1': 112.94, 'm2-1': 0.99, 'm3-1': 1.11, 'm4-1': 10.48, 'm5-1': 25.74, 'm6-1': 0.96, 'm7-1': 110.13, 'm8-1': 111.67}",0.41849999999999454,185.11599999999999,inf,185.39499999999998,185.39499999999998,185.39499999999998
762,T9,BESTEFFORT,MISSED,m3-1,75.418,"{'m1-1': 102.84, 'm2-1': 1.02, 'm3-1': 1.04, 'm4-1': 9.36, 'm5-1': 26.24, 'm6-1': 1.04, 'm7-1': 101.06, 'm8-1': 108.38}",0.1680000000000348,185.30599999999998,inf,185.418,185.418,185.418
763,T5,BESTEFFORT,MISSED,m2-1,75.496,"{'m1-1': 104.66, 'm2-1': 0.98, 'm3-1': 1.1, 'm4-1': 10.3, 'm5-1': 25.1, 'm6-1': 1.09, 'm7-1': 117.1, 'm8-1': 102.73}",0.15149999999999864,185.39499999999998,inf,185.49599999999998,185.49599999999998,185.49599999999998
764,T1,BESTEFFORT,MISSED,m3-1,75.519,"{'m1-1': 116.01, 'm2-1': 1.11, 'm3-1': 1.15, 'm4-1': 10.45, 'm5-1': 24.4, 'm6-1': 1.03, 'm7-1': 106.26, 'm8-1': 106.53}",0.15149999999999864,185.418,inf,185.519,185.519,185.519
765,T1,BESTEFFORT,MISSED,m6-1,75.61,"{'m1-1': 106.39, 'm2-1': 1.02, 'm3-1': 1.12, 'm4-1': 9.84, 'm5-1': 27.98, 'm6-1': 0.97, 'm7-1': 103.75, 'm8-1': 117.7}",0.8205000000000382,185.063,inf,185.61,185.61,185.61
766,T5,BESTEFFORT,MISSED,m2-1,75.785,"{'m1-1': 104.86, 'm2-1': 0.97, 'm3-1': 1.04, 'm4-1': 9.74, 'm5-1': 26.27, 'm6-1': 0.96, 'm7-1': 118.1, 'm8-1': 98.87}",0.43350000000002353,185.49599999999998,inf,185.785,185.785,185.785
767,T1,BESTEFFORT,MISSED,m2-1,75.931,"{'m1-1': 110.03, 'm2-1': 1.08, 'm3-1': 1.08, 'm4-1': 10.43, 'm5-1': 23.77, 'm6-1': 0.98, 'm7-1': 94.1, 'm8-1': 102.22}",0.21899999999997988,185.785,inf,185.93099999999998,185.93099999999998,185.93099999999998
768,T8,BESTEFFORT,MISSED,m6-1,76.282,"{'m1-1': 105.1, 'm2-1': 1.12, 'm3-1': 1.08, 'm4-1': 11.2, 'm5-1': 27.67, 'm6-1': 1.03, 'm7-1': 105.98, 'm8-1': 108.74}",1.007999999999953,185.61,inf,186.28199999999998,186.28199999999998,186.28199999999998
769,T6,BESTEFFORT,MISSED,m6-1,76.343,"{'m1-1': 98.4, 'm2-1': 0.97, 'm3-1': 1.03, 'm4-1': 11.15, 'm5-1': 25.62, 'm6-1': 0.99, 'm7-1': 107.04, 'm8-1': 110.01}",0.0915000000000532,186.28199999999998,inf,186.34300000000002,186.34300000000002,186.34300000000002
770,T5,BESTEFFORT,MISSED,m6-1,76.462,"{'m1-1': 110.42, 'm2-1': 1.12, 'm3-1': 1.12, 'm4-1': 10.71, 'm5-1': 27.71, 'm6-1': 0.94, 'm7-1': 108.81, 'm8-1': 96.22}",0.17849999999995703,186.34300000000002,inf,186.462,186.462,186.462
771,T3,BESTEFFORT,MISSED,m2-1,76.466,"{'m1-1': 110.63, 'm2-1': 1.07, 'm3-1': 1.02, 'm4-1': 10.59, 'm5-1': 28.37, 'm6-1': 1.12, 'm7-1': 104.6, 'm8-1': 111.86}",0.8025000000000375,185.93099999999998,inf,186.466,186.466,186.466
772,T7,BESTEFFORT,MISSED,m3-1,76.489,"{'m1-1': 117.86, 'm2-1': 1.08, 'm3-1': 1.0, 'm4-1': 11.0, 'm5-1': 24.67, 'm6-1': 1.14, 'm7-1': 103.64, 'm8-1': 94.97}",1.4549999999999983,185.519,inf,186.489,186.489,186.489
773,T9,BESTEFFORT,MISSED,m6-1,76.513,"{'m1-1': 105.28, 'm2-1': 0.96, 'm3-1': 1.03, 'm4-1': 10.5, 'm5-1': 24.37, 'm6-1': 1.06, 'm7-1': 98.18, 'm8-1': 112.29}",0.07650000000002422,186.462,inf,186.513,186.513,186.513
774,T10,BESTEFFORT,MISSED,m3-1,76.811,"{'m1-1': 108.23, 'm2-1': 1.11, 'm3-1': 1.06, 'm4-1': 10.33, 'm5-1': 26.63, 'm6-1': 1.1, 'm7-1': 94.08, 'm8-1': 109.65}",0.4830000000000041,186.489,inf,186.811,186.811,186.811
775,T2,BESTEFFORT,MISSED,m2-1,76.818,"{'m1-1': 115.14, 'm2-1': 1.06, 'm3-1': 1.1, 'm4-1': 10.07, 'm5-1': 25.28, 'm6-1': 1.13, 'm7-1': 103.41, 'm8-1': 101.92}",0.5279999999999632,186.466,inf,186.81799999999998,186.81799999999998,186.81799999999998
776,T10,BESTEFFORT,MISSED,m3-1,76.827,"{'m1-1': 106.6, 'm2-1': 1.12, 'm3-1': 0.98, 'm4-1': 9.83, 'm5-1': 24.71, 'm6-1': 1.14, 'm7-1': 93.91, 'm8-1': 95.09}",0.0239999999999867,186.811,inf,186.827,186.827,186.827
777,T9,BESTEFFORT,MISSED,m3-1,77.191,"{'m1-1': 104.86, 'm2-1': 1.05, 'm3-1': 0.95, 'm4-1': 9.65, 'm5-1': 24.37, 'm6-1': 1.06, 'm7-1': 104.69, 'm8-1': 112.61}",0.5460000000000065,186.827,inf,187.191,187.191,187.191
778,T5,BESTEFFORT,MISSED,m2-1,77.425,"{'m1-1': 112.78, 'm2-1': 1.09, 'm3-1': 1.1, 'm4-1': 10.14, 'm5-1': 27.63, 'm6-1': 1.02, 'm7-1': 102.33, 'm8-1': 97.29}",0.9105000000000416,186.81799999999998,inf,187.425,187.425,187.425
779,T4,BESTEFFORT,MISSED,m6-1,77.439,"{'m1-1': 103.66, 'm2-1': 1.13, 'm3-1': 1.03, 'm4-1': 10.24, 'm5-1': 28.48, 'm6-1': 0.99, 'm7-1': 102.52, 'm8-1': 105.64}",1.3889999999999816,186.513,inf,187.439,187.439,187.439
780,T3,BESTEFFORT,MISSED,m3-1,77.705,"{'m1-1': 113.48, 'm2-1': 1.11, 'm3-1': 1.17, 'm4-1': 9.85, 'm5-1': 28.52, 'm6-1': 1.0, 'm7-1': 112.36, 'm8-1': 107.48}",0.7709999999999724,187.191,inf,187.70499999999998,187.70499999999998,187.70499999999998
781,T10,BESTEFFORT,MISSED,m3-1,77.963,"{'m1-1': 97.62, 'm2-1': 1.02, 'm3-1': 0.99, 'm4-1': 11.36, 'm5-1': 25.62, 'm6-1': 1.03, 'm7-1': 106.28, 'm8-1': 104.38}",0.38700000000001467,187.70499999999998,inf,187.963,187.963,187.963
782,T1,BESTEFFORT,MISSED,m6-1,77.993,"{'m1-1': 107.8, 'm2-1': 1.07, 'm3-1': 1.07, 'm4-1': 10.2, 'm5-1': 26.24, 'm6-1': 1.08, 'm7-1': 95.14, 'm8-1': 103.65}",0.8310000000000031,187.439,inf,187.993,187.993,187.993
783,T7,BESTEFFORT,MISSED,m3-1,78.068,"{'m1-1': 107.77, 'm2-1': 1.13, 'm3-1': 1.08, 'm4-1': 9.53, 'm5-1': 25.39, 'm6-1': 1.03, 'm7-1': 107.47, 'm8-1': 106.15}",0.15749999999998465,187.963,inf,188.06799999999998,188.06799999999998,188.06799999999998
784,T1,BESTEFFORT,MISSED,m6-1,78.172,"{'m1-1': 99.84, 'm2-1': 1.12, 'm3-1': 1.01, 'm4-1': 9.62, 'm5-1': 24.64, 'm6-1': 0.98, 'm7-1': 93.91, 'm8-1': 118.25}",0.26850000000000307,187.993,inf,188.172,188.172,188.172
785,T8,BESTEFFORT,MISSED,m6-1,78.196,"{'m1-1': 101.91, 'm2-1': 1.09, 'm3-1': 1.14, 'm4-1': 10.12, 'm5-1': 25.43, 'm6-1': 0.98, 'm7-1': 111.19, 'm8-1': 100.43}",0.036000000000001364,188.172,inf,188.196,188.196,188.196
786,T5,BESTEFFORT,MISSED,m2-1,78.488,"{'m1-1': 106.05, 'm2-1': 1.1, 'm3-1': 1.01, 'm4-1': 9.94, 'm5-1': 27.14, 'm6-1': 1.07, 'm7-1': 104.28, 'm8-1': 110.78}",1.5944999999999823,187.425,inf,188.488,188.488,188.488
787,T6,BESTEFFORT,MISSED,m2-1,78.492,"{'m1-1': 105.74, 'm2-1': 0.94, 'm3-1': 0.98, 'm4-1': 11.54, 'm5-1': 24.29, 'm6-1': 1.0, 'm7-1': 108.98, 'm8-1': 97.88}",0.006000000000028649,188.488,inf,188.49200000000002,188.49200000000002,188.49200000000002
788,T2,BESTEFFORT,MISSED,m2-1,78.668,"{'m1-1': 113.94, 'm2-1': 1.09, 'm3-1': 1.02, 'm4-1': 10.61, 'm5-1': 25.57, 'm6-1': 1.0, 'm7-1': 107.21, 'm8-1': 110.16}",0.2639999999999816,188.49200000000002,inf,188.668,188.668,188.668
789,T9,BESTEFFORT,MISSED,m6-1,78.905,"{'m1-1': 106.28, 'm2-1': 1.03, 'm3-1': 0.99, 'm4-1': 9.89, 'm5-1': 25.06, 'm6-1': 1.01, 'm7-1': 102.9, 'm8-1': 112.06}",1.0635000000000048,188.196,inf,188.905,188.905,188.905
790,T3,BESTEFFORT,MISSED,m6-1,78.986,"{'m1-1': 113.2, 'm2-1': 1.09, 'm3-1': 1.0, 'm4-1': 10.74, 'm5-1': 25.01, 'm6-1': 1.0, 'm7-1': 104.12, 'm8-1': 113.39}",0.12149999999998329,188.905,inf,188.986,188.986,188.986
791,T10,BESTEFFORT,MISSED,m6-1,79.045,"{'m1-1': 108.29, 'm2-1': 1.12, 'm3-1': 1.01, 'm4-1': 10.24, 'm5-1': 25.3, 'm6-1': 1.05, 'm7-1': 99.64, 'm8-1': 101.86}",0.08850000000003888,188.986,inf,189.04500000000002,189.04500000000002,189.04500000000002
792,T2,BESTEFFORT,MISSED,m6-1,79.149,"{'m1-1': 104.04, 'm2-1': 1.01, 'm3-1': 1.07, 'm4-1': 9.44, 'm5-1': 25.1, 'm6-1': 1.11, 'm7-1': 110.72, 'm8-1': 118.08}",0.1559999999999775,189.04500000000002,inf,189.149,189.149,189.149
793,T9,BESTEFFORT,MISSED,m6-1,79.174,"{'m1-1': 109.98, 'm2-1': 0.95, 'm3-1': 0.96, 'm4-1': 10.12, 'm5-1': 24.04, 'm6-1': 0.98, 'm7-1': 110.27, 'm8-1': 97.86}",0.037500000000008527,189.149,inf,189.174,189.174,189.174
794,T10,BESTEFFORT,COMPLETED,m3-1,79.202,"{'m1-1': 103.92, 'm2-1': 1.06, 'm3-1': 1.04, 'm4-1': 11.4, 'm5-1': 26.54, 'm6-1': 0.97, 'm7-1': 107.85, 'm8-1': 108.1}",1.56,188.06799999999998,189.10799999999998,inf,189.202,189.202
795,T3,BESTEFFORT,MISSED,m6-1,79.235,"{'m1-1': 115.14, 'm2-1': 1.05, 'm3-1': 1.13, 'm4-1': 9.58, 'm5-1': 27.05, 'm6-1': 1.08, 'm7-1': 104.76, 'm8-1': 105.09}",0.09150000000001057,189.174,inf,189.235,189.235,189.235
796,T3,BESTEFFORT,MISSED,m3-1,79.252,"{'m1-1': 104.35, 'm2-1': 1.04, 'm3-1': 1.16, 'm4-1': 10.72, 'm5-1': 25.74, 'm6-1': 0.96, 'm7-1': 112.68, 'm8-1': 110.1}",0.21600000000005082,189.10799999999998,inf,189.252,189.252,189.252
797,T6,BESTEFFORT,MISSED,m2-1,79.36,"{'m1-1': 94.11, 'm2-1': 0.98, 'm3-1': 1.1, 'm4-1': 11.13, 'm5-1': 25.28, 'm6-1': 1.08, 'm7-1': 115.43, 'm8-1': 111.02}",1.038000000000011,188.668,inf,189.36,189.36,189.36
798,T8,BESTEFFORT,MISSED,m6-1,79.406,"{'m1-1': 103.7, 'm2-1': 0.97, 'm3-1': 1.09, 'm4-1': 10.52, 'm5-1': 25.63, 'm6-1': 0.92, 'm7-1': 97.75, 'm8-1': 106.6}",0.2564999999999884,189.235,inf,189.406,189.406,189.406
799,T8,BESTEFFORT,MISSED,m6-1,79.432,"{'m1-1': 108.15, 'm2-1': 1.04, 'm3-1': 1.06, 'm4-1': 11.16, 'm5-1': 27.66, 'm6-1': 1.08, 'm7-1': 110.51, 'm8-1': 104.3}",0.03900000000001569,189.406,inf,189.43200000000002,189.43200000000002,189.43200000000002
800,T9,BESTEFFORT,MISSED,m2-1,79.473,"{'m1-1': 99.84, 'm2-1': 1.04, 'm3-1': 1.1, 'm4-1': 9.28, 'm5-1': 25.94, 'm6-1': 1.09, 'm7-1': 107.52, 'm8-1': 113.47}",0.16949999999999932,189.36,inf,189.473,189.473,189.473
801,T6,BESTEFFORT,MISSED,m2-1,79.554,"{'m1-1': 104.16, 'm2-1': 1.11, 'm3-1': 1.04, 'm4-1': 10.31, 'm5-1': 27.39, 'm6-1': 1.06, 'm7-1': 111.32, 'm8-1': 108.87}",0.12149999999998329,189.473,inf,189.554,189.554,189.554
802,T6,BESTEFFORT,MISSED,m6-1,79.731,"{'m1-1': 98.4, 'm2-1': 1.07, 'm3-1': 0.98, 'm4-1': 10.56, 'm5-1': 27.37, 'm6-1': 0.98, 'm7-1': 105.8, 'm8-1': 95.85}",0.44849999999996726,189.43200000000002,inf,189.731,189.731,189.731
803,T3,BESTEFFORT,MISSED,m6-1,79.836,"{'m1-1': 118.46, 'm2-1': 1.02, 'm3-1': 1.06, 'm4-1': 10.0, 'm5-1': 28.72, 'm6-1': 1.05, 'm7-1': 102.05, 'm8-1': 98.63}",0.15750000000002728,189.731,inf,189.836,189.836,189.836
804,T7,BESTEFFORT,MISSED,m3-1,79.869,"{'m1-1': 114.27, 'm2-1': 1.08, 'm3-1': 1.02, 'm4-1': 11.02, 'm5-1': 24.07, 'm6-1': 1.17, 'm7-1': 110.28, 'm8-1': 99.21}",0.9254999999999853,189.252,inf,189.869,189.869,189.869
805,T6,BESTEFFORT,MISSED,m6-1,79.881,"{'m1-1': 104.28, 'm2-1': 1.11, 'm3-1': 1.02, 'm4-1': 11.0, 'm5-1': 25.43, 'm6-1': 1.0, 'm7-1': 106.48, 'm8-1': 104.96}",0.06749999999998124,189.836,inf,189.881,189.881,189.881
806,T2,BESTEFFORT,MISSED,m3-1,79.964,"{'m1-1': 107.71, 'm2-1': 1.04, 'm3-1': 1.15, 'm4-1': 10.86, 'm5-1': 23.67, 'm6-1': 1.06, 'm7-1': 104.49, 'm8-1': 104.08}",0.1424999999999983,189.869,inf,189.964,189.964,189.964
807,T10,BESTEFFORT,MISSED,m3-1,80.123,"{'m1-1': 104.73, 'm2-1': 1.13, 'm3-1': 0.95, 'm4-1': 10.78, 'm5-1': 27.45, 'm6-1': 1.09, 'm7-1': 94.49, 'm8-1': 96.3}",0.23849999999998772,189.964,inf,190.123,190.123,190.123
808,T8,BESTEFFORT,MISSED,m3-1,80.169,"{'m1-1': 102.33, 'm2-1': 1.1, 'm3-1': 1.09, 'm4-1': 10.6, 'm5-1': 24.69, 'm6-1': 0.95, 'm7-1': 103.66, 'm8-1': 99.91}",0.0689999999999884,190.123,inf,190.16899999999998,190.16899999999998,190.16899999999998
809,T7,BESTEFFORT,MISSED,m6-1,80.222,"{'m1-1': 111.36, 'm2-1': 1.14, 'm3-1': 1.08, 'm4-1': 9.41, 'm5-1': 27.49, 'm6-1': 1.03, 'm7-1': 100.62, 'm8-1': 109.29}",0.5114999999999696,189.881,inf,190.22199999999998,190.22199999999998,190.22199999999998
810,T4,BESTEFFORT,MISSED,m2-1,80.257,"{'m1-1': 101.47, 'm2-1': 1.01, 'm3-1': 1.13, 'm4-1': 10.37, 'm5-1': 25.48, 'm6-1': 1.15, 'm7-1': 103.34, 'm8-1': 105.69}",1.0545000000000044,189.554,inf,190.257,190.257,190.257
811,T7,BESTEFFORT,MISSED,m3-1,80.284,"{'m1-1': 115.74, 'm2-1': 1.09, 'm3-1': 1.01, 'm4-1': 10.42, 'm5-1': 25.84, 'm6-1': 1.02, 'm7-1': 105.46, 'm8-1': 111.72}",0.17250000000001364,190.16899999999998,inf,190.284,190.284,190.284
812,T9,BESTEFFORT,MISSED,m2-1,80.342,"{'m1-1': 111.09, 'm2-1': 0.97, 'm3-1': 0.96, 'm4-1': 9.89, 'm5-1': 27.03, 'm6-1': 1.09, 'm7-1': 93.9, 'm8-1': 110.38}",0.1274999999999693,190.257,inf,190.34199999999998,190.34199999999998,190.34199999999998
813,T4,BESTEFFORT,MISSED,m2-1,80.374,"{'m1-1': 99.67, 'm2-1': 1.18, 'm3-1': 1.14, 'm4-1': 11.16, 'm5-1': 28.54, 'm6-1': 1.12, 'm7-1': 107.32, 'm8-1': 103.42}",0.04800000000001603,190.34199999999998,inf,190.374,190.374,190.374
814,T9,BESTEFFORT,MISSED,m3-1,80.452,"{'m1-1': 107.62, 'm2-1': 1.09, 'm3-1': 0.94, 'm4-1': 9.51, 'm5-1': 24.35, 'm6-1': 1.04, 'm7-1': 107.34, 'm8-1': 111.54}",0.25200000000000955,190.284,inf,190.452,190.452,190.452
815,T1,BESTEFFORT,MISSED,m6-1,80.601,"{'m1-1': 110.8, 'm2-1': 1.09, 'm3-1': 1.03, 'm4-1': 11.17, 'm5-1': 26.86, 'm6-1': 1.04, 'm7-1': 102.57, 'm8-1': 111.13}",0.5685000000000286,190.22199999999998,inf,190.601,190.601,190.601
816,T3,BESTEFFORT,MISSED,m3-1,80.616,"{'m1-1': 100.49, 'm2-1': 1.1, 'm3-1': 1.11, 'm4-1': 10.53, 'm5-1': 24.46, 'm6-1': 1.01, 'm7-1': 103.85, 'm8-1': 106.67}",0.2459999999999809,190.452,inf,190.61599999999999,190.61599999999999,190.61599999999999
817,T1,BESTEFFORT,MISSED,m2-1,80.669,"{'m1-1': 101.78, 'm2-1': 1.17, 'm3-1': 1.01, 'm4-1': 10.49, 'm5-1': 23.9, 'm6-1': 1.04, 'm7-1': 102.96, 'm8-1': 110.46}",0.44249999999998124,190.374,inf,190.66899999999998,190.66899999999998,190.66899999999998
818,T10,BESTEFFORT,MISSED,m6-1,80.723,"{'m1-1': 114.1, 'm2-1': 1.02, 'm3-1': 0.97, 'm4-1': 11.52, 'm5-1': 27.62, 'm6-1': 1.15, 'm7-1': 103.12, 'm8-1': 100.25}",0.18300000000002115,190.601,inf,190.723,190.723,190.723
819,T3,BESTEFFORT,MISSED,m6-1,80.906,"{'m1-1': 114.12, 'm2-1': 1.15, 'm3-1': 0.99, 'm4-1': 9.88, 'm5-1': 27.27, 'm6-1': 0.98, 'm7-1': 109.77, 'm8-1': 109.89}",0.2744999999999891,190.723,inf,190.906,190.906,190.906
820,T9,BESTEFFORT,MISSED,m6-1,81.017,"{'m1-1': 111.62, 'm2-1': 1.02, 'm3-1': 1.1, 'm4-1': 9.6, 'm5-1': 25.37, 'm6-1': 1.04, 'm7-1': 97.05, 'm8-1': 107.1}",0.166499999999985,190.906,inf,191.017,191.017,191.017
821,T9,BESTEFFORT,MISSED,m2-1,81.205,"{'m1-1': 105.28, 'm2-1': 1.04, 'm3-1': 1.01, 'm4-1': 9.21, 'm5-1': 28.14, 'm6-1': 1.05, 'm7-1': 99.9, 'm8-1': 105.67}",0.804000000000002,190.66899999999998,inf,191.20499999999998,191.20499999999998,191.20499999999998
822,T10,BESTEFFORT,MISSED,m6-1,81.258,"{'m1-1': 108.9, 'm2-1': 1.15, 'm3-1': 1.04, 'm4-1': 10.21, 'm5-1': 27.13, 'm6-1': 1.07, 'm7-1': 97.63, 'm8-1': 107.74}",0.36149999999997817,191.017,inf,191.25799999999998,191.25799999999998,191.25799999999998
823,T4,BESTEFFORT,MISSED,m3-1,81.638,"{'m1-1': 101.09, 'm2-1': 1.16, 'm3-1': 1.11, 'm4-1': 11.13, 'm5-1': 25.39, 'm6-1': 1.05, 'm7-1': 99.02, 'm8-1': 93.62}",1.5330000000000297,190.61599999999999,inf,191.638,191.638,191.638
824,T7,BESTEFFORT,MISSED,m3-1,81.803,"{'m1-1': 101.86, 'm2-1': 1.06, 'm3-1': 0.94, 'm4-1': 9.67, 'm5-1': 27.4, 'm6-1': 1.04, 'm7-1': 105.05, 'm8-1': 112.88}",0.24749999999998806,191.638,inf,191.803,191.803,191.803
825,T8,BESTEFFORT,MISSED,m6-1,81.811,"{'m1-1': 102.0, 'm2-1': 1.13, 'm3-1': 1.13, 'm4-1': 10.11, 'm5-1': 28.09, 'm6-1': 1.03, 'm7-1': 106.64, 'm8-1': 106.36}",0.8295000000000385,191.25799999999998,inf,191.811,191.811,191.811
826,T7,BESTEFFORT,MISSED,m3-1,81.871,"{'m1-1': 105.58, 'm2-1': 1.0, 'm3-1': 0.98, 'm4-1': 9.69, 'm5-1': 26.78, 'm6-1': 1.15, 'm7-1': 114.61, 'm8-1': 104.18}",0.10199999999997544,191.803,inf,191.87099999999998,191.87099999999998,191.87099999999998
827,T3,BESTEFFORT,MISSED,m2-1,81.871,"{'m1-1': 115.24, 'm2-1': 1.07, 'm3-1': 1.04, 'm4-1': 10.17, 'm5-1': 25.1, 'm6-1': 1.14, 'm7-1': 108.92, 'm8-1': 114.18}",0.9989999999999952,191.20499999999998,inf,191.87099999999998,191.87099999999998,191.87099999999998
828,T4,BESTEFFORT,MISSED,m3-1,81.919,"{'m1-1': 101.82, 'm2-1': 1.18, 'm3-1': 0.97, 'm4-1': 11.87, 'm5-1': 28.59, 'm6-1': 1.05, 'm7-1': 107.12, 'm8-1': 107.85}",0.07200000000000273,191.87099999999998,inf,191.91899999999998,191.91899999999998,191.91899999999998
829,T8,BESTEFFORT,MISSED,m2-1,81.953,"{'m1-1': 106.12, 'm2-1': 1.04, 'm3-1': 1.09, 'm4-1': 11.28, 'm5-1': 25.07, 'm6-1': 0.97, 'm7-1': 108.97, 'm8-1': 110.91}",0.12300000000003308,191.87099999999998,inf,191.953,191.953,191.953
830,T1,BESTEFFORT,MISSED,m6-1,82.029,"{'m1-1': 101.39, 'm2-1': 1.06, 'm3-1': 1.09, 'm4-1': 10.46, 'm5-1': 24.52, 'm6-1': 0.97, 'm7-1': 92.88, 'm8-1': 114.72}",0.32699999999998397,191.811,inf,192.029,192.029,192.029
831,T3,BESTEFFORT,MISSED,m2-1,82.085,"{'m1-1': 116.91, 'm2-1': 1.13, 'm3-1': 1.11, 'm4-1': 10.79, 'm5-1': 25.64, 'm6-1': 1.12, 'm7-1': 106.84, 'm8-1': 108.0}",0.19799999999996487,191.953,inf,192.08499999999998,192.08499999999998,192.08499999999998
832,T7,BESTEFFORT,MISSED,m3-1,82.144,"{'m1-1': 105.2, 'm2-1': 1.11, 'm3-1': 1.07, 'm4-1': 10.9, 'm5-1': 24.7, 'm6-1': 1.02, 'm7-1': 108.81, 'm8-1': 104.82}",0.3375000000000341,191.91899999999998,inf,192.144,192.144,192.144
833,T3,BESTEFFORT,MISSED,m2-1,82.169,"{'m1-1': 115.7, 'm2-1': 1.07, 'm3-1': 1.09, 'm4-1': 10.78, 'm5-1': 26.6, 'm6-1': 1.11, 'm7-1': 99.44, 'm8-1': 112.14}",0.12600000000000477,192.08499999999998,inf,192.16899999999998,192.16899999999998,192.16899999999998
834,T4,BESTEFFORT,MISSED,m3-1,82.202,"{'m1-1': 102.84, 'm2-1': 1.17, 'm3-1': 1.07, 'm4-1': 10.38, 'm5-1': 28.44, 'm6-1': 1.1, 'm7-1': 115.24, 'm8-1': 98.65}",0.08699999999998909,192.144,inf,192.202,192.202,192.202
835,T2,BESTEFFORT,MISSED,m2-1,82.208,"{'m1-1': 106.61, 'm2-1': 0.96, 'm3-1': 1.11, 'm4-1': 10.86, 'm5-1': 26.23, 'm6-1': 1.04, 'm7-1': 99.63, 'm8-1': 108.07}",0.05850000000002353,192.16899999999998,inf,192.208,192.208,192.208
836,T1,BESTEFFORT,MISSED,m6-1,82.222,"{'m1-1': 103.09, 'm2-1': 1.14, 'm3-1': 1.13, 'm4-1': 10.96, 'm5-1': 27.94, 'm6-1': 1.04, 'm7-1': 96.59, 'm8-1': 99.85}",0.28949999999997544,192.029,inf,192.22199999999998,192.22199999999998,192.22199999999998
837,T10,BESTEFFORT,MISSED,m2-1,82.226,"{'m1-1': 114.52, 'm2-1': 1.18, 'm3-1': 1.05, 'm4-1': 10.52, 'm5-1': 28.56, 'm6-1': 1.13, 'm7-1': 102.68, 'm8-1': 100.41}",0.027000000000001023,192.208,inf,192.226,192.226,192.226
838,T10,BESTEFFORT,MISSED,m6-1,82.253,"{'m1-1': 100.9, 'm2-1': 1.01, 'm3-1': 1.06, 'm4-1': 10.09, 'm5-1': 27.42, 'm6-1': 1.07, 'm7-1': 103.61, 'm8-1': 99.61}",0.04650000000000887,192.22199999999998,inf,192.253,192.253,192.253
839,T6,BESTEFFORT,MISSED,m6-1,82.356,"{'m1-1': 107.78, 'm2-1': 1.01, 'm3-1': 0.99, 'm4-1': 11.65, 'm5-1': 24.36, 'm6-1': 0.97, 'm7-1': 111.49, 'm8-1': 102.66}",0.15450000000001296,192.253,inf,192.356,192.356,192.356
840,T10,BESTEFFORT,MISSED,m2-1,82.704,"{'m1-1': 103.73, 'm2-1': 1.0, 'm3-1': 0.95, 'm4-1': 10.63, 'm5-1': 27.57, 'm6-1': 1.15, 'm7-1': 103.59, 'm8-1': 108.84}",0.717000000000013,192.226,inf,192.704,192.704,192.704
841,T5,BESTEFFORT,MISSED,m2-1,82.824,"{'m1-1': 113.14, 'm2-1': 1.11, 'm3-1': 1.02, 'm4-1': 10.84, 'm5-1': 28.0, 'm6-1': 1.09, 'm7-1': 114.11, 'm8-1': 102.59}",0.18000000000000682,192.704,inf,192.824,192.824,192.824
842,T5,BESTEFFORT,MISSED,m3-1,82.883,"{'m1-1': 97.72, 'm2-1': 1.06, 'm3-1': 1.04, 'm4-1': 11.01, 'm5-1': 26.49, 'm6-1': 0.97, 'm7-1': 114.75, 'm8-1': 110.51}",1.0214999999999748,192.202,inf,192.88299999999998,192.88299999999998,192.88299999999998
843,T3,BESTEFFORT,MISSED,m3-1,83.282,"{'m1-1': 104.11, 'm2-1': 1.06, 'm3-1': 1.04, 'm4-1': 10.21, 'm5-1': 25.1, 'm6-1': 1.0, 'm7-1': 102.49, 'm8-1': 116.75}",0.5985000000000014,192.88299999999998,inf,193.28199999999998,193.28199999999998,193.28199999999998
844,T1,BESTEFFORT,MISSED,m3-1,83.393,"{'m1-1': 103.47, 'm2-1': 1.01, 'm3-1': 1.01, 'm4-1': 9.84, 'm5-1': 25.27, 'm6-1': 1.0, 'm7-1': 101.99, 'm8-1': 104.79}",0.16650000000002763,193.28199999999998,inf,193.393,193.393,193.393
845,T1,BESTEFFORT,COMPLETED,m6-1,83.475,"{'m1-1': 110.32, 'm2-1': 1.04, 'm3-1': 1.04, 'm4-1': 10.49, 'm5-1': 24.3, 'm6-1': 1.06, 'm7-1': 95.72, 'm8-1': 118.02}",1.59,192.356,193.416,inf,193.475,193.475
846,T8,BESTEFFORT,MISSED,m6-1,83.712,"{'m1-1': 115.28, 'm2-1': 1.02, 'm3-1': 1.0, 'm4-1': 10.22, 'm5-1': 24.71, 'm6-1': 0.96, 'm7-1': 99.99, 'm8-1': 108.74}",0.4439999999999884,193.416,inf,193.712,193.712,193.712
847,T9,BESTEFFORT,MISSED,m2-1,83.716,"{'m1-1': 108.73, 'm2-1': 1.06, 'm3-1': 1.01, 'm4-1': 9.19, 'm5-1': 24.88, 'm6-1': 1.0, 'm7-1': 98.3, 'm8-1': 105.34}",1.3379999999999939,192.824,inf,193.716,193.716,193.716
848,T7,BESTEFFORT,MISSED,m3-1,83.749,"{'m1-1': 100.42, 'm2-1': 1.1, 'm3-1': 1.08, 'm4-1': 10.56, 'm5-1': 25.72, 'm6-1': 1.13, 'm7-1': 98.41, 'm8-1': 105.73}",0.5339999999999918,193.393,inf,193.749,193.749,193.749
849,T6,BESTEFFORT,MISSED,m6-1,84.032,"{'m1-1': 105.08, 'm2-1': 1.08, 'm3-1': 0.98, 'm4-1': 11.4, 'm5-1': 26.98, 'm6-1': 1.06, 'm7-1': 109.68, 'm8-1': 108.77}",0.47999999999998977,193.712,inf,194.03199999999998,194.03199999999998,194.03199999999998
850,T2,BESTEFFORT,MISSED,m6-1,84.052,"{'m1-1': 115.36, 'm2-1': 1.1, 'm3-1': 1.14, 'm4-1': 10.44, 'm5-1': 25.34, 'm6-1': 1.16, 'm7-1': 100.4, 'm8-1': 113.39}",0.03000000000005798,194.03199999999998,inf,194.05200000000002,194.05200000000002,194.05200000000002
851,T10,BESTEFFORT,MISSED,m3-1,84.184,"{'m1-1': 104.19, 'm2-1': 1.16, 'm3-1': 1.03, 'm4-1': 10.45, 'm5-1': 25.59, 'm6-1': 1.14, 'm7-1': 97.63, 'm8-1': 108.9}",0.6525000000000034,193.749,inf,194.184,194.184,194.184
852,T6,BESTEFFORT,MISSED,m6-1,84.234,"{'m1-1': 104.28, 'm2-1': 1.03, 'm3-1': 1.01, 'm4-1': 10.63, 'm5-1': 25.75, 'm6-1': 0.98, 'm7-1': 109.82, 'm8-1': 102.83}",0.2729999999999393,194.05200000000002,inf,194.23399999999998,194.23399999999998,194.23399999999998
853,T3,BESTEFFORT,MISSED,m3-1,84.414,"{'m1-1': 113.29, 'm2-1': 1.16, 'm3-1': 1.1, 'm4-1': 9.84, 'm5-1': 25.6, 'm6-1': 1.06, 'm7-1': 105.19, 'm8-1': 107.39}",0.34499999999998465,194.184,inf,194.414,194.414,194.414
854,T2,BESTEFFORT,MISSED,m2-1,84.538,"{'m1-1': 103.96, 'm2-1': 1.12, 'm3-1': 1.05, 'm4-1': 9.36, 'm5-1': 23.11, 'm6-1': 1.07, 'm7-1': 116.86, 'm8-1': 105.61}",1.233000000000004,193.716,inf,194.538,194.538,194.538
855,T3,BESTEFFORT,MISSED,m2-1,84.657,"{'m1-1': 114.51, 'm2-1': 1.1, 'm3-1': 1.07, 'm4-1': 9.71, 'm5-1': 24.33, 'm6-1': 1.08, 'm7-1': 101.54, 'm8-1': 102.0}",0.17849999999995703,194.538,inf,194.65699999999998,194.65699999999998,194.65699999999998
856,T8,BESTEFFORT,MISSED,m6-1,84.667,"{'m1-1': 107.0, 'm2-1': 1.12, 'm3-1': 1.1, 'm4-1': 10.94, 'm5-1': 28.14, 'm6-1': 0.94, 'm7-1': 106.13, 'm8-1': 105.93}",0.6495000000000317,194.23399999999998,inf,194.667,194.667,194.667
857,T9,BESTEFFORT,MISSED,m6-1,84.695,"{'m1-1': 114.76, 'm2-1': 0.96, 'm3-1': 1.05, 'm4-1': 9.62, 'm5-1': 27.02, 'm6-1': 0.96, 'm7-1': 101.66, 'm8-1': 113.68}",0.04199999999998738,194.667,inf,194.695,194.695,194.695
858,T2,BESTEFFORT,MISSED,m2-1,84.761,"{'m1-1': 111.84, 'm2-1': 0.99, 'm3-1': 1.08, 'm4-1': 10.43, 'm5-1': 23.58, 'm6-1': 1.05, 'm7-1': 108.41, 'm8-1': 100.52}",0.15600000000002012,194.65699999999998,inf,194.761,194.761,194.761
859,T3,BESTEFFORT,MISSED,m2-1,85.029,"{'m1-1': 112.24, 'm2-1': 1.16, 'm3-1': 1.15, 'm4-1': 10.95, 'm5-1': 25.63, 'm6-1': 1.03, 'm7-1': 109.93, 'm8-1': 114.57}",0.402000000000001,194.761,inf,195.029,195.029,195.029
860,T1,BESTEFFORT,MISSED,m6-1,85.036,"{'m1-1': 99.82, 'm2-1': 1.14, 'm3-1': 1.03, 'm4-1': 9.62, 'm5-1': 25.54, 'm6-1': 0.99, 'm7-1': 102.57, 'm8-1': 114.03}",0.5115000000000123,194.695,inf,195.036,195.036,195.036
861,T3,BESTEFFORT,MISSED,m6-1,85.201,"{'m1-1': 117.39, 'm2-1': 1.12, 'm3-1': 1.07, 'm4-1': 10.87, 'm5-1': 25.22, 'm6-1': 1.11, 'm7-1': 95.2, 'm8-1': 109.79}",0.24749999999998806,195.036,inf,195.201,195.201,195.201
862,T5,BESTEFFORT,MISSED,m6-1,85.359,"{'m1-1': 112.42, 'm2-1': 0.97, 'm3-1': 1.01, 'm4-1': 9.54, 'm5-1': 27.85, 'm6-1': 1.03, 'm7-1': 101.11, 'm8-1': 96.33}",0.23699999999998056,195.201,inf,195.35899999999998,195.35899999999998,195.35899999999998
863,T2,BESTEFFORT,MISSED,m2-1,85.525,"{'m1-1': 108.11, 'm2-1': 1.02, 'm3-1': 1.01, 'm4-1': 9.93, 'm5-1': 23.81, 'm6-1': 1.01, 'm7-1': 110.03, 'm8-1': 106.0}",0.744000000000014,195.029,inf,195.525,195.525,195.525
864,T7,BESTEFFORT,COMPLETED,m3-1,85.598,"{'m1-1': 113.47, 'm2-1': 0.99, 'm3-1': 0.94, 'm4-1': 9.82, 'm5-1': 26.26, 'm6-1': 1.18, 'm7-1': 99.23, 'm8-1': 99.52}",1.41,194.414,195.35399999999998,inf,195.598,195.598
865,T9,BESTEFFORT,MISSED,m6-1,85.607,"{'m1-1': 114.61, 'm2-1': 1.06, 'm3-1': 1.0, 'm4-1': 10.02, 'm5-1': 27.48, 'm6-1': 1.0, 'm7-1': 104.36, 'm8-1': 113.53}",0.3720000000000283,195.35899999999998,inf,195.607,195.607,195.607
866,T9,BESTEFFORT,MISSED,m3-1,85.631,"{'m1-1': 101.78, 'm2-1': 1.05, 'm3-1': 1.02, 'm4-1': 10.06, 'm5-1': 28.19, 'm6-1': 0.98, 'm7-1': 98.85, 'm8-1': 99.99}",0.41550000000002285,195.35399999999998,inf,195.631,195.631,195.631
867,T2,BESTEFFORT,MISSED,m6-1,85.741,"{'m1-1': 115.55, 'm2-1': 1.0, 'm3-1': 1.04, 'm4-1': 9.64, 'm5-1': 25.32, 'm6-1': 1.14, 'm7-1': 105.03, 'm8-1': 108.4}",0.2009999999999792,195.607,inf,195.74099999999999,195.74099999999999,195.74099999999999
868,T3,BESTEFFORT,MISSED,m6-1,85.819,"{'m1-1': 117.86, 'm2-1': 1.06, 'm3-1': 1.09, 'm4-1': 9.78, 'm5-1': 24.22, 'm6-1': 1.04, 'm7-1': 99.51, 'm8-1': 98.81}",0.11700000000004707,195.74099999999999,inf,195.81900000000002,195.81900000000002,195.81900000000002
869,T7,BESTEFFORT,MISSED,m3-1,86.102,"{'m1-1': 113.22, 'm2-1': 1.09, 'm3-1': 0.99, 'm4-1': 10.45, 'm5-1': 25.92, 'm6-1': 1.17, 'm7-1': 97.79, 'm8-1': 110.93}",0.7065000000000055,195.631,inf,196.102,196.102,196.102
870,T3,BESTEFFORT,MISSED,m2-1,86.154,"{'m1-1': 109.86, 'm2-1': 1.17, 'm3-1': 1.06, 'm4-1': 9.54, 'm5-1': 25.04, 'm6-1': 1.07, 'm7-1': 99.25, 'm8-1': 102.5}",0.943499999999986,195.525,inf,196.154,196.154,196.154
871,T6,BESTEFFORT,MISSED,m3-1,86.364,"{'m1-1': 108.0, 'm2-1': 0.97, 'm3-1': 1.02, 'm4-1': 11.47, 'm5-1': 27.98, 'm6-1': 1.0, 'm7-1': 109.41, 'm8-1': 107.73}",0.3930000000000007,196.102,inf,196.364,196.364,196.364
872,T7,BESTEFFORT,MISSED,m3-1,86.441,"{'m1-1': 110.32, 'm2-1': 1.07, 'm3-1': 1.09, 'm4-1': 10.53, 'm5-1': 23.69, 'm6-1': 1.06, 'm7-1': 106.69, 'm8-1': 106.83}",0.11549999999999727,196.364,inf,196.441,196.441,196.441
873,T1,BESTEFFORT,MISSED,m6-1,86.506,"{'m1-1': 113.05, 'm2-1': 1.04, 'm3-1': 1.02, 'm4-1': 10.99, 'm5-1': 24.62, 'm6-1': 1.04, 'm7-1': 98.6, 'm8-1': 111.56}",1.030499999999975,195.81900000000002,inf,196.506,196.506,196.506
874,T3,BESTEFFORT,MISSED,m3-1,86.534,"{'m1-1': 101.76, 'm2-1': 1.03, 'm3-1': 1.17, 'm4-1': 10.53, 'm5-1': 24.84, 'm6-1': 0.99, 'm7-1': 96.96, 'm8-1': 113.37}",0.13949999999998397,196.441,inf,196.534,196.534,196.534
875,T7,BESTEFFORT,MISSED,m2-1,86.659,"{'m1-1': 106.07, 'm2-1': 1.03, 'm3-1': 1.08, 'm4-1': 10.27, 'm5-1': 26.12, 'm6-1': 1.01, 'm7-1': 101.61, 'm8-1': 99.14}",0.7574999999999932,196.154,inf,196.659,196.659,196.659
876,T3,BESTEFFORT,MISSED,m2-1,86.725,"{'m1-1': 103.83, 'm2-1': 1.04, 'm3-1': 1.08, 'm4-1': 10.11, 'm5-1': 27.36, 'm6-1': 1.14, 'm7-1': 96.8, 'm8-1': 116.53}",0.09900000000000375,196.659,inf,196.725,196.725,196.725
877,T10,BESTEFFORT,MISSED,m2-1,86.885,"{'m1-1': 100.2, 'm2-1': 1.09, 'm3-1': 1.03, 'm4-1': 10.5, 'm5-1': 28.59, 'm6-1': 1.13, 'm7-1': 101.85, 'm8-1': 93.62}",0.23999999999999488,196.725,inf,196.885,196.885,196.885
878,T8,BESTEFFORT,MISSED,m2-1,86.974,"{'m1-1': 104.5, 'm2-1': 1.06, 'm3-1': 1.12, 'm4-1': 10.98, 'm5-1': 26.59, 'm6-1': 1.06, 'm7-1': 96.77, 'm8-1': 95.02}",0.13349999999999795,196.885,inf,196.974,196.974,196.974
879,T5,BESTEFFORT,MISSED,m3-1,87.022,"{'m1-1': 111.26, 'm2-1': 0.98, 'm3-1': 0.99, 'm4-1': 10.2, 'm5-1': 25.87, 'm6-1': 1.09, 'm7-1': 114.27, 'm8-1': 108.59}",0.7319999999999993,196.534,inf,197.022,197.022,197.022
880,T9,BESTEFFORT,MISSED,m6-1,87.187,"{'m1-1': 99.2, 'm2-1': 1.09, 'm3-1': 0.96, 'm4-1': 9.39, 'm5-1': 27.87, 'm6-1': 1.11, 'm7-1': 102.62, 'm8-1': 97.93}",1.0215000000000174,196.506,inf,197.187,197.187,197.187
881,T10,BESTEFFORT,MISSED,m3-1,87.395,"{'m1-1': 102.76, 'm2-1': 1.12, 'm3-1': 1.01, 'm4-1': 10.76, 'm5-1': 27.89, 'm6-1': 1.14, 'm7-1': 99.64, 'm8-1': 107.48}",0.5594999999999857,197.022,inf,197.39499999999998,197.39499999999998,197.39499999999998
882,T7,BESTEFFORT,MISSED,m3-1,87.432,"{'m1-1': 107.57, 'm2-1': 1.1, 'm3-1': 1.0, 'm4-1': 9.44, 'm5-1': 27.59, 'm6-1': 1.19, 'm7-1': 113.73, 'm8-1': 97.05}",0.05550000000005184,197.39499999999998,inf,197.43200000000002,197.43200000000002,197.43200000000002
883,T2,BESTEFFORT,MISSED,m2-1,87.551,"{'m1-1': 113.82, 'm2-1': 1.09, 'm3-1': 1.12, 'm4-1': 10.09, 'm5-1': 27.17, 'm6-1': 0.99, 'm7-1': 108.94, 'm8-1': 114.84}",0.8654999999999973,196.974,inf,197.551,197.551,197.551
884,T2,BESTEFFORT,MISSED,m2-1,87.558,"{'m1-1': 104.52, 'm2-1': 0.98, 'm3-1': 1.06, 'm4-1': 10.46, 'm5-1': 23.94, 'm6-1': 1.01, 'm7-1': 108.25, 'm8-1': 110.78}",0.010500000000007503,197.551,inf,197.558,197.558,197.558
885,T3,BESTEFFORT,MISSED,m2-1,87.607,"{'m1-1': 114.11, 'm2-1': 1.13, 'm3-1': 1.13, 'm4-1': 11.2, 'm5-1': 24.3, 'm6-1': 1.08, 'm7-1': 101.62, 'm8-1': 98.26}",0.07350000000000989,197.558,inf,197.607,197.607,197.607
886,T1,BESTEFFORT,MISSED,m6-1,87.702,"{'m1-1': 105.99, 'm2-1': 1.05, 'm3-1': 1.01, 'm4-1': 10.06, 'm5-1': 24.06, 'm6-1': 1.06, 'm7-1': 109.34, 'm8-1': 116.25}",0.7724999999999795,197.187,inf,197.702,197.702,197.702
887,T10,BESTEFFORT,MISSED,m3-1,88.06,"{'m1-1': 107.69, 'm2-1': 1.15, 'm3-1': 1.07, 'm4-1': 11.21, 'm5-1': 26.0, 'm6-1': 1.07, 'm7-1': 100.73, 'm8-1': 108.19}",0.9419999999999789,197.43200000000002,inf,198.06,198.06,198.06
888,T10,BESTEFFORT,MISSED,m3-1,88.065,"{'m1-1': 103.36, 'm2-1': 1.05, 'm3-1': 1.03, 'm4-1': 11.08, 'm5-1': 28.5, 'm6-1': 1.01, 'm7-1': 108.33, 'm8-1': 105.92}",0.007499999999993179,198.06,inf,198.065,198.065,198.065
889,T6,BESTEFFORT,MISSED,m3-1,88.142,"{'m1-1': 95.92, 'm2-1': 1.08, 'm3-1': 0.97, 'm4-1': 10.84, 'm5-1': 25.06, 'm6-1': 0.98, 'm7-1': 99.36, 'm8-1': 101.26}",0.11549999999999727,198.065,inf,198.142,198.142,198.142
890,T2,BESTEFFORT,MISSED,m6-1,88.322,"{'m1-1': 113.22, 'm2-1': 1.1, 'm3-1': 0.98, 'm4-1': 10.63, 'm5-1': 24.11, 'm6-1': 1.13, 'm7-1': 104.8, 'm8-1': 110.16}",0.9300000000000068,197.702,inf,198.322,198.322,198.322
891,T10,BESTEFFORT,MISSED,m6-1,88.359,"{'m1-1': 98.42, 'm2-1': 1.01, 'm3-1': 1.02, 'm4-1': 10.71, 'm5-1': 24.71, 'm6-1': 1.08, 'm7-1': 105.11, 'm8-1': 100.97}",0.055499999999966576,198.322,inf,198.35899999999998,198.35899999999998,198.35899999999998
892,T8,BESTEFFORT,MISSED,m2-1,88.392,"{'m1-1': 100.64, 'm2-1': 1.03, 'm3-1': 1.09, 'm4-1': 10.46, 'm5-1': 25.74, 'm6-1': 1.02, 'm7-1': 102.64, 'm8-1': 106.95}",1.1774999999999949,197.607,inf,198.392,198.392,198.392
893,T10,BESTEFFORT,MISSED,m3-1,88.767,"{'m1-1': 109.19, 'm2-1': 1.04, 'm3-1': 1.07, 'm4-1': 10.11, 'm5-1': 24.52, 'm6-1': 1.11, 'm7-1': 97.17, 'm8-1': 97.19}",0.9375,198.142,inf,198.767,198.767,198.767
894,T8,BESTEFFORT,MISSED,m6-1,88.83,"{'m1-1': 113.61, 'm2-1': 1.11, 'm3-1': 1.05, 'm4-1': 10.82, 'm5-1': 28.12, 'm6-1': 0.92, 'm7-1': 96.4, 'm8-1': 102.4}",0.7065000000000055,198.35899999999998,inf,198.82999999999998,198.82999999999998,198.82999999999998
895,T2,BESTEFFORT,MISSED,m2-1,89.257,"{'m1-1': 104.52, 'm2-1': 1.0, 'm3-1': 1.07, 'm4-1': 10.31, 'm5-1': 25.69, 'm6-1': 1.12, 'm7-1': 100.3, 'm8-1': 108.75}",1.2975000000000136,198.392,inf,199.257,199.257,199.257
896,T5,BESTEFFORT,MISSED,m6-1,89.296,"{'m1-1': 106.04, 'm2-1': 0.98, 'm3-1': 1.06, 'm4-1': 10.65, 'm5-1': 24.21, 'm6-1': 1.01, 'm7-1': 108.1, 'm8-1': 106.02}",0.6990000000000123,198.82999999999998,inf,199.296,199.296,199.296
897,T1,BESTEFFORT,MISSED,m6-1,89.461,"{'m1-1': 98.24, 'm2-1': 1.0, 'm3-1': 1.17, 'm4-1': 11.03, 'm5-1': 24.21, 'm6-1': 1.0, 'm7-1': 108.76, 'm8-1': 116.96}",0.2475000000000307,199.296,inf,199.461,199.461,199.461
898,T2,BESTEFFORT,MISSED,m6-1,89.743,"{'m1-1': 106.19, 'm2-1': 1.02, 'm3-1': 1.04, 'm4-1': 9.93, 'm5-1': 25.23, 'm6-1': 1.08, 'm7-1': 117.72, 'm8-1': 110.29}",0.4229999999999734,199.461,inf,199.743,199.743,199.743
899,T1,BESTEFFORT,MISSED,m2-1,89.81,"{'m1-1': 116.17, 'm2-1': 1.1, 'm3-1': 1.02, 'm4-1': 10.94, 'm5-1': 24.34, 'm6-1': 1.1, 'm7-1': 98.89, 'm8-1': 110.36}",0.8294999999999959,199.257,inf,199.81,199.81,199.81
900,T2,BESTEFFORT,MISSED,m2-1,90.044,"{'m1-1': 109.22, 'm2-1': 1.04, 'm3-1': 1.11, 'm4-1': 9.76, 'm5-1': 25.14, 'm6-1': 1.12, 'm7-1': 99.76, 'm8-1': 101.28}",0.35099999999997067,199.81,inf,200.04399999999998,200.04399999999998,200.04399999999998
901,T7,BESTEFFORT,MISSED,m2-1,90.147,"{'m1-1': 116.08, 'm2-1': 1.11, 'm3-1': 1.01, 'm4-1': 10.86, 'm5-1': 24.07, 'm6-1': 1.1, 'm7-1': 106.16, 'm8-1': 102.31}",0.15450000000001296,200.04399999999998,inf,200.147,200.147,200.147
902,T7,BESTEFFORT,COMPLETED,m3-1,90.215,"{'m1-1': 103.68, 'm2-1': 0.98, 'm3-1': 1.03, 'm4-1': 10.66, 'm5-1': 23.72, 'm6-1': 1.11, 'm7-1': 97.42, 'm8-1': 98.39}",1.545,198.767,199.797,inf,200.215,200.215
903,T5,BESTEFFORT,MISSED,m2-1,90.453,"{'m1-1': 107.44, 'm2-1': 1.04, 'm3-1': 1.12, 'm4-1': 9.43, 'm5-1': 24.38, 'm6-1': 1.06, 'm7-1': 103.98, 'm8-1': 97.23}",0.4590000000000174,200.147,inf,200.453,200.453,200.453
904,T8,BESTEFFORT,MISSED,m6-1,90.478,"{'m1-1': 112.18, 'm2-1': 1.1, 'm3-1': 1.05, 'm4-1': 10.92, 'm5-1': 28.25, 'm6-1': 1.08, 'm7-1': 100.07, 'm8-1': 109.84}",1.1025000000000205,199.743,inf,200.478,200.478,200.478
905,T6,BESTEFFORT,MISSED,m2-1,90.722,"{'m1-1': 101.18, 'm2-1': 1.02, 'm3-1': 1.03, 'm4-1': 10.56, 'm5-1': 26.96, 'm6-1': 1.09, 'm7-1': 100.8, 'm8-1': 109.32}",0.40349999999996555,200.453,inf,200.72199999999998,200.72199999999998,200.72199999999998
906,T1,BESTEFFORT,MISSED,m3-1,90.756,"{'m1-1': 99.92, 'm2-1': 1.14, 'm3-1': 1.07, 'm4-1': 10.1, 'm5-1': 27.6, 'm6-1': 1.07, 'm7-1': 94.62, 'm8-1': 107.18}",1.4385000000000048,199.797,inf,200.756,200.756,200.756
907,T7,BESTEFFORT,MISSED,m6-1,91.107,"{'m1-1': 109.34, 'm2-1': 1.06, 'm3-1': 1.08, 'm4-1': 10.88, 'm5-1': 23.96, 'm6-1': 1.08, 'm7-1': 103.16, 'm8-1': 111.04}",0.943499999999986,200.478,inf,201.107,201.107,201.107
908,T5,BESTEFFORT,MISSED,m2-1,91.361,"{'m1-1': 102.1, 'm2-1': 1.13, 'm3-1': 1.04, 'm4-1': 10.6, 'm5-1': 24.3, 'm6-1': 1.07, 'm7-1': 105.6, 'm8-1': 100.77}",0.958500000000015,200.72199999999998,inf,201.361,201.361,201.361
909,T10,BESTEFFORT,MISSED,m2-1,91.594,"{'m1-1': 104.0, 'm2-1': 1.17, 'm3-1': 1.09, 'm4-1': 11.33, 'm5-1': 27.54, 'm6-1': 1.0, 'm7-1': 92.88, 'm8-1': 97.24}",0.34950000000000614,201.361,inf,201.594,201.594,201.594
910,T7,BESTEFFORT,MISSED,m3-1,91.655,"{'m1-1': 118.48, 'm2-1': 1.03, 'm3-1': 1.1, 'm4-1': 9.81, 'm5-1': 25.3, 'm6-1': 1.08, 'm7-1': 102.16, 'm8-1': 98.32}",1.3485000000000014,200.756,inf,201.655,201.655,201.655
911,T8,BESTEFFORT,MISSED,m2-1,91.884,"{'m1-1': 112.05, 'm2-1': 1.03, 'm3-1': 1.1, 'm4-1': 11.77, 'm5-1': 27.24, 'm6-1': 0.95, 'm7-1': 98.19, 'm8-1': 98.72}",0.4350000000000307,201.594,inf,201.88400000000001,201.88400000000001,201.88400000000001
912,T1,BESTEFFORT,MISSED,m6-1,92.117,"{'m1-1': 105.01, 'm2-1': 1.15, 'm3-1': 1.14, 'm4-1': 10.06, 'm5-1': 27.11, 'm6-1': 1.03, 'm7-1': 109.3, 'm8-1': 110.57}",1.515000000000029,201.107,inf,202.11700000000002,202.11700000000002,202.11700000000002
913,T1,BESTEFFORT,MISSED,m6-1,92.19,"{'m1-1': 109.64, 'm2-1': 1.0, 'm3-1': 1.14, 'm4-1': 10.7, 'm5-1': 27.02, 'm6-1': 0.93, 'm7-1': 101.64, 'm8-1': 117.84}",0.10949999999996862,202.11700000000002,inf,202.19,202.19,202.19
914,T2,BESTEFFORT,MISSED,m3-1,92.228,"{'m1-1': 104.7, 'm2-1': 0.99, 'm3-1': 1.09, 'm4-1': 10.21, 'm5-1': 25.72, 'm6-1': 1.03, 'm7-1': 107.54, 'm8-1': 111.19}",0.8595000000000113,201.655,inf,202.228,202.228,202.228
915,T2,BESTEFFORT,MISSED,m6-1,92.279,"{'m1-1': 106.57, 'm2-1': 0.96, 'm3-1': 1.0, 'm4-1': 10.06, 'm5-1': 24.34, 'm6-1': 1.13, 'm7-1': 100.4, 'm8-1': 110.69}",0.13349999999999795,202.19,inf,202.279,202.279,202.279
916,T6,BESTEFFORT,MISSED,m6-1,92.422,"{'m1-1': 110.97, 'm2-1': 1.0, 'm3-1': 1.12, 'm4-1': 10.95, 'm5-1': 24.48, 'm6-1': 1.07, 'm7-1': 100.36, 'm8-1': 95.73}",0.21450000000000102,202.279,inf,202.422,202.422,202.422
917,T9,BESTEFFORT,MISSED,m6-1,92.657,"{'m1-1': 108.4, 'm2-1': 1.03, 'm3-1': 1.05, 'm4-1': 9.51, 'm5-1': 26.37, 'm6-1': 1.09, 'm7-1': 94.13, 'm8-1': 106.79}",0.35249999999997783,202.422,inf,202.65699999999998,202.65699999999998,202.65699999999998
918,T1,BESTEFFORT,MISSED,m6-1,92.704,"{'m1-1': 113.82, 'm2-1': 1.03, 'm3-1': 1.02, 'm4-1': 9.48, 'm5-1': 25.12, 'm6-1': 0.93, 'm7-1': 92.18, 'm8-1': 101.73}",0.0705000000000382,202.65699999999998,inf,202.704,202.704,202.704
919,T8,BESTEFFORT,MISSED,m6-1,92.789,"{'m1-1': 107.01, 'm2-1': 0.97, 'm3-1': 1.01, 'm4-1': 10.71, 'm5-1': 25.86, 'm6-1': 1.07, 'm7-1': 110.99, 'm8-1': 106.57}",0.1274999999999693,202.704,inf,202.789,202.789,202.789
920,T2,BESTEFFORT,MISSED,m2-1,92.839,"{'m1-1': 112.09, 'm2-1': 1.11, 'm3-1': 1.07, 'm4-1': 10.72, 'm5-1': 23.03, 'm6-1': 1.09, 'm7-1': 101.93, 'm8-1': 107.27}",1.4324999999999761,201.88400000000001,inf,202.839,202.839,202.839
921,T8,BESTEFFORT,MISSED,m6-1,92.992,"{'m1-1': 111.81, 'm2-1': 1.11, 'm3-1': 1.15, 'm4-1': 11.48, 'm5-1': 26.03, 'm6-1': 0.96, 'm7-1': 100.91, 'm8-1': 95.76}",0.30450000000004707,202.789,inf,202.99200000000002,202.99200000000002,202.99200000000002
922,T6,BESTEFFORT,MISSED,m6-1,93.06,"{'m1-1': 106.78, 'm2-1': 1.04, 'm3-1': 1.06, 'm4-1': 11.16, 'm5-1': 27.85, 'm6-1': 1.05, 'm7-1': 108.36, 'm8-1': 110.05}",0.10199999999997544,202.99200000000002,inf,203.06,203.06,203.06
923,T9,BESTEFFORT,MISSED,m6-1,93.214,"{'m1-1': 108.87, 'm2-1': 0.94, 'm3-1': 1.03, 'm4-1': 9.38, 'm5-1': 27.62, 'm6-1': 1.06, 'm7-1': 94.19, 'm8-1': 99.53}",0.23099999999999454,203.06,inf,203.214,203.214,203.214
924,T2,BESTEFFORT,MISSED,m6-1,93.565,"{'m1-1': 108.86, 'm2-1': 0.98, 'm3-1': 1.1, 'm4-1': 9.69, 'm5-1': 24.84, 'm6-1': 1.11, 'm7-1': 104.23, 'm8-1': 116.25}",0.5264999999999986,203.214,inf,203.565,203.565,203.565
925,T5,BESTEFFORT,COMPLETED,m3-1,93.598,"{'m1-1': 100.52, 'm2-1': 1.1, 'm3-1': 0.97, 'm4-1': 10.13, 'm5-1': 26.28, 'm6-1': 1.02, 'm7-1': 105.82, 'm8-1': 100.43}",1.455,202.228,203.198,inf,203.598,203.598
926,T2,BESTEFFORT,MISSED,m6-1,93.6,"{'m1-1': 105.13, 'm2-1': 1.02, 'm3-1': 1.13, 'm4-1': 9.26, 'm5-1': 23.52, 'm6-1': 1.12, 'm7-1': 105.69, 'm8-1': 100.49}",0.052499999999994884,203.565,inf,203.6,203.6,203.6
927,T1,BESTEFFORT,MISSED,m2-1,93.619,"{'m1-1': 108.49, 'm2-1': 1.08, 'm3-1': 1.03, 'm4-1': 10.0, 'm5-1': 27.59, 'm6-1': 0.98, 'm7-1': 94.22, 'm8-1': 115.93}",1.1700000000000017,202.839,inf,203.619,203.619,203.619
928,T5,BESTEFFORT,MISSED,m3-1,93.776,"{'m1-1': 107.53, 'm2-1': 1.08, 'm3-1': 1.03, 'm4-1': 9.76, 'm5-1': 26.96, 'm6-1': 1.04, 'm7-1': 110.15, 'm8-1': 95.89}",0.8670000000000044,203.198,inf,203.776,203.776,203.776
929,T9,BESTEFFORT,MISSED,m2-1,94.32,"{'m1-1': 106.18, 'm2-1': 0.96, 'm3-1': 0.95, 'm4-1': 9.6, 'm5-1': 24.93, 'm6-1': 1.0, 'm7-1': 101.56, 'm8-1': 102.26}",1.05149999999999,203.619,inf,204.32,204.32,204.32
930,T1,BESTEFFORT,MISSED,m6-1,94.509,"{'m1-1': 104.48, 'm2-1': 1.06, 'm3-1': 1.09, 'm4-1': 9.77, 'm5-1': 26.76, 'm6-1': 0.98, 'm7-1': 94.69, 'm8-1': 100.21}",1.3635000000000304,203.6,inf,204.50900000000001,204.50900000000001,204.50900000000001
931,T9,BESTEFFORT,MISSED,m6-1,94.677,"{'m1-1': 110.88, 'm2-1': 0.96, 'm3-1': 1.05, 'm4-1': 9.24, 'm5-1': 27.78, 'm6-1': 1.04, 'm7-1': 98.0, 'm8-1': 102.64}",0.25200000000000955,204.50900000000001,inf,204.67700000000002,204.67700000000002,204.67700000000002
932,T6,BESTEFFORT,MISSED,m6-1,94.857,"{'m1-1': 101.01, 'm2-1': 1.01, 'm3-1': 1.14, 'm4-1': 10.58, 'm5-1': 26.35, 'm6-1': 1.07, 'm7-1': 112.06, 'm8-1': 103.6}",0.2699999999999676,204.67700000000002,inf,204.857,204.857,204.857
933,T6,BESTEFFORT,MISSED,m2-1,94.913,"{'m1-1': 104.43, 'm2-1': 0.94, 'm3-1': 1.12, 'm4-1': 11.28, 'm5-1': 26.74, 'm6-1': 1.08, 'm7-1': 104.74, 'm8-1': 105.33}",0.8895000000000266,204.32,inf,204.913,204.913,204.913
934,T7,BESTEFFORT,MISSED,m2-1,94.977,"{'m1-1': 106.56, 'm2-1': 1.14, 'm3-1': 1.0, 'm4-1': 10.76, 'm5-1': 26.3, 'm6-1': 1.03, 'm7-1': 106.64, 'm8-1': 99.65}",0.09599999999998943,204.913,inf,204.977,204.977,204.977
935,T2,BESTEFFORT,MISSED,m2-1,95.08,"{'m1-1': 115.22, 'm2-1': 1.05, 'm3-1': 1.08, 'm4-1': 9.38, 'm5-1': 24.11, 'm6-1': 1.08, 'm7-1': 116.32, 'm8-1': 108.05}",0.15449999999997033,204.977,inf,205.07999999999998,205.07999999999998,205.07999999999998
936,T7,BESTEFFORT,MISSED,m2-1,95.26,"{'m1-1': 100.76, 'm2-1': 1.11, 'm3-1': 0.96, 'm4-1': 10.8, 'm5-1': 26.9, 'm6-1': 1.07, 'm7-1': 99.32, 'm8-1': 111.12}",0.27000000000001023,205.07999999999998,inf,205.26,205.26,205.26
937,T6,BESTEFFORT,MISSED,m6-1,95.261,"{'m1-1': 107.88, 'm2-1': 1.03, 'm3-1': 1.11, 'm4-1': 10.99, 'm5-1': 26.93, 'm6-1': 1.08, 'm7-1': 106.12, 'm8-1': 103.52}",0.6059999999999945,204.857,inf,205.261,205.261,205.261
938,T2,BESTEFFORT,MISSED,m2-1,95.541,"{'m1-1': 108.72, 'm2-1': 1.1, 'm3-1': 1.11, 'm4-1': 9.7, 'm5-1': 25.82, 'm6-1': 1.09, 'm7-1': 108.82, 'm8-1': 111.59}",0.42150000000000887,205.26,inf,205.541,205.541,205.541
939,T2,BESTEFFORT,COMPLETED,m3-1,95.681,"{'m1-1': 105.16, 'm2-1': 1.1, 'm3-1': 1.07, 'm4-1': 10.12, 'm5-1': 26.84, 'm6-1': 1.02, 'm7-1': 113.04, 'm8-1': 115.36}",1.605,203.776,204.846,inf,205.68099999999998,205.68099999999998
940,T9,BESTEFFORT,MISSED,m2-1,95.751,"{'m1-1': 103.1, 'm2-1': 1.07, 'm3-1': 0.98, 'm4-1': 9.32, 'm5-1': 24.26, 'm6-1': 1.0, 'm7-1': 102.35, 'm8-1': 104.84}",0.31500000000001194,205.541,inf,205.751,205.751,205.751
941,T10,BESTEFFORT,COMPLETED,m3-1,95.892,"{'m1-1': 102.27, 'm2-1': 1.11, 'm3-1': 1.0, 'm4-1': 10.16, 'm5-1': 27.45, 'm6-1': 0.97, 'm7-1': 102.25, 'm8-1': 104.36}",1.5,204.846,205.846,inf,205.892,205.892
942,T7,BESTEFFORT,MISSED,m2-1,95.92,"{'m1-1': 118.62, 'm2-1': 1.13, 'm3-1': 1.02, 'm4-1': 9.78, 'm5-1': 25.76, 'm6-1': 1.18, 'm7-1': 113.78, 'm8-1': 95.84}",0.2535000000000167,205.751,inf,205.92000000000002,205.92000000000002,205.92000000000002
943,T6,BESTEFFORT,COMPLETED,m6-1,96.405,"{'m1-1': 104.97, 'm2-1': 0.95, 'm3-1': 0.98, 'm4-1': 10.81, 'm5-1': 26.48, 'm6-1': 0.96, 'm7-1': 102.95, 'm8-1': 102.98}",1.44,205.261,206.221,inf,206.405,206.405
944,T10,BESTEFFORT,MISSED,m6-1,96.705,"{'m1-1': 96.72, 'm2-1': 1.08, 'm3-1': 1.0, 'm4-1': 11.3, 'm5-1': 25.04, 'm6-1': 0.97, 'm7-1': 101.25, 'm8-1': 95.08}",0.7259999999999707,206.221,inf,206.70499999999998,206.70499999999998,206.70499999999998
945,T9,BESTEFFORT,MISSED,m2-1,96.72,"{'m1-1': 109.07, 'm2-1': 1.11, 'm3-1': 1.07, 'm4-1': 9.36, 'm5-1': 27.62, 'm6-1': 1.02, 'm7-1': 95.83, 'm8-1': 112.92}",1.1999999999999744,205.92000000000002,inf,206.72,206.72,206.72
946,T9,BESTEFFORT,MISSED,m2-1,96.833,"{'m1-1': 101.11, 'm2-1': 0.97, 'm3-1': 1.03, 'm4-1': 10.46, 'm5-1': 24.75, 'm6-1': 1.01, 'm7-1': 97.54, 'm8-1': 104.88}",0.16949999999999932,206.72,inf,206.833,206.833,206.833
947,T10,BESTEFFORT,COMPLETED,m3-1,97.082,"{'m1-1': 97.13, 'm2-1': 1.03, 'm3-1': 1.06, 'm4-1': 11.52, 'm5-1': 25.02, 'm6-1': 0.98, 'm7-1': 94.71, 'm8-1': 98.06}",1.59,205.846,206.906,inf,207.082,207.082
948,T7,BESTEFFORT,MISSED,m3-1,97.187,"{'m1-1': 101.55, 'm2-1': 1.15, 'm3-1': 1.1, 'm4-1': 9.87, 'm5-1': 24.3, 'm6-1': 1.04, 'm7-1': 113.38, 'm8-1': 100.14}",0.42150000000000887,206.906,inf,207.187,207.187,207.187
949,T10,BESTEFFORT,MISSED,m6-1,97.207,"{'m1-1': 105.27, 'm2-1': 1.02, 'm3-1': 1.0, 'm4-1': 11.0, 'm5-1': 24.6, 'm6-1': 1.01, 'm7-1': 106.38, 'm8-1': 96.06}",0.7530000000000143,206.70499999999998,inf,207.207,207.207,207.207
950,T6,BESTEFFORT,MISSED,m6-1,97.369,"{'m1-1': 100.62, 'm2-1': 0.96, 'm3-1': 1.06, 'm4-1': 10.8, 'm5-1': 26.72, 'm6-1': 1.06, 'm7-1': 105.98, 'm8-1': 99.55}",0.2430000000000092,207.207,inf,207.369,207.369,207.369
951,T2,BESTEFFORT,MISSED,m2-1,97.404,"{'m1-1': 115.38, 'm2-1': 0.96, 'm3-1': 1.01, 'm4-1': 9.81, 'm5-1': 23.87, 'm6-1': 1.01, 'm7-1': 100.42, 'm8-1': 100.67}",0.8564999999999969,206.833,inf,207.404,207.404,207.404
952,T2,BESTEFFORT,COMPLETED,m2-1,98.485,"{'m1-1': 115.38, 'm2-1': 1.08, 'm3-1': 1.1, 'm4-1': 9.3, 'm5-1': 24.3, 'm6-1': 1.09, 'm7-1': 112.69, 'm8-1': 115.11}",1.62,207.404,208.484,inf,208.485,208.485
953,T2,BESTEFFORT,MISSED,m2-1,98.82,"{'m1-1': 98.76, 'm2-1': 1.01, 'm3-1': 0.99, 'm4-1': 10.85, 'm5-1': 26.27, 'm6-1': 1.11, 'm7-1': 102.81, 'm8-1': 103.35}",0.5039999999999765,208.484,inf,208.82,208.82,208.82
954,T1,BESTEFFORT,COMPLETED,m6-1,98.92,"{'m1-1': 104.23, 'm2-1': 1.1, 'm3-1': 1.16, 'm4-1': 10.58, 'm5-1': 27.36, 'm6-1': 1.0, 'm7-1': 95.17, 'm8-1': 102.28}",1.5,207.369,208.369,inf,208.92000000000002,208.92000000000002
955,T1,BESTEFFORT,MISSED,m2-1,99.015,"{'m1-1': 104.74, 'm2-1': 1.1, 'm3-1': 1.13, 'm4-1': 9.99, 'm5-1': 27.83, 'm6-1': 0.96, 'm7-1': 96.21, 'm8-1': 101.16}",0.29249999999998977,208.82,inf,209.015,209.015,209.015
956,T10,BESTEFFORT,COMPLETED,m6-1,99.577,"{'m1-1': 112.98, 'm2-1': 1.01, 'm3-1': 0.94, 'm4-1': 11.25, 'm5-1': 28.19, 'm6-1': 1.11, 'm7-1': 94.85, 'm8-1': 92.66}",1.665,208.369,209.479,inf,209.577,209.577
957,T10,BESTEFFORT,COMPLETED,m3-1,99.594,"{'m1-1': 102.34, 'm2-1': 1.17, 'm3-1': 1.05, 'm4-1': 10.23, 'm5-1': 25.41, 'm6-1': 1.08, 'm7-1': 103.23, 'm8-1': 101.78}",1.5750000000000002,207.187,208.23700000000002,inf,209.594,209.594
958,T9,BESTEFFORT,COMPLETED,m3-1,100.092,"{'m1-1': 117.06, 'm2-1': 0.95, 'm3-1': 1.04, 'm4-1': 10.53, 'm5-1': 24.18, 'm6-1': 1.07, 'm7-1': 102.62, 'm8-1': 111.12}",1.56,208.23700000000002,209.27700000000002,inf,210.09199999999998,210.09199999999998
959,T2,BESTEFFORT,MISSED,m6-1,100.55,"{'m1-1': 110.27, 'm2-1': 0.97, 'm3-1': 1.15, 'm4-1': 10.12, 'm5-1': 23.35, 'm6-1': 1.08, 'm7-1': 103.85, 'm8-1': 105.06}",1.606499999999997,209.479,inf,210.55,210.55,210.55
960,T2,BESTEFFORT,COMPLETED,m3-1,101.072,"{'m1-1': 98.82, 'm2-1': 1.04, 'm3-1': 1.05, 'm4-1': 9.52, 'm5-1': 25.37, 'm6-1': 1.11, 'm7-1': 108.98, 'm8-1': 109.6}",1.5750000000000002,209.27700000000002,210.32700000000003,inf,211.072,211.072
961,T6,BESTEFFORT,COMPLETED,m2-1,101.166,"{'m1-1': 107.28, 'm2-1': 1.09, 'm3-1': 1.12, 'm4-1': 10.28, 'm5-1': 24.23, 'm6-1': 1.01, 'm7-1': 100.4, 'm8-1': 111.02}",1.6350000000000002,209.015,210.105,inf,211.166,211.166
962,T7,BESTEFFORT,MISSED,m2-1,101.179,"{'m1-1': 109.53, 'm2-1': 1.15, 'm3-1': 1.02, 'm4-1': 10.11, 'm5-1': 23.89, 'm6-1': 1.03, 'm7-1': 99.48, 'm8-1': 109.55}",1.6110000000000184,210.105,inf,211.179,211.179,211.179
963,T2,BESTEFFORT,MISSED,m2-1,101.253,"{'m1-1': 115.24, 'm2-1': 1.0, 'm3-1': 1.12, 'm4-1': 9.3, 'm5-1': 25.82, 'm6-1': 1.14, 'm7-1': 113.15, 'm8-1': 100.64}",0.11099999999997578,211.179,inf,211.253,211.253,211.253
964,T1,BESTEFFORT,MISSED,m6-1,101.58,"{'m1-1': 100.97, 'm2-1': 1.02, 'm3-1': 1.03, 'm4-1': 9.91, 'm5-1': 26.26, 'm6-1': 1.03, 'm7-1': 98.2, 'm8-1': 99.98}",1.544999999999959,210.55,inf,211.57999999999998,211.57999999999998,211.57999999999998
965,T7,BESTEFFORT,COMPLETED,m3-1,102.003,"{'m1-1': 109.55, 'm2-1': 1.15, 'm3-1': 1.08, 'm4-1': 10.57, 'm5-1': 25.63, 'm6-1': 1.02, 'm7-1': 103.54, 'm8-1': 112.53}",1.62,210.32700000000003,211.40700000000004,inf,212.003,212.003
966,T7,BESTEFFORT,MISSED,m3-1,102.043,"{'m1-1': 105.94, 'm2-1': 0.98, 'm3-1': 1.08, 'm4-1': 9.68, 'm5-1': 27.49, 'm6-1': 1.04, 'm7-1': 110.43, 'm8-1': 106.39}",0.9539999999999509,211.40700000000004,inf,212.043,212.043,212.043
967,T6,BESTEFFORT,MISSED,m2-1,102.052,"{'m1-1': 97.52, 'm2-1': 1.08, 'm3-1': 1.0, 'm4-1': 11.1, 'm5-1': 25.83, 'm6-1': 0.95, 'm7-1': 111.42, 'm8-1': 99.84}",1.1985000000000525,211.253,inf,212.05200000000002,212.05200000000002,212.05200000000002
968,T7,BESTEFFORT,MISSED,m3-1,102.245,"{'m1-1': 113.99, 'm2-1': 1.08, 'm3-1': 1.06, 'm4-1': 9.86, 'm5-1': 23.62, 'm6-1': 1.11, 'm7-1': 106.67, 'm8-1': 97.01}",0.30299999999999727,212.043,inf,212.245,212.245,212.245
969,T2,BESTEFFORT,MISSED,m3-1,102.47,"{'m1-1': 110.94, 'm2-1': 1.0, 'm3-1': 1.15, 'm4-1': 10.03, 'm5-1': 23.07, 'm6-1': 1.16, 'm7-1': 106.87, 'm8-1': 114.17}",0.3374999999999915,212.245,inf,212.47,212.47,212.47
970,T6,BESTEFFORT,COMPLETED,m6-1,102.723,"{'m1-1': 98.79, 'm2-1': 0.95, 'm3-1': 1.06, 'm4-1': 11.72, 'm5-1': 27.61, 'm6-1': 1.03, 'm7-1': 102.17, 'm8-1': 101.13}",1.545,211.57999999999998,212.60999999999999,inf,212.723,212.723
971,T10,BESTEFFORT,MISSED,m3-1,102.726,"{'m1-1': 107.98, 'm2-1': 1.04, 'm3-1': 1.1, 'm4-1': 11.12, 'm5-1': 27.49, 'm6-1': 1.07, 'm7-1': 104.85, 'm8-1': 93.63}",0.38400000000000034,212.47,inf,212.726,212.726,212.726
972,T10,BESTEFFORT,MISSED,m6-1,102.917,"{'m1-1': 97.62, 'm2-1': 1.13, 'm3-1': 0.97, 'm4-1': 10.79, 'm5-1': 28.54, 'm6-1': 1.12, 'm7-1': 106.29, 'm8-1': 94.39}",0.46050000000002456,212.60999999999999,inf,212.917,212.917,212.917
973,T1,BESTEFFORT,MISSED,m6-1,103.494,"{'m1-1': 114.82, 'm2-1': 1.12, 'm3-1': 1.03, 'm4-1': 10.61, 'm5-1': 23.63, 'm6-1': 0.97, 'm7-1': 102.69, 'm8-1': 115.38}",0.8654999999999973,212.917,inf,213.494,213.494,213.494
974,T6,BESTEFFORT,COMPLETED,m2-1,103.777,"{'m1-1': 99.96, 'm2-1': 1.11, 'm3-1': 1.05, 'm4-1': 10.37, 'm5-1': 24.33, 'm6-1': 0.94, 'm7-1': 114.14, 'm8-1': 103.83}",1.665,212.05200000000002,213.16200000000003,inf,213.777,213.777
975,T2,BESTEFFORT,COMPLETED,m2-1,104.239,"{'m1-1': 114.16, 'm2-1': 0.97, 'm3-1': 1.04, 'm4-1': 10.31, 'm5-1': 24.47, 'm6-1': 1.06, 'm7-1': 109.8, 'm8-1': 111.0}",1.455,213.16200000000003,214.13200000000003,inf,214.239,214.239
976,T6,BESTEFFORT,MISSED,m6-1,104.303,"{'m1-1': 99.13, 'm2-1': 1.04, 'm3-1': 1.12, 'm4-1': 11.16, 'm5-1': 26.59, 'm6-1': 0.96, 'm7-1': 103.09, 'm8-1': 99.77}",1.2134999999999962,213.494,inf,214.303,214.303,214.303
977,T2,BESTEFFORT,COMPLETED,m3-1,104.319,"{'m1-1': 109.3, 'm2-1': 1.12, 'm3-1': 1.02, 'm4-1': 9.97, 'm5-1': 26.41, 'm6-1': 1.17, 'm7-1': 113.44, 'm8-1': 105.89}",1.53,212.726,213.746,inf,214.31900000000002,214.31900000000002
978,T6,BESTEFFORT,MISSED,m6-1,104.338,"{'m1-1': 99.76, 'm2-1': 1.05, 'm3-1': 1.02, 'm4-1': 10.88, 'm5-1': 23.92, 'm6-1': 0.94, 'm7-1': 111.44, 'm8-1': 95.42}",0.052499999999994884,214.303,inf,214.338,214.338,214.338
979,T10,BESTEFFORT,MISSED,m3-1,104.449,"{'m1-1': 104.99, 'm2-1': 1.01, 'm3-1': 1.01, 'm4-1': 10.07, 'm5-1': 26.06, 'm6-1': 1.06, 'm7-1': 92.11, 'm8-1': 109.1}",1.0545000000000044,213.746,inf,214.449,214.449,214.449
980,T6,BESTEFFORT,MISSED,m6-1,105.214,"{'m1-1': 98.67, 'm2-1': 1.06, 'm3-1': 0.98, 'm4-1': 11.62, 'm5-1': 24.75, 'm6-1': 1.05, 'm7-1': 105.84, 'm8-1': 111.4}",1.3140000000000072,214.338,inf,215.214,215.214,215.214
981,T2,BESTEFFORT,MISSED,m6-1,105.398,"{'m1-1': 109.98, 'm2-1': 1.12, 'm3-1': 1.15, 'm4-1': 9.43, 'm5-1': 23.95, 'm6-1': 1.09, 'm7-1': 111.42, 'm8-1': 117.36}",0.27599999999999625,215.214,inf,215.398,215.398,215.398
982,T7,BESTEFFORT,COMPLETED,m3-1,105.764,"{'m1-1': 114.13, 'm2-1': 1.1, 'm3-1': 0.93, 'm4-1': 10.44, 'm5-1': 24.21, 'm6-1': 1.05, 'm7-1': 99.28, 'm8-1': 104.73}",1.395,214.449,215.37900000000002,inf,215.764,215.764
983,T1,BESTEFFORT,MISSED,m3-1,105.973,"{'m1-1': 110.95, 'm2-1': 1.03, 'm3-1': 1.09, 'm4-1': 9.96, 'm5-1': 25.13, 'm6-1': 1.02, 'm7-1': 92.18, 'm8-1': 111.05}",0.8909999999999911,215.37900000000002,inf,215.973,215.973,215.973
984,T1,BESTEFFORT,MISSED,m6-1,106.036,"{'m1-1': 105.98, 'm2-1': 1.07, 'm3-1': 1.12, 'm4-1': 10.98, 'm5-1': 25.82, 'm6-1': 1.01, 'm7-1': 101.74, 'm8-1': 107.03}",0.9570000000000078,215.398,inf,216.036,216.036,216.036
985,T6,BESTEFFORT,COMPLETED,m2-1,106.561,"{'m1-1': 95.06, 'm2-1': 0.98, 'm3-1': 1.09, 'm4-1': 11.58, 'm5-1': 27.35, 'm6-1': 0.93, 'm7-1': 99.17, 'm8-1': 96.78}",1.47,214.13200000000003,215.11200000000002,inf,216.561,216.561
986,T1,BESTEFFORT,MISSED,m3-1,107.018,"{'m1-1': 103.94, 'm2-1': 1.13, 'm3-1': 1.16, 'm4-1': 10.41, 'm5-1': 25.85, 'm6-1': 1.05, 'm7-1': 106.06, 'm8-1': 102.33}",1.5674999999999812,215.973,inf,217.018,217.018,217.018
987,T6,BESTEFFORT,COMPLETED,m6-1,107.24,"{'m1-1': 103.07, 'm2-1': 1.0, 'm3-1': 1.08, 'm4-1': 10.08, 'm5-1': 25.56, 'm6-1': 1.07, 'm7-1': 107.48, 'm8-1': 98.47}",1.605,216.036,217.106,inf,217.24,217.24
988,T6,BESTEFFORT,MISSED,m6-1,107.581,"{'m1-1': 95.19, 'm2-1': 1.02, 'm3-1': 1.08, 'm4-1': 11.52, 'm5-1': 28.42, 'm6-1': 1.02, 'm7-1': 106.92, 'm8-1': 110.86}",0.7125000000000341,217.106,inf,217.58100000000002,217.58100000000002,217.58100000000002
989,T1,BESTEFFORT,MISSED,m3-1,107.846,"{'m1-1': 100.91, 'm2-1': 1.15, 'm3-1': 1.18, 'm4-1': 10.56, 'm5-1': 25.5, 'm6-1': 0.99, 'm7-1': 93.07, 'm8-1': 106.64}",1.2420000000000044,217.018,inf,217.846,217.846,217.846
990,T2,BESTEFFORT,MISSED,m3-1,108.318,"{'m1-1': 104.02, 'm2-1': 0.98, 'm3-1': 1.01, 'm4-1': 11.0, 'm5-1': 24.64, 'm6-1': 1.08, 'm7-1': 112.21, 'm8-1': 106.12}",0.70799999999997,217.846,inf,218.31799999999998,218.31799999999998,218.31799999999998
991,T1,BESTEFFORT,COMPLETED,m2-1,108.585,"{'m1-1': 115.36, 'm2-1': 1.05, 'm3-1': 1.04, 'm4-1': 10.89, 'm5-1': 25.83, 'm6-1': 0.99, 'm7-1': 104.41, 'm8-1': 108.29}",1.5750000000000002,215.11200000000002,216.16200000000003,inf,218.58499999999998,218.58499999999998
992,T2,BESTEFFORT,COMPLETED,m2-1,108.605,"{'m1-1': 102.86, 'm2-1': 1.07, 'm3-1': 1.14, 'm4-1': 10.24, 'm5-1': 25.61, 'm6-1': 1.02, 'm7-1': 112.8, 'm8-1': 104.45}",1.605,216.16200000000003,217.23200000000003,inf,218.60500000000002,218.60500000000002
993,T1,BESTEFFORT,COMPLETED,m6-1,109.027,"{'m1-1': 104.58, 'm2-1': 0.99, 'm3-1': 1.17, 'm4-1': 10.53, 'm5-1': 25.86, 'm6-1': 0.97, 'm7-1': 103.63, 'm8-1': 102.87}",1.455,217.58100000000002,218.55100000000002,inf,219.027,219.027
994,T1,BESTEFFORT,COMPLETED,m6-1,109.63,"{'m1-1': 109.07, 'm2-1': 1.09, 'm3-1': 1.14, 'm4-1': 9.96, 'm5-1': 23.82, 'm6-1': 1.0, 'm7-1': 94.57, 'm8-1': 99.91}",1.5,218.55100000000002,219.55100000000002,inf,219.63,219.63
995,T1,BESTEFFORT,COMPLETED,m3-1,110.33,"{'m1-1': 106.23, 'm2-1': 1.11, 'm3-1': 1.14, 'm4-1': 10.38, 'm5-1': 27.1, 'm6-1': 1.06, 'm7-1': 101.91, 'm8-1': 103.11}",1.71,218.31799999999998,219.45799999999997,inf,220.32999999999998,220.32999999999998
996,T2,BESTEFFORT,COMPLETED,m3-1,111.108,"{'m1-1': 105.35, 'm2-1': 1.07, 'm3-1': 1.1, 'm4-1': 9.7, 'm5-1': 24.99, 'm6-1': 1.03, 'm7-1': 115.09, 'm8-1': 102.45}",1.6500000000000001,219.45799999999997,220.55799999999996,inf,221.108,221.108
997,T2,BESTEFFORT,MISSED,m3-1,111.375,"{'m1-1': 104.88, 'm2-1': 0.96, 'm3-1': 1.08, 'm4-1': 10.12, 'm5-1': 25.7, 'm6-1': 1.01, 'm7-1': 104.2, 'm8-1': 102.69}",1.2255000000000535,220.55799999999996,inf,221.375,221.375,221.375
998,T1,BESTEFFORT,COMPLETED,m6-1,111.566,"{'m1-1': 110.47, 'm2-1': 1.15, 'm3-1': 1.07, 'm4-1': 9.47, 'm5-1': 25.85, 'm6-1': 1.07, 'm7-1': 102.94, 'm8-1': 111.78}",1.605,219.55100000000002,220.621,inf,221.566,221.566
999,T1,BESTEFFORT,MISSED,m3-1,111.584,"{'m1-1': 103.17, 'm2-1': 1.11, 'm3-1': 1.08, 'm4-1': 9.58, 'm5-1': 27.65, 'm6-1': 0.98, 'm7-1': 98.63, 'm8-1': 100.17}",0.3135000000000048,221.375,inf,221.584,221.584,221.584
